date;open;high;low;close;volume
26.03.2010;16,68;16,73;14,93;15,00;1391771,00
29.03.2010;15,21;15,29;14,97;15,03;383675,00
30.03.2010;15,18;15,78;15,10;15,10;411220,00
31.03.2010;15,19;15,62;15,07;15,23;258582,00
01.04.2010;15,50;15,57;15,22;15,50;137842,00
06.04.2010;15,80;16,48;15,79;16,48;370308,00
07.04.2010;16,57;16,95;16,21;16,21;452044,00
08.04.2010;16,38;16,48;16,05;16,40;105506,00
09.04.2010;16,50;16,90;16,50;16,75;86949,00
12.04.2010;16,91;16,95;16,60;16,60;62312,00
13.04.2010;16,70;16,75;16,17;16,24;64499,00
14.04.2010;16,50;16,50;16,17;16,20;139516,00
15.04.2010;16,23;16,25;16,15;16,25;98368,00
16.04.2010;16,25;16,25;16,00;16,00;65887,00
19.04.2010;16,00;16,15;15,72;15,84;128008,00
20.04.2010;15,80;16,28;15,80;16,20;106045,00
21.04.2010;16,20;16,38;16,05;16,38;77137,00
22.04.2010;16,25;16,39;16,16;16,25;76373,00
23.04.2010;16,25;16,48;16,20;16,39;50769,00
26.04.2010;16,43;16,60;16,43;16,43;83919,00
27.04.2010;16,50;16,50;16,10;16,14;50785,00
28.04.2010;16,10;16,26;15,90;16,10;114443,00
29.04.2010;16,39;16,40;15,90;15,95;139416,00
30.04.2010;15,98;16,00;15,85;15,85;37227,00
03.05.2010;15,85;15,85;15,44;15,59;110766,00
04.05.2010;15,61;15,79;15,20;15,20;125167,00
05.05.2010;15,00;15,18;14,45;15,00;207149,00
06.05.2010;14,90;15,00;14,51;14,92;95897,00
07.05.2010;14,49;15,19;14,17;14,70;116775,00
10.05.2010;14,87;15,75;14,87;15,60;84602,00
11.05.2010;15,58;15,66;15,35;15,59;56173,00
12.05.2010;15,52;15,70;15,52;15,67;23510,00
14.05.2010;15,68;15,68;15,41;15,60;19334,00
17.05.2010;15,30;15,44;15,17;15,19;82740,00
18.05.2010;15,17;15,59;15,17;15,49;33698,00
19.05.2010;15,26;15,51;15,00;15,20;38127,00
20.05.2010;15,20;15,35;14,39;14,65;71881,00
21.05.2010;14,64;15,03;14,32;15,00;258568,00
24.05.2010;15,01;15,30;14,82;15,00;11947,00
25.05.2010;14,90;14,90;14,42;14,55;91851,00
26.05.2010;14,70;15,08;14,57;14,85;56860,00
27.05.2010;14,79;15,33;14,79;15,33;81633,00
28.05.2010;15,48;15,48;15,06;15,06;44302,00
31.05.2010;15,10;15,15;14,93;14,93;7694,00
01.06.2010;14,90;15,20;14,65;15,05;17557,00
02.06.2010;14,97;15,20;14,79;14,89;117415,00
03.06.2010;15,20;15,30;15,01;15,27;111244,00
04.06.2010;15,26;15,32;14,83;14,83;85056,00
07.06.2010;14,80;15,30;14,70;15,00;55851,00
08.06.2010;15,05;15,15;14,91;14,91;70774,00
09.06.2010;15,10;15,25;15,04;15,25;78246,00
10.06.2010;15,20;15,63;15,15;15,63;87491,00
11.06.2010;15,52;15,96;15,52;15,92;78708,00
14.06.2010;15,97;16,09;15,86;16,08;58235,00
15.06.2010;16,08;16,08;15,81;15,90;149305,00
16.06.2010;16,00;16,03;15,50;15,65;61084,00
17.06.2010;15,65;16,00;15,60;15,70;169543,00
18.06.2010;15,98;16,14;15,76;15,99;40510,00
21.06.2010;16,02;16,22;16,01;16,19;22465,00
22.06.2010;16,15;16,39;16,08;16,39;162486,00
23.06.2010;16,35;16,38;16,00;16,38;71862,00
24.06.2010;16,25;16,38;16,02;16,05;15951,00
28.06.2010;16,02;16,05;15,52;15,60;19401,00
29.06.2010;15,52;15,65;15,15;15,20;51940,00
30.06.2010;15,34;15,40;15,25;15,40;36772,00
01.07.2010;15,63;15,63;15,20;15,39;25759,00
02.07.2010;15,38;15,70;15,38;15,65;24906,00
05.07.2010;15,50;15,75;15,30;15,70;22858,00
06.07.2010;15,50;15,75;15,50;15,60;48359,00
07.07.2010;15,74;15,74;15,45;15,50;60187,00
08.07.2010;15,74;15,78;15,45;15,76;42265,00
09.07.2010;15,57;16,24;15,53;15,90;193644,00
12.07.2010;15,80;16,25;15,80;16,24;52102,00
13.07.2010;16,20;16,36;16,10;16,35;21002,00
14.07.2010;16,44;16,44;16,24;16,35;10705,00
15.07.2010;16,35;16,38;16,20;16,34;6734,00
16.07.2010;16,34;16,34;16,05;16,22;3125,00
19.07.2010;16,00;16,32;15,91;16,20;30366,00
20.07.2010;16,00;16,30;15,75;15,75;50308,00
21.07.2010;16,22;16,22;15,85;16,18;24405,00
22.07.2010;16,19;16,26;15,91;16,26;19019,00
23.07.2010;16,31;16,35;16,07;16,33;132850,00
26.07.2010;16,34;16,34;16,23;16,30;11425,00
27.07.2010;16,30;16,50;16,30;16,38;298039,00
28.07.2010;16,49;16,49;16,31;16,48;10967,00
29.07.2010;16,43;16,50;16,33;16,33;17078,00
30.07.2010;16,33;16,48;16,25;16,25;12397,00
02.08.2010;16,26;16,40;16,25;16,40;29670,00
03.08.2010;16,35;16,40;16,25;16,35;21047,00
04.08.2010;16,30;16,34;16,25;16,30;60785,00
05.08.2010;16,31;16,50;16,26;16,48;56570,00
06.08.2010;16,50;16,56;16,40;16,54;38289,00
09.08.2010;16,49;16,60;16,41;16,60;62306,00
10.08.2010;16,60;16,80;16,25;16,25;121523,00
11.08.2010;16,68;16,87;16,19;16,40;371518,00
12.08.2010;16,35;16,70;16,21;16,48;73490,00
13.08.2010;16,69;16,69;16,52;16,55;22281,00
16.08.2010;16,57;16,69;16,50;16,56;35896,00
17.08.2010;16,56;16,70;16,28;16,60;22163,00
18.08.2010;16,40;16,60;16,31;16,60;59598,00
19.08.2010;16,62;16,64;16,20;16,20;55824,00
20.08.2010;16,20;16,32;16,05;16,27;46156,00
23.08.2010;16,27;16,44;15,90;15,92;41920,00
24.08.2010;15,93;15,97;15,68;15,79;133572,00
25.08.2010;15,79;15,93;15,11;15,19;127563,00
26.08.2010;15,23;15,30;15,11;15,19;91811,00
27.08.2010;15,30;15,40;15,09;15,25;41103,00
30.08.2010;15,25;15,40;15,22;15,39;24026,00
31.08.2010;15,20;15,50;15,19;15,49;42723,00
01.09.2010;15,46;15,82;15,30;15,82;30872,00
02.09.2010;15,85;15,99;15,61;15,80;65890,00
03.09.2010;15,76;16,14;15,71;16,00;42616,00
06.09.2010;15,89;15,91;15,74;15,74;39150,00
07.09.2010;15,70;15,80;15,40;15,68;35408,00
08.09.2010;15,68;15,69;15,27;15,46;65052,00
09.09.2010;15,48;15,66;15,40;15,66;91564,00
10.09.2010;15,60;15,79;15,59;15,64;66975,00
13.09.2010;15,70;15,98;15,63;15,89;59069,00
14.09.2010;15,75;15,93;15,65;15,78;48023,00
15.09.2010;15,78;15,90;15,55;15,80;170165,00
16.09.2010;15,80;15,80;15,55;15,56;28076,00
17.09.2010;15,65;15,79;15,55;15,67;252505,00
20.09.2010;15,67;15,75;15,54;15,74;32265,00
21.09.2010;15,64;15,78;15,57;15,78;38573,00
22.09.2010;15,79;15,79;15,50;15,54;73725,00
23.09.2010;15,72;15,72;15,47;15,60;29542,00
24.09.2010;15,65;15,69;15,50;15,68;13627,00
27.09.2010;15,74;15,82;15,66;15,66;43225,00
28.09.2010;15,85;15,85;15,52;15,70;34151,00
29.09.2010;15,69;15,89;15,62;15,89;22899,00
30.09.2010;15,80;15,89;15,68;15,89;46939,00
01.10.2010;15,90;15,90;15,79;15,79;23418,00
04.10.2010;15,79;15,79;15,46;15,47;53169,00
05.10.2010;15,48;15,60;15,29;15,43;76957,00
06.10.2010;15,58;15,58;15,47;15,51;102819,00
07.10.2010;15,52;15,56;15,42;15,50;105386,00
08.10.2010;15,47;15,54;15,38;15,43;64293,00
11.10.2010;15,49;15,55;15,42;15,52;43060,00
12.10.2010;15,52;15,64;15,50;15,55;43953,00
13.10.2010;15,56;15,65;15,50;15,65;285344,00
14.10.2010;15,65;15,80;15,60;15,80;87167,00
15.10.2010;15,79;15,80;15,55;15,78;73153,00
18.10.2010;15,57;15,79;15,55;15,71;23998,00
19.10.2010;15,70;15,75;15,56;15,66;25541,00
20.10.2010;15,60;15,77;15,57;15,75;34996,00
21.10.2010;15,70;15,78;15,61;15,77;58107,00
22.10.2010;15,67;15,73;15,51;15,72;50870,00
25.10.2010;15,70;15,80;15,62;15,80;37357,00
26.10.2010;15,80;15,85;15,74;15,80;49635,00
27.10.2010;15,85;15,85;15,75;15,82;18292,00
28.10.2010;15,85;15,87;15,75;15,79;96412,00
29.10.2010;15,77;15,77;15,25;15,48;130278,00
01.11.2010;15,50;15,50;15,33;15,33;75180,00
02.11.2010;15,32;15,45;15,32;15,44;31295,00
03.11.2010;15,47;15,55;15,38;15,38;54042,00
04.11.2010;15,42;15,51;15,32;15,46;277834,00
05.11.2010;15,50;15,70;15,44;15,60;49519,00
08.11.2010;15,60;15,70;15,43;15,54;29439,00
09.11.2010;15,50;15,63;15,41;15,59;83422,00
10.11.2010;15,50;15,55;15,40;15,43;40646,00
11.11.2010;15,45;15,52;15,25;15,29;30569,00
12.11.2010;15,27;15,42;15,00;15,40;68382,00
15.11.2010;15,39;15,44;15,28;15,40;23011,00
16.11.2010;15,39;15,43;15,23;15,26;61439,00
17.11.2010;15,15;15,35;15,15;15,25;28227,00
18.11.2010;15,31;15,49;15,30;15,40;45327,00
19.11.2010;15,45;15,50;15,41;15,45;27355,00
22.11.2010;15,48;15,55;15,40;15,45;120284,00
23.11.2010;15,41;15,41;15,11;15,11;37328,00
24.11.2010;15,12;15,28;15,02;15,20;38520,00
25.11.2010;15,20;15,51;15,20;15,20;7159380,00
26.11.2010;15,20;15,28;15,14;15,25;31457,00
29.11.2010;15,28;15,36;15,15;15,16;57804,00
30.11.2010;15,12;15,20;15,01;15,20;64445,00
01.12.2010;15,13;15,29;15,11;15,29;28543,00
02.12.2010;15,30;15,30;15,15;15,26;66762,00
03.12.2010;15,30;15,59;15,25;15,59;127985,00
07.12.2010;15,47;15,83;15,45;15,82;120513,00
08.12.2010;15,81;15,81;15,56;15,75;73239,00
09.12.2010;15,61;15,97;15,54;15,65;79553,00
10.12.2010;15,66;15,80;15,55;15,80;30166,00
13.12.2010;15,78;15,80;15,58;15,60;48900,00
14.12.2010;15,55;15,75;15,52;15,75;25759,00
15.12.2010;15,61;15,80;15,54;15,80;34248,00
16.12.2010;15,70;15,78;15,60;15,71;100478,00
17.12.2010;15,71;16,40;15,70;16,13;269941,00
20.12.2010;16,17;16,22;15,92;16,10;87783,00
21.12.2010;16,11;16,19;16,01;16,08;24778,00
22.12.2010;16,00;16,47;16,00;16,40;273833,00
23.12.2010;16,40;16,70;16,40;16,60;87051,00
27.12.2010;16,68;16,68;16,40;16,59;16612,00
28.12.2010;16,59;16,60;16,41;16,50;28226,00
29.12.2010;16,50;16,50;16,40;16,45;22424,00
30.12.2010;16,43;16,60;16,37;16,51;53292,00
03.01.2011;16,55;16,92;16,50;16,90;51551,00
04.01.2011;16,82;16,84;16,70;16,79;27022,00
05.01.2011;16,70;16,71;16,43;16,60;45901,00
07.01.2011;16,59;16,60;16,45;16,60;30784,00
10.01.2011;16,53;16,59;16,10;16,12;50381,00
11.01.2011;16,15;16,35;16,15;16,35;50353,00
12.01.2011;16,35;16,43;16,31;16,35;57883,00
13.01.2011;16,35;16,40;16,20;16,39;47688,00
14.01.2011;16,40;16,53;16,32;16,42;81461,00
17.01.2011;16,52;16,53;16,24;16,25;15709,00
18.01.2011;16,25;16,25;16,11;16,23;77946,00
19.01.2011;16,16;16,20;16,11;16,11;39047,00
20.01.2011;16,05;16,13;15,60;15,77;137774,00
21.01.2011;15,70;16,04;15,70;15,87;21430,00
24.01.2011;15,89;15,99;15,88;15,94;18016,00
25.01.2011;16,02;16,02;15,62;15,72;54222,00
26.01.2011;15,70;15,89;15,70;15,87;24239,00
27.01.2011;15,91;15,91;15,79;15,79;25369,00
28.01.2011;15,80;15,94;15,80;15,94;25426,00
31.01.2011;15,93;15,93;15,76;15,80;23676,00
01.02.2011;15,80;15,89;15,75;15,89;18643,00
02.02.2011;15,89;15,98;15,85;15,90;16626,00
03.02.2011;15,90;15,93;15,65;15,71;34004,00
04.02.2011;15,72;16,10;15,70;15,93;40034,00
07.02.2011;16,00;16,25;16,00;16,24;118788,00
08.02.2011;16,17;16,20;16,00;16,20;16130,00
09.02.2011;16,20;16,20;16,07;16,11;35071,00
10.02.2011;16,18;16,25;15,80;15,84;39473,00
11.02.2011;16,03;16,20;15,80;16,20;327913,00
14.02.2011;16,20;16,20;15,80;15,80;148109,00
15.02.2011;16,09;16,09;15,80;15,88;28187,00
16.02.2011;15,90;16,09;15,80;16,04;68079,00
17.02.2011;16,04;16,08;15,81;15,90;81761,00
18.02.2011;15,99;16,17;15,96;16,11;128405,00
21.02.2011;15,97;16,20;15,97;16,20;60832,00
22.02.2011;16,10;16,19;15,91;16,19;29364,00
23.02.2011;16,16;16,16;15,91;16,04;37123,00
24.02.2011;16,00;16,20;15,86;16,20;28569,00
25.02.2011;16,20;16,29;16,17;16,26;54001,00
28.02.2011;16,28;16,30;16,01;16,30;25017,00
01.03.2011;16,25;16,39;16,14;16,39;65193,00
02.03.2011;16,20;16,30;15,96;15,96;88614,00
03.03.2011;16,03;16,40;16,03;16,25;99098,00
04.03.2011;16,25;16,38;16,23;16,24;24008,00
07.03.2011;16,24;16,30;16,10;16,20;25389,00
08.03.2011;16,15;16,30;16,05;16,08;23085,00
09.03.2011;16,04;16,19;16,04;16,10;12869,00
10.03.2011;16,18;16,18;16,00;16,00;23421,00
11.03.2011;16,00;16,10;15,65;15,75;127887,00
14.03.2011;15,71;15,74;15,57;15,60;8860,00
15.03.2011;15,59;16,05;15,30;15,89;70569,00
16.03.2011;15,89;15,89;15,54;15,54;13524,00
17.03.2011;15,55;15,70;15,41;15,53;39351,00
18.03.2011;15,72;15,72;15,40;15,40;213610,00
21.03.2011;15,55;15,60;15,47;15,47;30973,00
22.03.2011;15,50;15,72;15,49;15,49;200710,00
23.03.2011;15,47;15,74;15,47;15,54;96891,00
24.03.2011;15,69;16,15;15,69;16,08;68478,00
25.03.2011;16,09;16,25;15,99;16,25;126824,00
28.03.2011;16,25;16,51;16,18;16,51;27382,00
29.03.2011;16,54;16,63;16,39;16,63;42174,00
30.03.2011;16,65;16,87;16,31;16,60;189075,00
31.03.2011;15,99;16,16;15,89;16,06;5496920,00
01.04.2011;15,49;15,60;15,40;15,55;167844,00
04.04.2011;15,69;15,69;15,46;15,50;138586,00
05.04.2011;15,53;15,55;15,40;15,44;167602,00
06.04.2011;15,50;15,54;15,40;15,50;73003,00
07.04.2011;15,51;15,54;15,31;15,39;92375,00
08.04.2011;15,40;15,69;15,40;15,60;183153,00
11.04.2011;15,65;15,65;15,57;15,62;31404,00
12.04.2011;15,56;15,78;15,56;15,69;258731,00
13.04.2011;15,65;15,83;15,65;15,70;71013,00
14.04.2011;15,71;15,79;15,60;15,79;40982,00
15.04.2011;15,75;15,85;15,71;15,75;85491,00
18.04.2011;15,85;15,85;15,56;15,60;58537,00
19.04.2011;15,60;15,79;15,55;15,66;70814,00
20.04.2011;15,84;16,02;15,71;15,93;69095,00
21.04.2011;16,01;16,12;16,01;16,10;75606,00
26.04.2011;16,13;16,15;16,05;16,05;95689,00
27.04.2011;16,05;16,10;15,92;16,03;66399,00
28.04.2011;16,06;16,11;15,97;16,09;31137,00
29.04.2011;16,10;16,15;16,00;16,08;44827,00
02.05.2011;16,11;16,11;16,01;16,10;23954,00
03.05.2011;16,09;16,24;16,01;16,15;49064,00
04.05.2011;16,16;16,25;16,01;16,03;62196,00
05.05.2011;16,03;16,14;15,95;16,00;127770,00
06.05.2011;15,88;15,99;15,69;15,90;203436,00
09.05.2011;15,90;15,99;15,61;15,87;32183,00
10.05.2011;15,88;15,92;15,77;15,90;141684,00
11.05.2011;15,90;16,12;15,88;16,00;53565,00
12.05.2011;15,90;16,10;15,83;16,05;101179,00
13.05.2011;16,10;16,10;15,90;15,93;78176,00
16.05.2011;15,95;16,00;15,87;15,90;208554,00
17.05.2011;15,89;16,24;15,89;16,05;59196,00
18.05.2011;16,06;16,20;15,96;16,00;27043,00
19.05.2011;16,04;16,15;15,91;16,05;81022,00
20.05.2011;16,10;16,10;15,96;16,00;9008,00
23.05.2011;15,94;15,94;15,75;15,79;31843,00
24.05.2011;15,80;15,94;15,63;15,82;28516,00
25.05.2011;15,74;15,84;15,60;15,75;435313,00
26.05.2011;15,71;15,80;15,71;15,78;43674,00
27.05.2011;15,91;16,12;15,91;16,08;70043,00
30.05.2011;16,09;16,09;15,88;15,91;9613,00
31.05.2011;15,93;16,39;15,93;16,39;172435,00
01.06.2011;16,20;16,35;15,95;16,22;50286,00
03.06.2011;16,17;16,24;16,02;16,20;108811,00
06.06.2011;16,04;16,19;16,00;16,14;81032,00
07.06.2011;16,17;16,19;16,10;16,19;37439,00
08.06.2011;16,16;16,16;15,61;15,85;100391,00
09.06.2011;15,85;16,21;15,85;16,21;31125,00
10.06.2011;16,20;16,20;15,93;15,99;27212,00
13.06.2011;15,86;16,10;15,85;16,00;39871,00
14.06.2011;15,98;16,06;15,86;16,04;53072,00
15.06.2011;16,00;16,11;15,80;15,83;199423,00
16.06.2011;15,80;15,95;15,70;15,90;182306,00
17.06.2011;15,76;15,98;15,74;15,98;108909,00
20.06.2011;15,89;15,89;15,53;15,75;228700,00
21.06.2011;15,87;15,87;15,51;15,60;147366,00
22.06.2011;15,60;15,63;15,55;15,55;27133,00
23.06.2011;15,60;15,66;15,44;15,50;47650,00
27.06.2011;15,50;15,51;15,34;15,50;80954,00
28.06.2011;15,55;15,70;15,50;15,70;31553,00
29.06.2011;15,60;15,85;15,60;15,70;28391,00
30.06.2011;15,74;16,00;15,74;15,99;60779,00
01.07.2011;16,01;16,08;15,95;16,02;165146,00
04.07.2011;16,11;16,21;15,99;16,15;167516,00
05.07.2011;16,09;16,20;15,97;16,14;17613,00
06.07.2011;16,18;16,20;16,01;16,19;139539,00
07.07.2011;16,19;16,44;13,80;16,40;66260,00
08.07.2011;16,05;16,40;16,05;16,36;12749,00
11.07.2011;16,18;16,18;15,81;16,15;78785,00
12.07.2011;15,87;16,01;15,67;16,01;49427,00
13.07.2011;15,95;16,10;15,90;16,06;19585,00
14.07.2011;15,95;16,05;15,91;16,00;8722,00
15.07.2011;15,90;16,20;15,83;16,20;310695,00
18.07.2011;16,19;16,19;15,88;15,89;153632,00
19.07.2011;15,89;16,02;15,89;16,02;93016,00
20.07.2011;15,90;15,97;15,85;15,90;160712,00
21.07.2011;15,85;16,12;15,85;16,08;142277,00
22.07.2011;16,15;16,15;16,02;16,02;25569,00
25.07.2011;16,02;16,10;15,91;16,10;6255,00
26.07.2011;16,10;16,11;16,00;16,11;10511,00
27.07.2011;16,12;16,12;16,00;16,02;9499,00
28.07.2011;16,02;16,02;15,72;15,74;25421,00
29.07.2011;15,60;15,80;15,50;15,72;13083,00
01.08.2011;15,75;15,86;15,30;15,30;21275,00
02.08.2011;15,31;15,42;14,78;14,78;178120,00
03.08.2011;14,63;14,78;14,27;14,73;109636,00
04.08.2011;14,64;14,69;13,60;14,00;89452,00
05.08.2011;13,38;14,01;12,70;13,90;438074,00
08.08.2011;13,70;13,90;13,40;13,50;80946,00
09.08.2011;13,30;13,70;13,00;13,61;74201,00
10.08.2011;13,83;14,19;13,55;14,10;799449,00
11.08.2011;14,10;14,74;14,10;14,50;234209,00
12.08.2011;14,50;14,80;14,10;14,34;87806,00
15.08.2011;14,40;14,84;14,35;14,72;76151,00
16.08.2011;14,74;14,76;14,35;14,76;49000,00
17.08.2011;14,52;14,87;14,45;14,74;17303,00
18.08.2011;14,51;15,21;14,16;14,48;148144,00
19.08.2011;14,48;14,48;13,80;13,91;67402,00
22.08.2011;14,01;14,26;13,80;14,00;323858,00
23.08.2011;14,16;14,16;13,81;13,93;218274,00
24.08.2011;14,03;14,43;13,73;14,14;24607,00
25.08.2011;14,34;14,50;13,88;14,01;22964,00
26.08.2011;13,95;14,18;13,80;14,18;36818,00
29.08.2011;14,28;14,28;14,01;14,20;30107,00
30.08.2011;14,22;14,50;14,18;14,50;58944,00
31.08.2011;14,50;15,94;14,40;15,82;290136,00
01.09.2011;15,80;15,80;15,39;15,70;71147,00
02.09.2011;15,45;15,45;15,12;15,21;62569,00
05.09.2011;15,00;15,00;14,21;14,83;156481,00
06.09.2011;14,82;14,92;14,31;14,43;26443,00
07.09.2011;14,46;14,69;14,20;14,69;34320,00
08.09.2011;14,50;14,50;14,21;14,41;29319,00
09.09.2011;14,25;14,50;14,25;14,47;26518,00
12.09.2011;14,40;14,40;13,65;14,00;43529,00
13.09.2011;14,00;14,00;13,51;14,00;20803,00
14.09.2011;14,00;14,00;13,53;13,55;104190,00
15.09.2011;13,67;14,19;13,53;13,91;36614,00
16.09.2011;13,95;15,16;13,72;15,16;62475,00
19.09.2011;14,52;14,76;14,01;14,76;27885,00
20.09.2011;14,69;15,00;14,41;15,00;11917,00
21.09.2011;14,70;14,87;14,52;14,87;20221,00
22.09.2011;14,50;14,50;13,88;13,99;29635,00
23.09.2011;13,95;14,01;13,36;13,40;53087,00
26.09.2011;13,30;13,57;12,80;13,10;84435,00
27.09.2011;13,58;13,58;13,24;13,25;26042,00
28.09.2011;13,24;13,40;12,96;13,01;83251,00
29.09.2011;13,05;13,17;12,85;13,01;32208,00
30.09.2011;13,15;13,15;12,68;12,79;249258,00
03.10.2011;12,78;12,79;12,44;12,67;57085,00
04.10.2011;12,60;12,60;12,13;12,30;160242,00
05.10.2011;12,21;12,60;12,21;12,57;39031,00
06.10.2011;12,39;12,97;12,39;12,75;147713,00
07.10.2011;12,89;12,90;12,61;12,90;53149,00
10.10.2011;12,80;13,22;12,76;13,21;26379,00
11.10.2011;13,40;13,50;13,21;13,50;140967,00
12.10.2011;13,40;13,95;13,35;13,95;113098,00
13.10.2011;13,90;14,24;13,90;14,00;32808,00
14.10.2011;13,95;14,07;13,85;13,98;31469,00
17.10.2011;13,98;14,15;13,78;14,02;40511,00
18.10.2011;13,80;14,26;13,69;14,15;45118,00
19.10.2011;14,06;14,08;13,84;13,96;13770,00
20.10.2011;13,82;14,00;13,73;13,80;37642,00
21.10.2011;13,71;14,00;13,68;13,86;13001,00
24.10.2011;13,92;13,93;13,76;13,79;30080,00
25.10.2011;13,94;13,99;13,67;13,80;28112,00
26.10.2011;13,80;13,90;13,78;13,85;31719,00
27.10.2011;14,36;14,70;14,31;14,56;72590,00
28.10.2011;14,64;14,78;14,50;14,66;23992,00
31.10.2011;14,55;14,55;14,08;14,08;16602,00
01.11.2011;14,08;14,08;13,75;13,85;30824,00
02.11.2011;13,75;13,96;13,65;13,85;41151,00
03.11.2011;13,80;14,37;13,80;14,33;23018,00
04.11.2011;14,24;14,47;14,02;14,17;15243,00
07.11.2011;14,00;14,13;13,87;14,00;18146,00
08.11.2011;13,86;14,30;13,86;13,99;104450,00
09.11.2011;14,10;14,14;13,57;14,14;31274,00
10.11.2011;13,58;14,15;13,58;13,59;12830,00
11.11.2011;13,63;13,91;13,50;13,53;28150,00
14.11.2011;13,60;14,01;13,52;13,95;119598,00
15.11.2011;13,95;14,08;13,53;13,61;14395,00
16.11.2011;13,53;13,65;13,46;13,46;16108,00
17.11.2011;13,40;13,94;13,40;13,76;99340,00
18.11.2011;13,76;13,91;13,61;13,72;11825,00
21.11.2011;13,45;13,99;13,45;13,62;46536,00
22.11.2011;13,60;14,00;13,28;13,35;33638,00
23.11.2011;13,44;13,67;13,10;13,39;134006,00
24.11.2011;13,44;13,45;13,16;13,16;45150,00
25.11.2011;13,18;13,38;13,11;13,31;18115,00
28.11.2011;13,40;13,70;13,40;13,70;11383,00
29.11.2011;13,60;13,98;13,60;13,96;29226,00
30.11.2011;13,90;14,41;13,75;14,41;71026,00
01.12.2011;14,01;14,38;13,97;14,25;31226,00
02.12.2011;14,25;14,68;14,25;14,35;50073,00
05.12.2011;14,40;14,71;14,20;14,44;13048,00
07.12.2011;14,16;14,30;14,03;14,03;24415,00
08.12.2011;14,05;14,25;13,39;13,87;11544,00
09.12.2011;13,61;14,00;13,44;13,79;40543,00
12.12.2011;13,83;13,90;13,37;13,45;15253,00
13.12.2011;13,43;13,50;13,33;13,39;7338,00
14.12.2011;13,39;13,41;12,99;12,99;13466,00
15.12.2011;13,00;13,00;12,23;12,40;95658,00
16.12.2011;12,40;12,91;12,40;12,80;139926,00
19.12.2011;12,65;12,83;12,41;12,62;45111,00
20.12.2011;12,50;12,90;12,50;12,80;15926,00
21.12.2011;12,81;12,94;12,60;12,87;24946,00
22.12.2011;12,72;13,30;12,72;13,30;27955,00
23.12.2011;13,10;13,30;12,89;12,89;13642,00
27.12.2011;12,89;12,91;12,67;12,84;32542,00
28.12.2011;12,85;12,85;12,57;12,63;30117,00
29.12.2011;12,79;12,79;12,60;12,74;15890,00
30.12.2011;12,70;12,89;12,63;12,89;31698,00
02.01.2012;12,89;13,68;12,89;13,68;8374,00
03.01.2012;13,96;13,99;13,67;13,75;22117,00
04.01.2012;13,73;13,81;13,70;13,70;28196,00
05.01.2012;13,79;13,79;13,60;13,69;16629,00
09.01.2012;13,69;13,79;13,64;13,79;82779,00
10.01.2012;13,79;14,07;13,79;14,07;19269,00
11.01.2012;14,00;14,05;13,83;13,91;18259,00
12.01.2012;13,92;14,34;13,91;14,32;93107,00
13.01.2012;14,41;14,47;14,01;14,01;19676,00
16.01.2012;14,00;14,15;13,90;14,01;7539,00
17.01.2012;14,08;14,25;14,04;14,04;19724,00
18.01.2012;14,14;14,39;14,00;14,30;58770,00
19.01.2012;14,40;14,40;14,05;14,13;20136,00
20.01.2012;14,20;14,20;13,98;14,06;16875,00
23.01.2012;14,17;14,24;14,10;14,20;13888,00
24.01.2012;14,29;14,60;14,14;14,60;19430,00
25.01.2012;14,60;14,72;14,44;14,51;24878,00
26.01.2012;14,90;14,90;14,57;14,70;31923,00
27.01.2012;14,70;14,82;14,65;14,80;26338,00
30.01.2012;14,80;14,81;14,00;14,53;25882,00
31.01.2012;14,40;14,65;14,20;14,45;38382,00
01.02.2012;14,42;14,65;14,41;14,60;9422,00
02.02.2012;14,38;14,70;14,38;14,55;112471,00
03.02.2012;14,65;14,78;14,45;14,60;53557,00
06.02.2012;14,67;14,77;14,46;14,68;32589,00
07.02.2012;14,65;14,65;14,55;14,60;8680,00
08.02.2012;14,60;14,78;14,46;14,52;21074,00
09.02.2012;14,57;14,61;14,30;14,61;181616,00
10.02.2012;14,61;14,72;14,51;14,61;32631,00
13.02.2012;14,60;14,74;14,60;14,70;28024,00
14.02.2012;14,61;14,81;14,54;14,54;104825,00
15.02.2012;14,56;14,89;14,56;14,72;201008,00
16.02.2012;14,63;14,75;14,48;14,60;99588,00
17.02.2012;14,70;14,73;14,57;14,61;69003,00
20.02.2012;14,55;15,10;14,55;15,10;46068,00
21.02.2012;15,18;15,19;15,05;15,18;9925,00
22.02.2012;15,23;15,23;14,91;15,20;14458,00
23.02.2012;15,12;15,33;15,12;15,29;45380,00
24.02.2012;15,21;15,40;15,17;15,34;24345,00
27.02.2012;15,34;15,34;15,02;15,06;11468,00
28.02.2012;15,05;15,14;14,90;14,92;6389,00
29.02.2012;15,04;15,25;14,92;15,15;31161,00
01.03.2012;15,15;15,15;14,90;15,01;19556,00
02.03.2012;15,16;15,31;15,05;15,23;21269,00
05.03.2012;15,20;15,33;14,97;15,10;50181,00
06.03.2012;15,08;15,08;14,80;14,80;27410,00
07.03.2012;14,92;15,00;14,79;14,90;15322,00
08.03.2012;15,05;15,23;15,04;15,10;11302,00
09.03.2012;15,05;15,36;14,90;14,96;11318,00
12.03.2012;14,90;15,12;14,87;15,12;5506,00
13.03.2012;15,20;15,20;15,04;15,15;2098,00
14.03.2012;15,17;15,33;15,17;15,33;8364,00
15.03.2012;15,29;15,35;14,99;15,12;16862,00
16.03.2012;15,05;15,29;15,04;15,29;12229,00
19.03.2012;15,28;15,30;15,09;15,09;18554,00
20.03.2012;15,08;15,10;14,79;14,80;24161,00
21.03.2012;14,82;14,95;14,55;14,55;34584,00
22.03.2012;14,60;14,78;14,56;14,62;6465,00
23.03.2012;14,83;15,05;14,60;14,80;9492,00
26.03.2012;14,85;15,04;14,69;14,88;11324,00
27.03.2012;14,90;15,05;14,85;15,00;18398,00
28.03.2012;15,05;15,06;14,95;15,00;13144,00
29.03.2012;14,48;14,78;14,20;14,29;14367,00
30.03.2012;14,50;14,50;14,21;14,21;17445,00
02.04.2012;14,50;14,50;14,09;14,50;9748,00
03.04.2012;14,30;14,49;14,30;14,48;8495,00
04.04.2012;14,48;14,48;14,19;14,30;14690,00
05.04.2012;14,32;14,32;14,05;14,15;8536,00
10.04.2012;14,30;14,30;13,79;13,91;11579,00
11.04.2012;13,90;14,30;13,80;14,20;19323,00
12.04.2012;14,33;14,33;14,07;14,29;21735,00
13.04.2012;14,31;14,33;13,93;14,26;16204,00
16.04.2012;13,91;14,25;13,91;14,16;9414,00
17.04.2012;14,16;14,70;14,11;14,40;21680,00
18.04.2012;14,64;14,72;14,53;14,70;6515,00
19.04.2012;14,79;14,92;14,57;14,76;9946,00
20.04.2012;14,80;14,80;14,44;14,44;7459,00
23.04.2012;14,58;14,58;14,12;14,23;16131,00
24.04.2012;14,01;14,52;14,01;14,50;8223,00
25.04.2012;14,06;14,59;14,06;14,40;23548,00
26.04.2012;14,46;15,00;14,35;15,00;31104,00
27.04.2012;15,00;15,45;14,97;15,45;53295,00
30.04.2012;15,45;15,45;15,20;15,34;5260,00
02.05.2012;15,34;15,34;15,00;15,08;21534,00
03.05.2012;15,00;15,20;14,81;15,00;125462,00
04.05.2012;15,00;15,10;14,81;15,05;10738,00
07.05.2012;14,50;15,01;14,50;15,00;21024,00
08.05.2012;14,90;14,90;14,50;14,90;12413,00
09.05.2012;14,89;15,31;14,65;14,77;35766,00
10.05.2012;14,85;14,98;14,77;14,98;6918,00
11.05.2012;14,98;15,00;14,69;15,00;5034,00
14.05.2012;14,60;14,94;14,33;14,90;8343,00
15.05.2012;14,86;14,95;14,52;14,95;7882,00
16.05.2012;14,95;14,95;14,41;14,55;26579,00
18.05.2012;14,32;14,49;14,22;14,40;12182,00
21.05.2012;14,22;14,46;14,21;14,21;2473,00
22.05.2012;14,49;14,72;14,34;14,72;7018,00
23.05.2012;14,72;14,84;14,38;14,75;8927,00
24.05.2012;14,80;14,80;14,31;14,52;4512,00
25.05.2012;14,79;14,79;14,21;14,21;9165,00
28.05.2012;14,23;14,28;13,85;13,94;6790,00
29.05.2012;14,00;14,37;14,00;14,16;12950,00
30.05.2012;14,00;14,01;13,81;13,81;6927,00
31.05.2012;13,72;14,55;13,45;13,45;45210,00
01.06.2012;13,65;13,70;13,25;13,30;59949,00
04.06.2012;13,20;13,59;13,20;13,45;48779,00
05.06.2012;13,45;13,80;13,28;13,60;5824,00
06.06.2012;13,70;13,70;13,35;13,40;54466,00
07.06.2012;13,45;13,84;13,31;13,32;22379,00
08.06.2012;13,38;13,82;13,26;13,82;14018,00
11.06.2012;13,82;13,82;13,46;13,50;25004,00
12.06.2012;13,55;13,56;13,40;13,41;5597,00
13.06.2012;13,70;13,73;13,40;13,40;20048,00
14.06.2012;13,35;13,77;13,30;13,51;122255,00
15.06.2012;13,69;13,77;13,64;13,70;11190,00
18.06.2012;13,78;13,90;13,55;13,55;4443,00
19.06.2012;13,69;13,69;13,50;13,62;1790,00
20.06.2012;13,69;14,25;13,66;14,25;5725,00
21.06.2012;13,72;14,14;13,52;13,55;34811,00
25.06.2012;13,50;13,55;13,20;13,20;7577,00
26.06.2012;13,25;13,30;13,00;13,10;15008,00
27.06.2012;13,40;13,40;12,99;13,10;4149,00
28.06.2012;13,12;13,27;12,91;12,99;5194,00
29.06.2012;13,20;13,62;13,09;13,45;37235,00
02.07.2012;13,45;13,85;13,20;13,85;12455,00
03.07.2012;13,82;13,85;13,41;13,47;13845,00
04.07.2012;13,42;13,72;13,39;13,72;7450,00
05.07.2012;13,50;13,54;13,30;13,42;8995,00
06.07.2012;13,25;13,41;13,25;13,26;2835,00
09.07.2012;13,26;13,70;13,10;13,70;10262,00
10.07.2012;13,62;14,12;13,32;14,00;9508,00
11.07.2012;13,50;14,20;13,50;14,09;8271,00
12.07.2012;14,19;14,50;13,95;14,49;15118,00
13.07.2012;14,19;14,46;14,03;14,46;9178,00
16.07.2012;14,46;14,46;14,06;14,40;3872,00
17.07.2012;14,30;14,30;14,12;14,30;1805,00
18.07.2012;14,47;14,47;14,11;14,11;8695,00
19.07.2012;14,17;14,30;14,14;14,30;1967,00
20.07.2012;14,12;14,47;14,12;14,21;4749,00
23.07.2012;14,10;14,39;13,81;14,31;6284,00
24.07.2012;14,20;14,33;13,81;13,81;4161,00
25.07.2012;13,80;14,40;13,80;14,30;8371,00
26.07.2012;14,11;14,45;14,03;14,21;5912,00
27.07.2012;14,23;14,35;14,23;14,35;560,00
30.07.2012;14,36;14,45;14,00;14,29;11408,00
31.07.2012;14,29;14,29;14,00;14,01;8005,00
01.08.2012;14,01;14,17;13,90;14,10;19803,00
02.08.2012;14,60;14,60;13,90;14,00;13704,00
03.08.2012;13,96;14,10;13,90;13,92;11416,00
06.08.2012;13,90;14,00;13,80;13,85;18293,00
07.08.2012;13,80;13,80;13,62;13,75;64631,00
08.08.2012;13,75;13,80;13,55;13,55;5304,00
09.08.2012;13,55;13,68;13,51;13,65;106760,00
10.08.2012;13,65;13,65;13,47;13,65;11495,00
13.08.2012;13,68;13,68;13,53;13,56;41428,00
14.08.2012;13,70;13,90;13,65;13,80;5939,00
15.08.2012;13,83;13,96;13,82;13,87;2137,00
16.08.2012;13,86;13,95;13,71;13,73;2915186,00
17.08.2012;13,70;14,20;13,70;14,20;28988,00
20.08.2012;14,35;14,76;14,33;14,58;65940,00
21.08.2012;14,50;14,70;14,32;14,59;19675,00
22.08.2012;14,30;14,58;14,28;14,39;22596,00
23.08.2012;14,39;14,39;13,86;13,90;451107,00
24.08.2012;13,90;13,95;13,50;13,50;247621,00
27.08.2012;13,60;13,69;13,58;13,60;15895,00
28.08.2012;13,51;13,73;13,40;13,40;15922,00
29.08.2012;13,40;13,60;13,30;13,58;16920,00
30.08.2012;13,61;13,90;13,49;13,60;29224,00
31.08.2012;13,50;13,83;13,50;13,70;18554,00
03.09.2012;13,70;13,83;13,60;13,75;16686,00
04.09.2012;13,80;13,80;13,51;13,55;32020,00
05.09.2012;13,60;13,73;13,51;13,51;13369,00
06.09.2012;13,63;13,80;13,51;13,77;8685,00
07.09.2012;13,75;14,05;13,75;13,89;58958,00
10.09.2012;13,89;13,97;13,74;13,74;25013,00
11.09.2012;14,00;14,45;13,87;14,05;90931,00
12.09.2012;14,15;14,38;14,05;14,36;122659,00
13.09.2012;14,40;14,72;14,28;14,72;36973,00
14.09.2012;14,88;15,00;14,50;14,79;66196,00
17.09.2012;14,85;15,03;14,65;15,00;42789,00
18.09.2012;15,02;15,02;14,70;15,00;70382,00
19.09.2012;15,03;15,04;14,81;14,95;25697,00
20.09.2012;14,90;15,06;14,81;14,90;28574,00
21.09.2012;14,90;15,00;14,70;14,71;37934,00
24.09.2012;14,71;14,71;14,52;14,53;18115,00
25.09.2012;14,36;14,81;14,36;14,69;139555,00
26.09.2012;14,69;14,70;14,41;14,70;23933,00
27.09.2012;14,66;14,90;14,60;14,89;28539,00
28.09.2012;14,86;15,04;14,58;14,79;19343,00
01.10.2012;14,78;14,80;14,58;14,64;86277,00
02.10.2012;14,68;14,93;14,60;14,89;41509,00
03.10.2012;14,89;14,93;14,63;14,79;15402,00
04.10.2012;14,79;14,79;14,51;14,62;16973,00
05.10.2012;14,72;14,99;14,70;14,95;15374,00
08.10.2012;14,98;14,98;14,80;14,85;6123,00
09.10.2012;14,80;14,85;14,68;14,69;10346,00
10.10.2012;14,70;14,70;14,43;14,43;21027,00
11.10.2012;14,53;14,53;14,36;14,37;10249,00
12.10.2012;14,47;14,47;14,37;14,45;11127,00
15.10.2012;14,40;14,44;14,22;14,25;10723,00
16.10.2012;14,37;14,49;14,22;14,40;39310,00
17.10.2012;14,51;14,68;14,40;14,53;6517,00
18.10.2012;14,53;14,64;14,45;14,50;593382,00
19.10.2012;14,62;14,75;14,55;14,55;7898,00
22.10.2012;14,63;14,71;14,56;14,56;6772,00
23.10.2012;14,57;14,63;14,37;14,49;98585,00
24.10.2012;14,48;14,59;14,27;14,59;59261,00
25.10.2012;14,57;14,86;14,52;14,86;10738,00
26.10.2012;14,75;14,75;14,50;14,74;8183,00
29.10.2012;14,74;14,74;14,52;14,73;3620,00
30.10.2012;14,65;14,79;14,57;14,79;4644,00
31.10.2012;14,75;14,79;14,62;14,62;8520,00
01.11.2012;14,62;14,77;14,47;14,70;10970,00
02.11.2012;14,69;14,73;14,60;14,68;12800,00
05.11.2012;14,65;14,91;14,50;14,78;14065,00
06.11.2012;14,75;14,98;14,64;14,98;19392,00
07.11.2012;15,00;15,20;14,82;14,85;42535,00
08.11.2012;14,95;14,97;14,68;14,80;10678,00
09.11.2012;14,83;14,84;14,39;14,75;20910,00
12.11.2012;14,60;14,64;14,46;14,50;143021,00
13.11.2012;14,45;14,69;14,45;14,53;90408,00
14.11.2012;14,67;14,69;14,33;14,67;21979,00
15.11.2012;14,64;14,73;14,45;14,50;309025,00
16.11.2012;14,45;14,60;14,32;14,32;413354,00
19.11.2012;14,35;14,50;14,25;14,40;30906,00
20.11.2012;14,45;14,45;14,25;14,40;36140,00
21.11.2012;14,40;14,42;14,38;14,39;21712,00
22.11.2012;14,39;14,48;14,33;14,39;20048,00
23.11.2012;14,38;14,38;14,17;14,30;29376,00
26.11.2012;14,38;14,40;14,13;14,16;16209,00
27.11.2012;14,20;14,33;14,15;14,20;9919,00
28.11.2012;14,14;14,30;14,14;14,30;22024,00
29.11.2012;14,31;14,38;14,27;14,30;24910,00
30.11.2012;14,45;14,45;14,28;14,28;20965,00
03.12.2012;14,44;14,44;14,20;14,30;10294,00
04.12.2012;14,30;14,30;14,17;14,25;36194,00
05.12.2012;14,30;14,30;14,17;14,18;54634,00
07.12.2012;14,27;14,27;14,07;14,14;35253,00
10.12.2012;14,14;14,18;14,05;14,07;21187,00
11.12.2012;14,10;14,11;14,07;14,07;48491,00
12.12.2012;14,15;14,15;14,07;14,10;23099,00
13.12.2012;14,10;14,12;14,00;14,05;364395,00
14.12.2012;14,02;14,10;13,91;13,99;18241,00
17.12.2012;14,00;14,03;13,95;13,96;20608,00
18.12.2012;14,00;14,07;13,93;13,95;28357,00
19.12.2012;14,06;14,40;14,03;14,35;29538,00
20.12.2012;14,36;14,80;14,30;14,70;74500,00
21.12.2012;14,70;14,70;14,46;14,65;26453,00
27.12.2012;14,66;14,80;14,65;14,65;12447,00
28.12.2012;14,65;14,73;14,60;14,72;18019,00
02.01.2013;14,81;15,00;14,81;14,95;29628,00
03.01.2013;15,00;15,02;14,77;14,79;30329,00
04.01.2013;14,98;15,07;14,77;14,80;20484,00
07.01.2013;15,00;15,08;14,85;14,94;66979,00
08.01.2013;14,94;15,29;14,92;15,09;250375,00
09.01.2013;15,14;15,35;15,09;15,29;242285,00
10.01.2013;15,35;15,35;15,20;15,25;42009,00
11.01.2013;15,25;15,38;15,21;15,30;46283,00
14.01.2013;15,36;15,44;15,31;15,40;55765,00
15.01.2013;15,49;15,49;15,40;15,48;6262,00
16.01.2013;15,48;15,50;15,42;15,50;11062,00
17.01.2013;15,50;15,51;15,30;15,30;25771,00
18.01.2013;15,36;15,37;15,30;15,30;6885,00
21.01.2013;15,31;15,34;15,22;15,33;8329,00
22.01.2013;15,30;15,37;15,23;15,37;9749,00
23.01.2013;15,40;15,60;15,36;15,60;15429,00
24.01.2013;15,79;15,79;15,44;15,74;48582,00
25.01.2013;15,72;15,79;15,45;15,50;12388,00
28.01.2013;15,50;15,76;15,50;15,70;38322,00
29.01.2013;15,70;15,70;15,55;15,56;19881,00
30.01.2013;15,70;15,76;15,54;15,75;40557,00
31.01.2013;15,75;15,79;15,70;15,75;15506,00
01.02.2013;15,75;15,90;15,75;15,90;23462,00
04.02.2013;15,92;15,95;15,69;15,80;86139,00
05.02.2013;15,62;15,90;15,51;15,90;9995,00
06.02.2013;15,85;15,94;15,80;15,81;42535,00
07.02.2013;15,85;15,85;15,70;15,85;11992,00
08.02.2013;15,80;15,95;15,78;15,89;18637,00
11.02.2013;15,96;15,97;15,72;15,90;14904,00
12.02.2013;15,90;16,12;15,83;16,12;21095,00
13.02.2013;16,00;16,20;15,97;16,20;19787,00
14.02.2013;16,16;16,25;15,70;16,25;65623,00
15.02.2013;16,20;16,20;15,73;16,20;36978,00
18.02.2013;16,18;16,22;16,10;16,19;18004,00
19.02.2013;16,15;16,59;16,14;16,50;18774,00
20.02.2013;16,51;16,53;16,34;16,41;37148,00
21.02.2013;16,41;16,41;16,07;16,07;6087,00
22.02.2013;16,36;16,36;16,02;16,26;9261,00
25.02.2013;16,25;16,37;16,10;16,28;20151,00
26.02.2013;16,10;16,10;15,80;15,93;21731,00
27.02.2013;15,90;16,22;15,81;16,00;298618,00
28.02.2013;16,09;16,30;16,02;16,02;31631,00
01.03.2013;16,02;16,26;15,96;16,00;16650,00
04.03.2013;16,00;16,19;15,80;16,14;49116,00
05.03.2013;16,19;16,19;15,79;15,94;34044,00
06.03.2013;16,00;16,02;15,73;15,80;29716,00
07.03.2013;15,88;15,89;15,68;15,80;27680,00
08.03.2013;15,89;16,10;15,77;16,07;103080,00
11.03.2013;16,10;16,11;15,85;16,01;18783,00
12.03.2013;16,04;16,22;15,90;16,21;186444,00
13.03.2013;16,22;16,34;16,13;16,26;194178,00
14.03.2013;16,33;16,35;16,05;16,27;78223,00
15.03.2013;16,37;16,39;16,15;16,15;192668,00
18.03.2013;16,14;16,30;15,89;16,05;33847,00
19.03.2013;16,10;16,18;15,97;16,17;11671,00
20.03.2013;16,24;16,55;16,20;16,44;30512,00
21.03.2013;16,55;16,55;16,12;16,52;14869,00
22.03.2013;16,40;16,40;16,12;16,39;60156,00
25.03.2013;16,40;16,40;16,13;16,35;22171,00
26.03.2013;16,35;16,36;16,28;16,35;23826,00
27.03.2013;16,33;16,40;16,10;16,38;63987,00
28.03.2013;16,39;16,40;16,30;16,40;26972,00
02.04.2013;16,40;16,56;16,38;16,56;70534,00
03.04.2013;16,55;16,58;16,38;16,51;168102,00
04.04.2013;16,55;16,56;16,48;16,56;158461,00
05.04.2013;16,45;16,45;16,15;16,23;9656,00
08.04.2013;16,25;16,37;16,13;16,23;37743,00
09.04.2013;16,30;16,30;16,16;16,20;22812,00
10.04.2013;16,29;16,37;16,24;16,37;67762,00
11.04.2013;15,60;15,73;15,51;15,63;78730,00
12.04.2013;15,96;15,96;15,64;15,65;24003,00
15.04.2013;15,75;15,95;15,55;15,63;57228,00
16.04.2013;15,60;15,61;15,33;15,49;146133,00
17.04.2013;15,56;15,69;15,35;15,41;30509,00
18.04.2013;15,41;15,49;15,40;15,44;204642,00
19.04.2013;15,44;15,77;15,44;15,77;18351,00
22.04.2013;15,80;15,89;15,51;15,89;170440,00
23.04.2013;15,90;15,91;15,75;15,80;27512,00
24.04.2013;15,85;16,44;15,81;16,11;49099,00
25.04.2013;16,10;16,15;15,97;16,07;42661,00
26.04.2013;16,07;16,11;16,01;16,11;10425,00
29.04.2013;16,16;16,16;15,89;16,15;479279,00
30.04.2013;16,16;16,30;15,99;16,30;22905,00
02.05.2013;16,25;16,29;16,14;16,28;13492,00
03.05.2013;16,28;16,62;16,24;16,61;356538,00
06.05.2013;16,60;16,64;16,51;16,64;119949,00
07.05.2013;16,60;16,73;16,55;16,73;31358,00
08.05.2013;16,78;16,92;16,78;16,90;29712,00
10.05.2013;16,95;17,44;16,87;17,44;30063,00
13.05.2013;17,44;17,44;17,25;17,35;29985,00
14.05.2013;17,29;17,33;16,83;17,07;124205,00
15.05.2013;17,07;17,07;16,95;17,07;31734,00
16.05.2013;17,00;17,05;16,68;16,72;73103,00
17.05.2013;16,76;16,89;16,68;16,89;21370,00
20.05.2013;16,95;16,95;16,84;16,91;14599,00
21.05.2013;16,85;16,95;16,76;16,82;281771,00
22.05.2013;16,89;17,05;16,77;16,80;73587,00
23.05.2013;16,70;16,70;16,45;16,57;81745,00
24.05.2013;16,56;16,76;16,34;16,75;243210,00
27.05.2013;16,74;16,83;16,54;16,65;19380,00
28.05.2013;16,64;16,85;16,64;16,78;69624,00
29.05.2013;16,73;17,03;16,73;16,81;52288,00
30.05.2013;16,78;16,82;16,62;16,73;43459,00
31.05.2013;16,75;17,14;16,60;17,00;355717,00
03.06.2013;17,00;17,32;16,96;17,29;50957,00
04.06.2013;17,27;17,43;17,21;17,27;283953,00
05.06.2013;17,25;17,29;17,03;17,07;28280,00
06.06.2013;17,03;17,05;16,76;16,92;32410,00
07.06.2013;16,83;16,94;16,71;16,89;15326,00
10.06.2013;16,93;16,93;16,70;16,76;32685,00
11.06.2013;16,81;16,85;16,40;16,64;23976,00
12.06.2013;16,54;16,72;16,54;16,71;23545,00
13.06.2013;16,43;16,85;16,41;16,85;57806,00
14.06.2013;16,76;17,06;16,76;16,99;49662,00
17.06.2013;17,20;17,36;16,98;17,31;16596,00
18.06.2013;17,30;17,40;17,25;17,40;21864,00
19.06.2013;17,25;17,56;17,25;17,50;35720,00
20.06.2013;17,28;17,49;16,88;16,88;35636,00
24.06.2013;16,85;16,96;16,56;16,71;41694,00
25.06.2013;16,60;17,22;16,57;17,00;38922,00
26.06.2013;16,92;17,24;16,92;17,24;81923,00
27.06.2013;17,20;17,35;17,13;17,35;6952,00
28.06.2013;17,29;17,35;17,21;17,35;10104,00
01.07.2013;17,35;17,35;16,79;17,24;42690,00
02.07.2013;17,24;17,35;17,18;17,35;9145,00
03.07.2013;17,30;17,35;17,19;17,35;8304,00
04.07.2013;17,30;17,30;17,09;17,09;8847,00
05.07.2013;17,09;17,18;16,95;16,96;7673,00
08.07.2013;16,87;17,18;16,87;17,18;9165,00
09.07.2013;17,10;17,30;17,05;17,27;5199,00
10.07.2013;17,23;17,31;17,23;17,25;4426,00
11.07.2013;17,32;17,39;17,14;17,14;6530,00
12.07.2013;17,23;17,31;16,92;17,05;9735,00
15.07.2013;16,95;17,10;16,91;16,94;9487,00
16.07.2013;17,00;17,33;17,00;17,30;22082,00
17.07.2013;17,30;17,31;17,07;17,26;15602,00
18.07.2013;17,26;17,26;17,07;17,18;3065,00
19.07.2013;17,01;17,01;16,79;16,81;13988,00
22.07.2013;16,85;16,88;16,77;16,79;2919,00
23.07.2013;16,80;16,81;16,73;16,74;20582,00
24.07.2013;16,76;16,76;16,65;16,65;36610,00
25.07.2013;16,60;16,65;16,50;16,55;8854,00
26.07.2013;16,57;16,62;16,51;16,55;30381,00
29.07.2013;16,54;16,59;16,50;16,55;7416,00
30.07.2013;16,54;16,57;16,48;16,50;52607,00
31.07.2013;16,54;16,54;16,45;16,49;14822,00
01.08.2013;16,48;16,84;16,46;16,65;64038,00
02.08.2013;16,76;16,87;16,71;16,71;11052,00
05.08.2013;16,76;16,88;16,74;16,80;7716,00
06.08.2013;16,88;16,88;16,73;16,80;5959,00
07.08.2013;16,82;16,84;16,71;16,75;16918,00
08.08.2013;16,73;16,79;16,67;16,69;8778,00
09.08.2013;16,61;16,79;16,61;16,73;15161,00
12.08.2013;16,80;16,80;16,66;16,70;5875,00
13.08.2013;16,80;17,07;16,67;17,01;38560,00
14.08.2013;16,97;17,16;16,51;16,51;90258,00
15.08.2013;16,81;17,00;16,51;17,00;33917,00
16.08.2013;17,03;17,20;17,00;17,15;10921,00
19.08.2013;17,00;17,20;17,00;17,06;19228,00
20.08.2013;17,05;17,05;16,94;16,95;5056,00
21.08.2013;17,06;17,10;16,95;17,08;13409,00
22.08.2013;17,00;17,10;16,94;17,04;15844,00
23.08.2013;17,00;17,20;16,90;17,20;22505,00
26.08.2013;17,21;17,25;16,80;16,89;8263,00
27.08.2013;16,92;17,00;16,71;16,87;25261,00
28.08.2013;16,74;16,93;16,70;16,92;10851,00
29.08.2013;16,92;16,95;16,82;16,90;8793,00
30.08.2013;16,90;17,05;16,90;17,05;10981,00
02.09.2013;17,05;17,20;16,92;17,20;37851,00
03.09.2013;17,19;17,19;16,99;17,05;85619,00
04.09.2013;17,11;17,40;17,11;17,38;110844,00
05.09.2013;17,38;17,80;17,25;17,80;70713,00
06.09.2013;17,80;17,88;17,63;17,88;28751,00
09.09.2013;17,84;18,25;17,80;18,21;151996,00
10.09.2013;18,21;18,69;18,20;18,58;85690,00
11.09.2013;18,55;18,60;18,48;18,54;52348,00
12.09.2013;18,51;18,73;18,40;18,44;10346,00
13.09.2013;18,44;18,75;18,41;18,74;32152,00
16.09.2013;18,76;18,86;18,75;18,86;12102,00
17.09.2013;18,83;19,05;18,80;18,99;125894,00
18.09.2013;19,00;19,10;18,91;19,09;44540,00
19.09.2013;19,16;19,32;19,09;19,24;21997,00
20.09.2013;19,24;19,49;19,23;19,37;59330,00
23.09.2013;19,32;19,65;19,32;19,65;183924,00
24.09.2013;19,60;19,70;19,45;19,70;21555,00
25.09.2013;19,62;19,68;19,40;19,49;35862,00
26.09.2013;19,47;19,69;19,45;19,68;75784,00
27.09.2013;19,62;19,72;19,48;19,72;37934,00
30.09.2013;19,56;19,88;19,50;19,70;73499,00
01.10.2013;19,67;19,87;19,47;19,85;71199,00
02.10.2013;19,75;19,75;19,50;19,50;69832,00
03.10.2013;19,50;19,55;19,40;19,41;51119,00
04.10.2013;19,44;19,46;19,14;19,20;8885,00
07.10.2013;19,16;19,16;18,94;19,02;141672,00
08.10.2013;19,00;19,02;18,75;18,85;26506,00
09.10.2013;18,85;18,85;18,75;18,80;117854,00
10.10.2013;18,81;18,98;18,76;18,98;24940,00
11.10.2013;18,99;19,01;18,93;19,01;117849,00
14.10.2013;18,97;19,00;18,77;18,90;46627,00
15.10.2013;18,92;19,23;18,80;19,23;42319,00
16.10.2013;19,23;19,25;18,95;19,25;13921,00
17.10.2013;19,19;19,27;19,01;19,10;11901,00
18.10.2013;19,10;19,95;19,09;19,95;49733,00
21.10.2013;19,91;19,91;19,36;19,43;48583,00
22.10.2013;19,40;19,40;18,96;19,05;73417,00
23.10.2013;19,04;19,21;18,92;19,21;50243,00
24.10.2013;19,21;19,56;19,14;19,54;112009,00
25.10.2013;19,50;19,55;19,23;19,34;42092,00
28.10.2013;19,45;19,77;19,24;19,76;279176,00
29.10.2013;19,66;19,70;19,48;19,68;17570,00
30.10.2013;19,62;19,70;19,26;19,34;19970,00
31.10.2013;19,25;19,27;18,96;19,09;20639,00
01.11.2013;19,10;19,19;18,70;18,83;16544,00
04.11.2013;18,82;19,15;18,82;19,15;13478,00
05.11.2013;19,21;19,29;19,02;19,02;7829,00
06.11.2013;18,99;19,28;18,96;19,24;17109,00
07.11.2013;19,28;20,00;19,28;20,00;46064,00
08.11.2013;20,00;20,20;19,96;20,20;71595,00
11.11.2013;20,17;20,50;20,08;20,50;11407,00
12.11.2013;20,50;20,50;20,15;20,30;15643,00
13.11.2013;20,30;20,30;19,91;20,19;8464,00
14.11.2013;20,20;20,48;20,19;20,46;18568,00
15.11.2013;20,50;20,50;20,22;20,28;3846,00
18.11.2013;20,25;20,38;20,08;20,36;10546,00
19.11.2013;20,34;20,47;20,10;20,47;51914,00
20.11.2013;20,34;20,73;20,10;20,69;68021,00
21.11.2013;20,75;20,80;20,50;20,80;40191,00
22.11.2013;20,80;20,80;20,50;20,66;26460,00
25.11.2013;20,64;20,85;20,64;20,79;6135,00
26.11.2013;20,73;20,90;20,54;20,89;21293,00
27.11.2013;20,71;20,80;20,60;20,64;12650,00
28.11.2013;20,60;20,60;20,40;20,56;13063,00
29.11.2013;20,50;20,65;20,40;20,65;44936,00
02.12.2013;20,65;20,65;20,34;20,45;7757,00
03.12.2013;20,44;20,44;19,87;19,90;13642,00
04.12.2013;19,90;20,08;19,53;19,87;18046,00
05.12.2013;19,98;19,98;19,69;19,73;3630,00
09.12.2013;19,73;19,94;19,23;19,23;4222,00
10.12.2013;19,21;19,67;18,96;19,00;23109,00
11.12.2013;19,16;19,34;19,01;19,19;25616,00
12.12.2013;19,19;19,19;19,10;19,15;4449,00
13.12.2013;19,02;19,02;18,77;18,85;34455,00
16.12.2013;18,89;18,89;18,64;18,88;10749,00
17.12.2013;18,88;19,18;18,74;19,18;22716,00
18.12.2013;19,17;19,38;19,10;19,31;10633,00
19.12.2013;19,40;19,50;19,20;19,44;13541,00
20.12.2013;19,44;20,50;19,44;20,29;17909,00
23.12.2013;20,29;20,29;19,83;19,83;11383,00
27.12.2013;19,98;20,28;19,98;20,25;8830,00
30.12.2013;20,25;20,25;19,90;19,90;50202,00
02.01.2014;20,02;20,37;20,00;20,19;6936,00
03.01.2014;20,28;20,31;20,10;20,28;12095,00
07.01.2014;20,29;20,43;20,25;20,43;14830,00
08.01.2014;20,63;20,63;20,37;20,41;217293,00
09.01.2014;20,40;20,69;20,40;20,55;9517,00
10.01.2014;20,50;20,57;20,30;20,50;6998,00
13.01.2014;20,60;20,65;20,32;20,43;7845,00
14.01.2014;20,30;20,37;20,10;20,36;13126,00
15.01.2014;20,58;20,58;20,12;20,48;12664,00
16.01.2014;20,41;20,56;20,38;20,43;16808,00
17.01.2014;20,43;20,48;20,33;20,43;11739,00
20.01.2014;20,21;20,43;20,10;20,40;17707,00
21.01.2014;20,02;20,39;19,90;20,23;149790,00
22.01.2014;20,38;20,44;20,25;20,41;336861,00
23.01.2014;20,12;20,38;20,09;20,12;6118,00
24.01.2014;20,09;20,19;19,67;19,79;5559,00
27.01.2014;19,66;19,66;18,70;18,84;24495,00
28.01.2014;18,84;18,92;18,75;18,76;20804,00
29.01.2014;18,77;18,88;18,55;18,58;7877,00
30.01.2014;18,58;18,70;18,48;18,56;11625,00
31.01.2014;18,56;18,60;18,20;18,60;20257,00
03.02.2014;18,60;19,25;18,59;18,93;71083,00
04.02.2014;18,96;19,17;18,35;18,50;1850182,00
05.02.2014;18,50;18,50;18,30;18,47;32541,00
06.02.2014;18,50;18,75;18,40;18,50;22073,00
07.02.2014;18,50;19,09;18,50;18,91;21211,00
10.02.2014;18,91;19,18;18,50;19,10;22814,00
11.02.2014;19,18;19,21;19,10;19,21;196182,00
12.02.2014;19,30;19,49;19,10;19,16;54603,00
13.02.2014;19,49;19,69;19,00;19,64;129986,00
14.02.2014;19,60;20,13;18,90;19,92;36872,00
17.02.2014;19,70;19,77;19,42;19,45;10277,00
18.02.2014;19,69;19,73;19,24;19,38;63672,00
19.02.2014;19,51;19,89;19,48;19,85;10621,00
20.02.2014;19,87;19,91;19,63;19,91;19954,00
21.02.2014;19,92;20,10;19,82;19,97;6542,00
24.02.2014;19,97;19,97;19,70;19,76;9416,00
25.02.2014;19,78;19,88;19,70;19,76;19774,00
26.02.2014;19,76;19,80;19,63;19,80;11870,00
27.02.2014;19,86;19,86;18,77;19,09;90099,00
28.02.2014;19,02;19,35;18,79;19,15;84788,00
03.03.2014;18,99;18,99;17,90;17,92;81911,00
04.03.2014;18,11;18,56;18,07;18,18;50974,00
05.03.2014;18,17;18,24;17,90;17,92;42158,00
06.03.2014;17,95;18,05;17,71;17,80;165694,00
07.03.2014;17,84;17,95;17,73;17,77;66096,00
10.03.2014;17,74;17,74;17,53;17,55;17182,00
11.03.2014;17,55;17,62;17,50;17,60;52894,00
12.03.2014;17,50;17,56;17,23;17,28;10686,00
13.03.2014;17,23;17,34;17,05;17,32;47718,00
14.03.2014;17,06;17,23;16,92;17,20;35709,00
17.03.2014;17,06;17,30;16,95;17,12;41614,00
18.03.2014;17,19;17,57;17,02;17,40;70567,00
19.03.2014;17,29;17,90;17,10;17,61;38246,00
20.03.2014;17,58;17,83;17,50;17,71;611926,00
21.03.2014;17,79;17,92;17,54;17,54;50145,00
24.03.2014;17,60;17,89;17,60;17,75;129073,00
25.03.2014;17,71;18,08;17,54;18,07;64185,00
26.03.2014;17,41;17,56;17,09;17,09;54999,00
27.03.2014;17,38;17,38;16,78;16,92;87773,00
28.03.2014;16,90;17,33;16,86;17,01;257544,00
31.03.2014;17,18;17,18;17,04;17,10;67770,00
01.04.2014;17,06;17,39;17,06;17,23;220311,00
02.04.2014;17,32;17,83;17,32;17,37;220470,00
03.04.2014;17,32;17,96;17,30;17,96;173139,00
04.04.2014;17,91;18,33;17,90;18,33;33699,00
07.04.2014;18,28;18,28;17,85;18,00;28222,00
08.04.2014;18,00;18,12;17,95;17,97;45845,00
09.04.2014;18,00;18,19;18,00;18,19;22339,00
10.04.2014;18,18;18,51;18,06;18,06;57461,00
11.04.2014;17,92;17,99;17,64;17,75;14407,00
14.04.2014;17,69;17,69;17,07;17,24;24471,00
15.04.2014;17,24;17,58;17,24;17,35;49161,00
16.04.2014;17,72;17,75;17,42;17,44;7744,00
17.04.2014;17,40;17,49;17,30;17,37;22542,00
22.04.2014;17,38;17,49;17,35;17,40;29502,00
23.04.2014;17,31;17,60;17,30;17,40;14093,00
24.04.2014;17,40;17,69;17,40;17,69;6495,00
25.04.2014;17,65;17,68;17,36;17,60;7759,00
28.04.2014;17,61;17,74;17,60;17,70;16488,00
29.04.2014;17,70;17,74;17,48;17,74;14792,00
30.04.2014;17,74;17,93;17,57;17,88;12375,00
02.05.2014;17,74;17,90;17,50;17,84;17374,00
05.05.2014;17,84;17,84;17,59;17,69;83692,00
06.05.2014;17,59;17,65;17,55;17,57;14961,00
07.05.2014;17,55;17,57;17,40;17,48;25364,00
08.05.2014;18,93;19,00;18,17;18,36;65709,00
09.05.2014;18,45;18,95;18,29;18,95;26722,00
12.05.2014;18,95;19,16;18,60;19,14;45130,00
13.05.2014;19,09;19,10;18,90;18,98;11800,00
14.05.2014;19,00;19,00;18,80;18,87;8276,00
15.05.2014;18,80;18,89;18,57;18,89;52774,00
16.05.2014;18,81;18,89;18,68;18,85;8251,00
19.05.2014;18,90;19,00;18,87;18,92;5933,00
20.05.2014;19,00;19,14;18,51;19,08;16028,00
21.05.2014;19,13;19,13;18,85;18,95;33092,00
22.05.2014;18,98;19,01;18,84;19,00;9308,00
23.05.2014;18,87;19,01;18,85;19,01;3567,00
26.05.2014;19,05;19,52;19,04;19,24;31904,00
27.05.2014;19,31;19,55;19,31;19,50;129018,00
28.05.2014;19,55;20,13;19,53;19,88;75012,00
30.05.2014;19,94;20,17;19,92;19,96;18748,00
02.06.2014;20,05;20,71;19,96;20,25;60790,00
03.06.2014;20,20;20,58;20,20;20,50;40809,00
04.06.2014;20,54;20,61;20,19;20,36;73397,00
05.06.2014;20,42;20,60;20,24;20,30;27134,00
06.06.2014;20,30;20,52;20,29;20,45;15656,00
09.06.2014;20,44;20,50;20,33;20,38;15491,00
10.06.2014;20,24;20,50;20,23;20,46;22263,00
11.06.2014;20,45;20,45;19,79;19,85;37185,00
12.06.2014;20,00;20,39;19,98;20,21;29630,00
13.06.2014;20,02;20,27;19,64;20,12;21713,00
16.06.2014;20,11;20,30;20,08;20,21;26552,00
17.06.2014;20,20;20,31;20,16;20,30;32219,00
18.06.2014;20,29;20,45;20,23;20,36;33261,00
19.06.2014;20,45;20,70;20,37;20,43;75069,00
23.06.2014;20,65;20,65;20,13;20,23;20481,00
24.06.2014;20,23;20,26;20,00;20,06;16354,00
25.06.2014;20,01;20,01;19,88;19,99;233211,00
26.06.2014;19,89;20,06;19,71;19,71;25561,00
27.06.2014;19,80;19,80;19,05;19,52;26040,00
30.06.2014;19,49;20,00;19,49;20,00;23616,00
01.07.2014;20,00;20,67;19,96;20,63;34064,00
02.07.2014;20,60;20,65;20,17;20,32;28241,00
03.07.2014;20,19;20,70;20,19;20,70;12758,00
04.07.2014;20,65;20,65;20,42;20,54;3233,00
07.07.2014;20,49;20,49;20,08;20,23;13070,00
08.07.2014;20,23;20,23;19,83;20,21;6928,00
09.07.2014;20,18;20,19;19,91;20,15;6994,00
10.07.2014;20,20;20,20;19,60;19,91;8471,00
11.07.2014;19,89;19,97;19,75;19,82;3858,00
14.07.2014;19,83;20,06;19,74;20,01;4246,00
15.07.2014;19,91;19,96;19,75;19,81;1873,00
16.07.2014;19,80;19,85;19,67;19,70;6538,00
17.07.2014;19,66;20,31;19,50;20,08;14860,00
18.07.2014;19,64;20,10;19,50;19,50;10884,00
21.07.2014;19,50;19,61;19,01;19,02;19232,00
22.07.2014;19,14;19,25;18,70;18,85;45083,00
23.07.2014;18,87;19,33;18,86;19,14;16874,00
24.07.2014;19,40;19,85;19,40;19,84;4693,00
25.07.2014;19,84;20,43;19,51;20,22;59490,00
28.07.2014;20,03;20,28;19,87;19,92;20892,00
29.07.2014;19,80;20,00;19,73;19,73;3353,00
30.07.2014;19,70;19,89;19,25;19,25;9189,00
31.07.2014;19,16;19,20;18,53;18,94;55047,00
01.08.2014;18,77;18,90;18,55;18,55;16557,00
04.08.2014;18,57;18,60;17,71;17,81;29655,00
05.08.2014;17,82;18,13;17,75;18,09;758197,00
06.08.2014;18,12;18,20;17,65;17,70;26459,00
07.08.2014;17,79;17,90;17,60;17,68;401928,00
08.08.2014;17,60;17,91;17,03;17,57;47372,00
11.08.2014;17,74;18,65;17,74;17,88;20970,00
12.08.2014;17,51;18,14;17,51;17,89;7199,00
13.08.2014;17,89;18,62;17,56;18,41;34451,00
14.08.2014;18,40;18,40;17,80;17,89;14738,00
15.08.2014;17,99;18,28;17,95;18,15;8264,00
18.08.2014;18,15;18,20;18,00;18,13;11954,00
19.08.2014;18,23;18,23;17,79;17,83;26795,00
20.08.2014;17,83;18,05;17,80;17,85;9433,00
21.08.2014;17,85;18,17;17,85;18,09;22638,00
22.08.2014;18,11;18,26;17,89;18,03;11189,00
25.08.2014;18,04;18,15;17,92;17,95;7819,00
26.08.2014;18,00;18,60;18,00;18,57;24880,00
27.08.2014;18,61;18,90;18,56;18,69;17744,00
28.08.2014;18,79;18,79;18,25;18,69;112284,00
29.08.2014;18,71;18,71;18,00;18,03;28830,00
01.09.2014;18,00;18,19;17,81;17,88;15639,00
02.09.2014;17,86;17,97;17,61;17,62;56112,00
03.09.2014;17,59;18,45;17,59;18,17;86522,00
04.09.2014;18,20;18,20;18,06;18,10;25204,00
05.09.2014;18,10;18,15;18,07;18,07;13349,00
08.09.2014;18,05;18,14;17,90;17,96;10735,00
09.09.2014;17,90;17,90;17,61;17,62;18848,00
10.09.2014;17,62;17,67;17,55;17,57;8409,00
11.09.2014;17,59;17,70;17,16;17,16;30624,00
12.09.2014;17,26;17,38;16,94;17,05;36771,00
15.09.2014;17,06;17,20;16,96;17,00;21260,00
16.09.2014;17,03;17,10;16,76;17,10;20553,00
17.09.2014;17,07;17,35;17,07;17,35;12941,00
18.09.2014;17,46;17,46;17,28;17,45;12863,00
19.09.2014;17,49;17,85;17,49;17,84;22898,00
22.09.2014;17,89;17,89;17,44;17,60;29616,00
23.09.2014;17,66;17,72;17,50;17,60;20629,00
24.09.2014;17,68;17,68;17,28;17,35;103560,00
25.09.2014;17,41;17,44;16,85;16,93;34286,00
26.09.2014;17,12;17,12;16,62;16,75;28200,00
29.09.2014;16,85;16,85;16,64;16,64;28225,00
30.09.2014;16,79;16,79;16,40;16,52;84244,00
01.10.2014;16,54;16,54;16,20;16,20;23584,00
02.10.2014;16,23;16,56;15,83;16,00;92270,00
03.10.2014;16,15;16,50;15,81;15,99;71177,00
06.10.2014;16,15;16,27;15,75;15,80;110721,00
07.10.2014;15,80;15,98;15,64;15,74;43606,00
08.10.2014;15,75;15,83;15,44;15,50;36147,00
09.10.2014;15,70;15,84;15,46;15,47;57564,00
10.10.2014;15,58;15,89;15,45;15,74;85414,00
13.10.2014;15,84;15,84;15,63;15,70;68060,00
14.10.2014;15,80;15,85;15,65;15,77;53151,00
15.10.2014;15,85;16,12;15,78;15,95;119587,00
16.10.2014;16,00;16,07;15,56;15,83;185809,00
17.10.2014;16,05;16,46;16,00;16,30;146059,00
20.10.2014;16,42;16,58;16,10;16,33;16325,00
21.10.2014;16,49;16,66;16,32;16,53;67179,00
22.10.2014;16,54;16,69;16,50;16,56;38659,00
23.10.2014;16,64;16,82;16,57;16,82;32461,00
24.10.2014;16,81;16,97;16,79;16,82;24214,00
27.10.2014;16,85;16,85;16,63;16,80;119688,00
28.10.2014;16,87;17,18;16,81;16,91;20932,00
29.10.2014;17,20;17,28;16,43;16,52;60679,00
30.10.2014;16,50;16,59;16,11;16,20;39593,00
31.10.2014;16,35;16,50;16,29;16,48;22497,00
03.11.2014;16,47;16,68;16,16;16,26;17602,00
04.11.2014;16,33;16,63;16,14;16,45;26944,00
05.11.2014;16,43;16,72;16,27;16,50;28272,00
06.11.2014;16,65;16,86;16,50;16,50;30405,00
07.11.2014;16,56;16,56;16,30;16,31;38737,00
10.11.2014;16,60;16,89;16,57;16,77;51250,00
11.11.2014;16,81;16,81;16,57;16,59;48245,00
12.11.2014;16,63;16,68;16,30;16,30;25876,00
13.11.2014;16,42;16,76;16,40;16,47;35936,00
14.11.2014;16,51;16,72;15,39;15,48;147015,00
17.11.2014;15,50;15,54;15,04;15,05;56424,00
18.11.2014;15,10;15,15;14,86;14,87;79516,00
19.11.2014;14,90;15,10;14,87;15,10;75148,00
20.11.2014;15,12;15,24;15,04;15,14;54913,00
21.11.2014;15,22;15,45;15,14;15,35;68045,00
24.11.2014;15,40;15,67;15,40;15,62;39888,00
25.11.2014;15,70;15,86;15,70;15,80;40300,00
26.11.2014;15,84;16,10;15,80;16,10;38224,00
27.11.2014;16,10;16,34;16,05;16,10;49425,00
28.11.2014;16,05;16,05;15,62;15,66;30305,00
01.12.2014;15,67;15,82;15,40;15,50;37127,00
02.12.2014;15,45;15,54;15,36;15,40;94596,00
03.12.2014;15,43;15,45;15,35;15,41;16345,00
04.12.2014;15,40;15,46;15,07;15,16;33236,00
05.12.2014;15,16;15,22;15,06;15,08;27045,00
08.12.2014;15,20;15,20;14,92;14,94;36975,00
09.12.2014;14,93;14,94;14,76;14,84;48079,00
10.12.2014;14,90;15,05;14,82;14,82;34498,00
11.12.2014;14,82;14,97;14,82;14,97;41421,00
12.12.2014;14,90;14,91;14,59;14,69;35029,00
15.12.2014;14,69;14,75;14,42;14,42;36319,00
16.12.2014;14,42;14,42;13,73;14,02;136544,00
17.12.2014;14,00;14,11;13,73;14,00;108520,00
18.12.2014;14,10;14,33;14,07;14,09;35500,00
19.12.2014;14,09;14,72;13,94;14,63;310389,00
22.12.2014;14,65;14,70;14,06;14,16;54565,00
23.12.2014;14,16;14,90;14,16;14,86;36475,00
29.12.2014;14,87;14,90;14,48;14,74;33224,00
30.12.2014;14,75;14,80;14,41;14,49;101251,00
02.01.2015;14,50;15,10;14,50;15,04;48882,00
05.01.2015;15,10;15,15;14,81;14,90;54429,00
07.01.2015;14,90;15,00;14,81;14,90;46301,00
08.01.2015;15,00;15,15;14,82;15,15;25262,00
09.01.2015;15,18;15,19;14,91;14,97;19783,00
12.01.2015;15,09;15,09;14,56;14,60;13273,00
13.01.2015;14,75;14,75;14,52;14,54;18419,00
14.01.2015;14,50;14,50;14,22;14,30;26473,00
15.01.2015;14,40;14,45;14,15;14,35;26362,00
16.01.2015;14,35;14,50;14,18;14,42;20732,00
19.01.2015;14,50;14,61;14,43;14,61;45108,00
20.01.2015;14,62;15,50;14,62;15,40;82504,00
21.01.2015;15,45;16,09;15,45;16,04;38813,00
22.01.2015;16,05;16,36;16,05;16,20;29855,00
23.01.2015;16,34;16,52;16,24;16,52;87475,00
26.01.2015;16,47;18,80;16,25;16,76;243421,00
27.01.2015;16,76;16,76;16,55;16,55;54364,00
28.01.2015;16,55;16,70;16,41;16,41;17132,00
29.01.2015;16,40;16,40;15,90;15,90;24329,00
30.01.2015;16,00;16,02;15,90;16,00;53961,00
02.02.2015;16,00;16,20;15,82;16,20;113707,00
03.02.2015;16,39;16,40;16,19;16,38;23529,00
04.02.2015;16,47;16,62;15,98;16,26;37205,00
05.02.2015;16,20;16,54;16,10;16,54;21309,00
06.02.2015;16,40;16,55;16,35;16,55;22515,00
09.02.2015;16,55;16,55;16,42;16,50;19367,00
10.02.2015;16,33;16,33;16,07;16,25;84834,00
11.02.2015;16,10;16,28;16,05;16,24;36626,00
12.02.2015;16,30;17,10;16,24;16,98;64367,00
13.02.2015;17,12;17,56;16,98;17,56;35257,00
16.02.2015;17,56;17,57;17,10;17,29;19078,00
17.02.2015;17,13;17,38;16,96;17,04;29870,00
18.02.2015;16,96;17,30;16,96;17,10;16003,00
19.02.2015;17,09;17,09;16,93;16,99;14916,00
20.02.2015;16,99;17,19;16,86;17,07;18299,00
23.02.2015;17,10;17,56;17,02;17,54;20195,00
24.02.2015;17,54;17,90;17,37;17,90;39655,00
25.02.2015;17,88;17,89;17,19;17,42;35029,00
26.02.2015;17,45;17,75;17,30;17,70;20599,00
27.02.2015;17,70;17,70;17,29;17,29;8443,00
02.03.2015;17,25;17,80;17,17;17,75;34050,00
03.03.2015;17,74;17,74;17,53;17,63;19395,00
04.03.2015;17,63;17,64;16,79;16,95;25881,00
05.03.2015;16,98;17,07;16,75;16,84;39569,00
06.03.2015;16,84;16,89;16,80;16,80;41181,00
09.03.2015;16,88;17,03;16,87;17,02;13796,00
10.03.2015;17,05;17,50;16,97;17,50;22021,00
11.03.2015;17,48;17,75;17,28;17,70;33348,00
12.03.2015;17,70;17,80;17,48;17,64;25901,00
13.03.2015;17,76;17,76;17,37;17,50;19448,00
16.03.2015;17,50;17,51;16,95;17,20;23605,00
17.03.2015;17,33;17,33;16,96;17,19;366685,00
18.03.2015;17,20;17,75;17,20;17,67;258147,00
19.03.2015;17,56;17,83;17,35;17,79;22451,00
20.03.2015;17,79;17,99;17,61;17,95;31514,00
23.03.2015;17,95;18,20;17,92;18,00;40069,00
24.03.2015;18,01;18,10;17,24;17,79;18131,00
25.03.2015;17,99;17,99;17,61;17,85;27950,00
26.03.2015;17,43;17,43;16,54;16,88;26255,00
27.03.2015;16,80;17,09;16,67;17,09;22194,00
30.03.2015;17,00;19,35;16,84;17,65;126300,00
31.03.2015;17,66;17,79;17,48;17,79;33398,00
01.04.2015;17,40;18,00;17,38;18,00;48703,00
02.04.2015;17,90;18,22;17,75;18,09;66751,00
07.04.2015;18,00;18,10;17,90;18,05;66383,00
08.04.2015;18,20;18,50;17,95;18,00;40354,00
09.04.2015;18,00;18,09;17,92;18,09;49004,00
10.04.2015;17,90;18,97;17,90;18,97;52166,00
13.04.2015;18,69;18,84;18,31;18,39;29751,00
14.04.2015;18,32;18,93;18,16;18,62;46709,00
15.04.2015;18,60;18,80;18,42;18,69;19901,00
16.04.2015;18,65;18,89;18,50;18,84;26719,00
17.04.2015;18,84;18,92;18,45;18,83;22660,00
20.04.2015;18,61;18,76;18,40;18,55;26362,00
21.04.2015;18,50;18,60;17,79;17,83;34226,00
22.04.2015;17,86;18,02;17,41;17,45;36937,00
23.04.2015;17,48;17,70;16,92;17,03;28458,00
24.04.2015;17,03;17,23;17,01;17,04;122276,00
27.04.2015;17,00;17,40;17,00;17,10;107660,00
28.04.2015;17,10;17,17;16,88;16,93;35976,00
29.04.2015;17,82;18,00;17,10;17,25;59121,00
30.04.2015;17,25;18,41;17,25;18,41;128312,00
04.05.2015;18,36;18,66;18,06;18,64;48414,00
05.05.2015;18,61;18,86;18,37;18,86;33484,00
06.05.2015;18,86;19,00;18,65;18,95;53608,00
07.05.2015;18,65;18,95;18,43;18,66;35761,00
08.05.2015;18,59;18,92;18,48;18,86;618034,00
11.05.2015;18,86;19,22;18,85;19,07;37381,00
12.05.2015;19,07;19,07;18,61;18,76;82179,00
13.05.2015;18,56;18,95;18,56;18,84;56270,00
15.05.2015;18,90;18,90;18,61;18,81;20297,00
18.05.2015;18,75;18,93;18,70;18,90;30427,00
19.05.2015;18,94;18,99;18,45;18,71;22743,00
20.05.2015;18,71;18,75;18,50;18,58;11404,00
21.05.2015;18,60;18,90;18,48;18,76;45243,00
22.05.2015;18,74;19,50;18,73;19,32;141413,00
25.05.2015;19,29;19,39;18,68;18,86;9323,00
26.05.2015;19,12;19,12;18,43;18,48;30170,00
27.05.2015;18,48;18,50;17,90;18,00;38413,00
28.05.2015;18,00;18,22;17,86;17,95;42440,00
29.05.2015;17,90;18,04;17,35;17,49;93704,00
01.06.2015;17,50;17,84;17,42;17,61;55134,00
02.06.2015;17,48;17,92;17,20;17,50;47952,00
03.06.2015;17,48;18,13;17,41;17,64;37554,00
04.06.2015;17,52;17,63;17,21;17,24;21406,00
05.06.2015;17,39;17,49;16,75;17,03;43656,00
08.06.2015;17,04;17,06;16,55;16,71;34940,00
09.06.2015;16,85;16,85;15,88;16,00;144578,00
10.06.2015;16,00;16,33;15,93;16,17;92895,00
11.06.2015;16,21;16,68;16,05;16,43;99396,00
12.06.2015;16,63;16,65;16,12;16,51;53093,00
15.06.2015;16,20;16,57;16,06;16,39;47172,00
16.06.2015;16,34;16,78;16,12;16,53;54579,00
17.06.2015;16,53;17,20;16,49;17,04;112179,00
18.06.2015;17,00;17,73;16,81;17,27;844052,00
22.06.2015;17,25;17,72;17,12;17,59;104069,00
23.06.2015;17,63;18,03;17,63;17,92;46269,00
24.06.2015;17,92;17,94;17,41;17,72;32626,00
25.06.2015;17,70;17,97;17,64;17,97;42808,00
26.06.2015;17,90;18,25;17,86;18,25;25055,00
29.06.2015;17,55;17,89;17,55;17,77;155292,00
30.06.2015;17,62;17,87;17,24;17,83;42257,00
01.07.2015;17,60;18,11;17,39;17,39;21149,00
02.07.2015;17,38;17,56;16,81;17,33;26207,00
03.07.2015;16,91;17,52;16,91;17,40;19183,00
06.07.2015;17,30;17,30;16,83;17,10;26928,00
07.07.2015;17,30;17,30;16,93;16,93;51800,00
08.07.2015;17,00;17,34;16,85;17,09;28549,00
09.07.2015;17,00;17,82;17,00;17,71;18821,00
10.07.2015;17,75;17,87;17,59;17,80;15883,00
13.07.2015;17,80;18,26;17,59;18,24;19897,00
14.07.2015;18,19;18,20;17,96;18,18;9666,00
15.07.2015;18,00;18,43;17,91;18,38;15420,00
16.07.2015;18,38;18,38;17,96;18,20;23700,00
17.07.2015;18,30;18,42;17,97;18,10;20138,00
20.07.2015;18,00;18,30;17,80;17,82;38652,00
21.07.2015;18,18;18,18;17,39;17,56;36385,00
22.07.2015;17,57;17,57;17,03;17,21;17495,00
23.07.2015;17,33;17,38;17,11;17,24;19096,00
24.07.2015;17,21;17,47;17,09;17,15;20068,00
27.07.2015;17,26;17,27;16,94;17,04;18842,00
28.07.2015;17,20;17,20;16,91;17,19;18270,00
29.07.2015;17,01;17,24;16,92;17,05;12050,00
30.07.2015;16,95;17,10;16,87;17,05;22288,00
31.07.2015;17,05;17,56;17,05;17,56;27111,00
03.08.2015;17,52;17,67;17,39;17,60;17773,00
04.08.2015;17,20;17,77;17,18;17,62;19441,00
05.08.2015;17,64;18,15;17,58;17,93;28993,00
06.08.2015;17,80;18,07;17,75;17,99;44741,00
07.08.2015;17,81;17,93;17,69;17,76;29534,00
10.08.2015;17,75;17,76;17,15;17,15;20223,00
11.08.2015;17,25;17,36;16,60;16,67;30461,00
12.08.2015;16,67;16,90;16,30;16,35;24001,00
13.08.2015;17,00;17,00;16,33;16,40;30968,00
14.08.2015;16,37;16,55;16,33;16,36;20770,00
17.08.2015;16,45;16,74;16,32;16,44;31270,00
18.08.2015;16,45;16,75;16,13;16,28;29637,00
19.08.2015;16,20;16,31;16,10;16,22;16169,00
20.08.2015;16,18;16,18;15,61;15,80;41189,00
21.08.2015;15,65;15,80;15,56;15,59;13094,00
24.08.2015;15,61;15,65;14,99;15,34;41742,00
25.08.2015;15,50;16,25;15,50;15,70;43540,00
26.08.2015;15,80;15,90;15,37;15,66;43692,00
27.08.2015;15,81;16,13;15,42;15,60;37510,00
28.08.2015;15,78;16,44;15,45;16,44;87568,00
31.08.2015;16,38;16,38;15,34;15,51;71651,00
01.09.2015;15,47;15,47;15,03;15,07;46974,00
02.09.2015;15,10;15,33;14,88;14,92;42526,00
03.09.2015;15,18;15,36;14,76;15,18;76495,00
04.09.2015;15,24;15,24;14,86;14,93;10010,00
07.09.2015;15,00;15,14;14,75;14,85;9759,00
08.09.2015;14,90;15,08;14,90;15,06;16536,00
09.09.2015;15,43;15,43;15,00;15,19;48729,00
10.09.2015;15,18;15,18;14,90;15,04;11464,00
11.09.2015;15,00;15,02;14,94;15,02;4179,00
14.09.2015;15,03;15,13;14,97;15,09;30137,00
15.09.2015;15,00;15,41;14,95;15,37;20089,00
16.09.2015;15,38;15,46;15,25;15,38;31089,00
17.09.2015;15,45;15,45;15,19;15,31;14568,00
18.09.2015;15,22;15,22;14,83;14,84;25000,00
21.09.2015;14,82;14,95;14,78;14,80;26987,00
22.09.2015;14,94;14,94;14,71;14,85;83770,00
23.09.2015;14,89;14,93;14,71;14,82;29173,00
24.09.2015;14,94;14,94;14,60;14,71;122173,00
25.09.2015;14,88;15,12;14,80;15,00;61660,00
28.09.2015;15,00;15,00;14,73;14,83;24362,00
29.09.2015;14,82;14,98;14,60;14,89;19369,00
30.09.2015;14,89;15,00;14,72;14,85;105800,00
01.10.2015;15,00;15,32;14,88;15,12;69888,00
02.10.2015;15,10;15,44;15,06;15,23;17306,00
05.10.2015;15,50;15,66;15,25;15,54;72982,00
06.10.2015;15,70;16,01;15,47;15,95;20293,00
07.10.2015;15,80;16,10;15,66;15,72;18473,00
08.10.2015;15,35;15,93;15,35;15,70;7151,00
09.10.2015;15,37;16,07;15,37;15,95;11521,00
12.10.2015;16,17;16,41;16,00;16,33;17700,00
13.10.2015;16,00;16,32;15,87;16,05;17513,00
14.10.2015;15,98;16,16;15,85;16,01;7608,00
15.10.2015;16,03;16,33;15,99;16,22;8834,00
16.10.2015;16,10;16,39;16,10;16,35;12709,00
19.10.2015;16,35;16,72;16,35;16,60;11957,00
20.10.2015;15,10;16,68;15,10;16,60;21730,00
21.10.2015;16,60;16,62;16,44;16,55;16172,00
22.10.2015;16,67;16,69;16,38;16,50;19587,00
23.10.2015;16,72;16,72;16,41;16,54;15958,00
26.10.2015;16,55;16,75;16,11;16,60;6860,00
27.10.2015;16,50;16,60;16,31;16,42;8754,00
28.10.2015;16,55;16,71;16,35;16,67;26488,00
29.10.2015;16,50;16,90;16,27;16,90;22872,00
30.10.2015;16,90;16,95;16,50;16,69;11809,00
02.11.2015;16,58;17,16;16,58;17,05;15388,00
03.11.2015;17,10;17,64;17,10;17,63;18745,00
04.11.2015;17,30;17,54;17,07;17,15;366194,00
05.11.2015;17,02;17,05;16,16;16,50;53090,00
06.11.2015;16,40;16,62;16,40;16,49;29881,00
09.11.2015;16,54;16,80;16,38;16,47;20706,00
10.11.2015;16,30;16,69;16,16;16,47;47483,00
11.11.2015;16,83;16,83;16,41;16,51;19550,00
12.11.2015;16,45;16,62;16,20;16,24;17328,00
13.11.2015;16,16;16,21;15,37;15,54;70247,00
16.11.2015;15,50;15,73;15,41;15,50;13892,00
17.11.2015;15,97;15,97;15,36;15,41;19934,00
18.11.2015;15,79;15,79;15,36;15,38;39595,00
19.11.2015;15,52;15,68;15,44;15,55;26959,00
20.11.2015;15,70;16,12;15,60;15,98;14133,00
23.11.2015;16,00;16,34;16,00;16,11;12727,00
24.11.2015;16,11;16,15;15,98;16,02;20678,00
25.11.2015;15,93;16,20;15,93;16,10;19183,00
26.11.2015;16,00;16,28;16,00;16,10;4128,00
27.11.2015;16,10;16,17;16,04;16,06;4878,00
30.11.2015;16,01;16,29;16,01;16,10;56539,00
01.12.2015;16,20;16,44;16,16;16,29;9332,00
02.12.2015;16,29;16,44;16,29;16,43;11066,00
03.12.2015;16,45;16,95;16,35;16,41;35291,00
04.12.2015;16,42;16,60;16,28;16,54;18837,00
07.12.2015;16,49;16,65;16,39;16,39;11524,00
08.12.2015;16,39;16,55;16,19;16,21;13813,00
09.12.2015;16,30;16,79;16,18;16,61;19191,00
10.12.2015;16,61;16,90;16,59;16,90;13146,00
11.12.2015;16,83;16,97;16,60;16,86;40987,00
14.12.2015;16,19;16,88;16,19;16,74;20984,00
15.12.2015;16,74;16,74;16,45;16,68;16222,00
16.12.2015;16,80;16,80;16,10;16,17;41605,00
17.12.2015;16,20;16,40;15,70;15,77;44201,00
18.12.2015;15,92;16,16;15,71;16,10;41407,00
21.12.2015;16,02;16,24;15,90;16,14;35571,00
22.12.2015;16,49;16,49;15,94;16,00;9720,00
23.12.2015;16,00;16,31;16,00;16,31;4226,00
28.12.2015;16,07;16,35;16,07;16,35;3408,00
29.12.2015;16,35;16,97;16,15;16,19;21115,00
30.12.2015;16,10;16,40;16,10;16,11;7701,00
04.01.2016;16,10;16,39;15,84;16,39;33998,00
05.01.2016;15,90;16,39;15,90;16,39;6889,00
07.01.2016;16,33;16,33;15,67;16,00;20272,00
08.01.2016;15,98;16,33;15,93;16,02;9554,00
11.01.2016;16,20;16,20;15,83;15,85;17741,00
12.01.2016;15,85;16,06;15,85;16,05;9064,00
13.01.2016;16,10;16,36;16,10;16,30;168902,00
14.01.2016;16,00;16,15;15,44;15,44;149570,00
15.01.2016;15,97;15,97;15,10;15,27;17355,00
18.01.2016;15,53;15,63;15,01;15,17;12132,00
19.01.2016;15,20;15,50;15,09;15,11;12388,00
20.01.2016;15,11;15,11;14,53;14,58;23287,00
21.01.2016;14,90;15,45;14,41;15,45;19655,00
22.01.2016;15,15;15,44;15,05;15,17;19417,00
25.01.2016;15,10;15,14;14,82;14,82;15333,00
26.01.2016;14,97;15,22;14,81;14,87;20307,00
27.01.2016;15,19;15,19;14,83;14,90;10872,00
28.01.2016;14,90;15,41;14,90;15,41;18427,00
29.01.2016;15,40;15,62;15,00;15,62;5966,00
01.02.2016;15,62;16,00;15,55;15,89;15564,00
02.02.2016;15,70;15,80;15,50;15,53;5920,00
03.02.2016;15,09;15,69;15,09;15,20;9791,00
04.02.2016;15,40;15,78;15,40;15,72;31547,00
05.02.2016;15,59;15,69;15,27;15,50;7728,00
08.02.2016;15,50;15,67;15,16;15,55;10423,00
09.02.2016;15,25;15,86;15,05;15,30;61263,00
10.02.2016;15,35;15,63;15,31;15,60;29193,00
11.02.2016;15,68;15,68;14,94;14,95;10587,00
12.02.2016;15,48;15,48;14,56;14,56;28671,00
15.02.2016;14,62;15,00;14,62;14,82;16752,00
16.02.2016;14,95;15,01;14,77;14,97;17098,00
17.02.2016;14,97;15,14;14,84;15,02;16386,00
18.02.2016;15,20;15,33;15,04;15,04;36746,00
19.02.2016;15,04;15,29;14,95;14,95;9538,00
22.02.2016;15,17;15,31;14,73;14,75;35297,00
23.02.2016;14,90;14,90;14,51;14,62;32572,00
24.02.2016;14,71;14,71;14,38;14,39;35936,00
25.02.2016;14,55;14,73;14,29;14,37;21681,00
26.02.2016;14,45;14,76;14,30;14,37;84674,00
29.02.2016;14,38;14,84;14,37;14,80;49683,00
01.03.2016;14,85;15,36;14,73;15,13;35977,00
02.03.2016;15,41;15,87;15,02;15,14;41314,00
03.03.2016;15,20;15,74;15,02;15,33;88079,00
04.03.2016;15,30;15,71;15,21;15,50;63510,00
07.03.2016;15,60;15,92;15,34;15,69;51985,00
08.03.2016;15,70;15,77;15,35;15,35;31625,00
09.03.2016;15,42;15,73;15,21;15,41;59681,00
10.03.2016;15,69;15,69;15,12;15,12;20654,00
11.03.2016;15,28;15,50;15,21;15,50;18718,00
14.03.2016;15,63;15,94;15,54;15,82;16929,00
15.03.2016;15,65;15,86;15,65;15,70;8396,00
16.03.2016;15,73;15,77;15,51;15,53;12826,00
17.03.2016;15,62;15,66;15,50;15,52;89079,00
18.03.2016;15,68;15,82;15,52;15,59;20877,00
21.03.2016;15,72;15,96;15,60;15,82;29849,00
22.03.2016;15,84;15,93;15,75;15,84;28607,00
23.03.2016;15,90;16,00;15,84;15,90;64333,00
24.03.2016;15,90;16,12;15,85;15,90;19577,00
29.03.2016;16,15;16,19;15,98;16,00;11836,00
30.03.2016;16,13;16,29;16,07;16,11;21879,00
31.03.2016;16,20;16,25;15,96;15,96;13952,00
01.04.2016;16,00;16,00;15,75;15,80;24038,00
04.04.2016;15,88;15,95;15,77;15,81;19917,00
05.04.2016;15,88;15,94;15,61;15,75;18300,00
06.04.2016;15,75;15,81;15,57;15,71;23362,00
07.04.2016;15,50;15,50;14,87;14,95;30427,00
08.04.2016;15,10;15,25;14,84;14,84;22231,00
11.04.2016;15,20;15,20;14,88;15,01;18978,00
12.04.2016;15,04;15,11;14,86;15,03;12763,00
13.04.2016;15,08;15,38;15,04;15,21;10723,00
14.04.2016;15,08;15,51;15,08;15,20;12520,00
15.04.2016;15,36;15,50;15,23;15,24;24364,00
18.04.2016;15,48;15,48;15,20;15,25;14295,00
19.04.2016;15,25;15,35;15,22;15,35;9686,00
20.04.2016;15,35;15,45;15,18;15,40;141743,00
21.04.2016;15,40;15,46;15,29;15,45;12725,00
22.04.2016;15,50;15,50;15,23;15,23;14900,00
25.04.2016;15,41;15,41;15,20;15,23;26114,00
26.04.2016;15,12;15,42;15,12;15,41;12249,00
27.04.2016;15,35;15,56;15,15;15,15;16415,00
28.04.2016;15,27;15,32;15,08;15,22;5875,00
29.04.2016;14,91;15,34;14,90;15,31;20965,00
02.05.2016;15,30;15,43;15,20;15,40;6979,00
03.05.2016;15,40;15,42;15,05;15,35;123563,00
04.05.2016;15,22;15,25;15,05;15,25;17614,00
06.05.2016;15,25;15,45;15,19;15,39;6830,00
09.05.2016;15,40;15,53;15,18;15,42;13098,00
10.05.2016;15,50;15,50;15,12;15,38;8914,00
11.05.2016;15,10;15,46;15,05;15,46;21481,00
12.05.2016;15,47;15,47;15,16;15,31;8966,00
13.05.2016;15,45;15,46;15,10;15,42;8985,00
16.05.2016;15,46;15,50;15,17;15,30;3623,00
17.05.2016;15,41;15,41;15,22;15,39;2291,00
18.05.2016;15,30;15,47;15,20;15,47;61604,00
19.05.2016;15,50;15,68;15,24;15,54;19711,00
20.05.2016;15,54;15,54;15,30;15,30;5457,00
23.05.2016;15,25;15,62;15,25;15,42;12054,00
24.05.2016;15,47;15,50;15,26;15,40;6300,00
25.05.2016;15,39;15,62;15,39;15,54;6423,00
26.05.2016;15,51;15,90;15,51;15,90;11655,00
27.05.2016;15,90;15,90;15,62;15,66;105087,00
30.05.2016;15,60;15,85;15,60;15,85;7293,00
31.05.2016;15,85;15,90;15,60;15,67;74141,00
01.06.2016;15,70;15,75;15,50;15,62;6192,00
02.06.2016;15,66;15,76;15,45;15,50;16113,00
03.06.2016;15,60;15,79;15,47;15,47;4693,00
06.06.2016;15,48;15,96;15,48;15,96;175468,00
07.06.2016;15,65;15,89;15,50;15,62;22546,00
08.06.2016;15,55;15,89;15,55;15,71;29033,00
09.06.2016;15,71;15,95;15,71;15,95;53508,00
10.06.2016;15,90;16,00;15,57;15,66;18358,00
13.06.2016;15,55;15,80;15,00;15,23;96783,00
14.06.2016;15,50;15,50;14,92;14,93;28131,00
15.06.2016;15,30;15,30;14,61;14,70;117580,00
16.06.2016;14,67;15,13;14,67;14,92;49545,00
17.06.2016;15,26;15,26;14,70;14,70;125637,00
20.06.2016;14,95;15,14;14,94;14,97;24680,00
21.06.2016;14,98;15,18;14,94;15,16;41184,00
22.06.2016;15,40;15,68;15,30;15,50;43710,00
23.06.2016;15,52;15,80;15,51;15,80;38099,00
27.06.2016;15,06;15,65;15,00;15,54;232519,00
28.06.2016;15,55;15,75;15,43;15,57;238055,00
29.06.2016;15,73;16,07;15,64;15,81;188813,00
30.06.2016;15,83;16,43;15,81;16,26;129395,00
01.07.2016;16,28;16,87;16,02;16,73;84000,00
04.07.2016;16,50;16,83;16,50;16,57;31895,00
05.07.2016;16,25;16,58;16,25;16,41;26862,00
06.07.2016;16,06;16,36;16,06;16,22;92258,00
07.07.2016;16,22;16,69;16,22;16,56;74128,00
08.07.2016;16,56;16,75;16,42;16,63;27711,00
11.07.2016;16,75;16,88;16,52;16,75;18294,00
12.07.2016;16,68;16,73;16,43;16,43;49410,00
13.07.2016;16,50;16,57;16,35;16,44;57152,00
14.07.2016;16,44;16,62;16,41;16,57;48039,00
15.07.2016;16,64;16,64;16,41;16,50;29472,00
18.07.2016;16,66;16,66;16,39;16,49;22498,00
19.07.2016;16,68;16,83;16,37;16,83;54980,00
20.07.2016;16,80;17,17;16,70;17,17;130346,00
21.07.2016;16,70;17,09;16,70;16,84;23798,00
22.07.2016;16,70;17,29;16,70;17,10;32889,00
25.07.2016;16,80;17,39;16,80;17,29;33191,00
26.07.2016;17,29;17,50;16,94;17,38;36939,00
27.07.2016;17,38;17,48;17,21;17,36;113445,00
28.07.2016;17,23;17,44;17,15;17,26;21335,00
29.07.2016;17,25;17,37;17,07;17,21;29580,00
01.08.2016;17,19;17,26;16,88;17,06;34331,00
02.08.2016;16,60;17,04;16,60;16,87;74678,00
03.08.2016;16,87;17,34;16,87;17,33;38417,00
04.08.2016;16,96;17,80;16,90;17,71;66038,00
05.08.2016;17,72;18,67;17,72;18,66;121483,00
08.08.2016;18,45;18,73;18,21;18,66;106389,00
09.08.2016;18,20;18,73;18,20;18,61;49036,00
10.08.2016;18,20;18,73;18,20;18,57;47815,00
11.08.2016;18,50;18,65;18,47;18,55;34042,00
12.08.2016;18,50;18,77;18,45;18,68;69552,00
15.08.2016;18,70;18,95;18,70;18,92;21299,00
16.08.2016;18,80;18,94;18,80;18,92;69547,00
17.08.2016;18,85;19,00;18,84;18,88;81085,00
18.08.2016;18,87;19,49;18,87;19,37;60588,00
19.08.2016;19,08;19,43;19,08;19,28;46569,00
22.08.2016;19,14;19,30;19,09;19,10;43813,00
23.08.2016;19,09;19,19;19,00;19,02;28813,00
24.08.2016;19,00;19,13;18,88;18,94;101333,00
25.08.2016;18,90;18,91;18,60;18,74;52936,00
26.08.2016;18,77;18,81;18,54;18,66;40561,00
29.08.2016;18,70;18,84;18,50;18,80;39511,00
30.08.2016;18,80;19,14;18,80;19,11;81054,00
31.08.2016;19,00;19,26;18,84;19,14;137162,00
01.09.2016;19,14;19,26;18,36;18,96;106916,00
02.09.2016;18,33;19,05;18,33;19,05;100566,00
05.09.2016;18,99;19,25;18,95;19,25;48242,00
06.09.2016;19,00;19,35;18,92;18,99;44152,00
07.09.2016;18,69;19,10;18,69;19,05;87102,00
08.09.2016;19,05;19,36;19,04;19,23;51774,00
09.09.2016;18,66;19,21;18,66;19,16;50996,00
12.09.2016;18,73;18,94;18,54;18,60;51656,00
13.09.2016;18,61;19,07;18,61;18,95;89696,00
14.09.2016;18,95;19,20;18,75;19,11;42015,00
15.09.2016;18,80;19,24;18,80;19,15;40970,00
16.09.2016;19,12;19,37;18,86;19,32;53529,00
19.09.2016;18,86;19,38;18,86;19,26;36040,00
20.09.2016;18,87;19,20;18,87;18,98;45613,00
21.09.2016;19,02;19,08;18,71;18,75;55861,00
22.09.2016;18,75;19,29;18,75;19,18;127264,00
23.09.2016;18,98;19,57;18,98;19,41;49977,00
26.09.2016;19,20;19,43;19,18;19,27;34562,00
27.09.2016;19,27;19,30;18,83;19,18;49984,00
28.09.2016;19,23;19,72;19,18;19,49;186468,00
29.09.2016;19,58;19,76;19,44;19,65;103980,00
30.09.2016;19,50;19,58;19,08;19,15;110946,00
03.10.2016;19,15;19,44;19,11;19,36;69661,00
04.10.2016;19,44;19,62;19,30;19,55;59784,00
05.10.2016;19,60;19,60;19,40;19,47;26319,00
06.10.2016;19,60;19,65;19,42;19,55;57968,00
07.10.2016;19,48;19,57;19,30;19,51;52957,00
10.10.2016;19,55;19,57;19,40;19,47;25235,00
11.10.2016;19,46;19,53;19,37;19,53;28969,00
12.10.2016;19,50;19,60;19,49;19,56;57917,00
13.10.2016;19,50;19,50;19,01;19,05;45916,00
14.10.2016;18,85;19,26;18,85;19,25;43739,00
17.10.2016;19,26;19,29;19,07;19,17;26170,00
18.10.2016;18,95;19,39;18,95;19,31;23133,00
19.10.2016;19,13;19,41;19,13;19,41;28272,00
20.10.2016;19,45;19,48;19,26;19,41;153622,00
21.10.2016;19,40;19,48;19,30;19,46;21643,00
24.10.2016;19,50;19,57;19,42;19,52;27731,00
25.10.2016;19,40;19,50;19,23;19,45;34107,00
26.10.2016;19,40;19,42;19,13;19,37;33923,00
27.10.2016;19,35;19,58;19,14;19,47;70952,00
28.10.2016;18,49;18,49;17,40;18,19;192883,00
31.10.2016;18,03;18,05;17,54;17,55;231384,00
01.11.2016;17,53;17,56;17,01;17,05;80434,00
02.11.2016;18,15;18,15;16,95;17,14;40426,00
03.11.2016;16,93;17,13;16,87;16,87;57659,00
04.11.2016;16,97;16,97;16,55;16,81;43176,00
07.11.2016;16,84;17,02;16,66;16,81;44454,00
08.11.2016;16,83;16,97;16,81;16,90;71365,00
09.11.2016;16,50;17,07;16,40;17,00;55206,00
10.11.2016;17,00;17,34;16,95;17,01;36045,00
11.11.2016;17,22;17,22;16,77;16,88;70579,00
14.11.2016;16,85;16,93;16,68;16,91;49164,00
15.11.2016;17,02;17,12;16,75;16,89;35714,00
16.11.2016;17,15;17,15;16,94;16,97;46126,00
17.11.2016;16,97;17,25;16,91;17,05;38480,00
18.11.2016;17,02;17,25;16,95;17,19;45344,00
21.11.2016;17,19;17,48;17,17;17,36;26822,00
22.11.2016;17,54;17,54;17,31;17,32;49438,00
