date;open;high;low;close;volume
02.01.2012;0,75;0,77;0,65;0,77;30035,00
03.01.2012;0,82;1,08;0,82;1,08;69210,00
04.01.2012;1,09;1,10;0,95;0,95;62513,00
05.01.2012;0,95;1,02;0,95;0,98;17933,00
09.01.2012;1,00;1,01;0,97;0,97;10488,00
10.01.2012;0,95;1,02;0,95;1,00;31201,00
11.01.2012;1,00;1,03;0,98;0,98;41271,00
12.01.2012;1,02;1,02;0,99;1,02;13000,00
13.01.2012;1,00;1,00;0,99;0,99;27245,00
16.01.2012;0,98;0,99;0,98;0,98;18679,00
17.01.2012;0,98;0,99;0,96;0,98;15969,00
18.01.2012;0,98;0,99;0,97;0,97;3350,00
19.01.2012;0,98;0,99;0,97;0,98;7485,00
20.01.2012;0,97;0,97;0,90;0,97;8180,00
23.01.2012;0,97;1,00;0,93;0,94;11973,00
24.01.2012;0,94;0,95;0,94;0,95;4500,00
25.01.2012;0,98;0,98;0,95;0,97;1010,00
26.01.2012;0,95;0,95;0,95;0,95;7010,00
27.01.2012;0,95;0,96;0,95;0,95;3715,00
30.01.2012;0,95;0,95;0,94;0,94;1278,00
31.01.2012;0,95;0,95;0,95;0,95;405,00
01.02.2012;0,95;0,95;0,92;0,93;4459,00
02.02.2012;0,96;0,96;0,95;0,95;1900,00
03.02.2012;0,94;0,96;0,94;0,96;1600,00
06.02.2012;0,96;0,96;0,93;0,93;3800,00
07.02.2012;0,93;0,95;0,93;0,94;5898,00
08.02.2012;0,94;0,94;0,93;0,94;3707,00
09.02.2012;0,95;0,95;0,93;0,93;430,00
10.02.2012;0,95;0,95;0,93;0,93;1650,00
13.02.2012;0,94;0,95;0,93;0,95;2490,00
14.02.2012;0,95;0,96;0,92;0,96;2700,00
15.02.2012;0,95;0,95;0,95;0,95;300,00
16.02.2012;0,96;0,96;0,93;0,93;2080,00
17.02.2012;0,93;0,97;0,92;0,93;10601,00
20.02.2012;0,93;0,94;0,93;0,94;4730,00
21.02.2012;0,93;0,93;0,85;0,88;76661,00
22.02.2012;0,88;0,88;0,81;0,83;29848,00
23.02.2012;0,85;0,86;0,80;0,83;22590,00
24.02.2012;0,81;0,83;0,81;0,82;7900,00
27.02.2012;0,82;0,82;0,78;0,79;24280,00
28.02.2012;0,80;0,80;0,80;0,80;7350,00
29.02.2012;0,78;0,78;0,78;0,78;3300,00
01.03.2012;0,78;0,81;0,77;0,80;13137,00
02.03.2012;0,80;0,81;0,77;0,80;10300,00
05.03.2012;0,77;0,79;0,77;0,77;6848,00
06.03.2012;0,77;0,77;0,71;0,74;32800,00
07.03.2012;0,72;0,73;0,70;0,70;18205,00
08.03.2012;0,72;0,74;0,71;0,72;31145,00
09.03.2012;0,72;0,73;0,71;0,72;10050,00
12.03.2012;0,73;0,73;0,70;0,70;14165,00
13.03.2012;0,70;0,71;0,70;0,70;4724,00
14.03.2012;0,70;0,73;0,70;0,71;9650,00
15.03.2012;0,72;0,72;0,69;0,69;10502,00
16.03.2012;0,70;0,70;0,68;0,70;21056,00
19.03.2012;0,69;0,70;0,68;0,68;10213,00
20.03.2012;0,68;0,70;0,68;0,69;4450,00
21.03.2012;0,71;0,71;0,69;0,71;11050,00
22.03.2012;0,72;0,72;0,69;0,69;7944,00
23.03.2012;0,69;0,70;0,69;0,70;2084,00
26.03.2012;0,71;0,73;0,70;0,72;35564,00
27.03.2012;0,73;0,73;0,73;0,73;4200,00
28.03.2012;0,72;0,75;0,72;0,73;14351,00
29.03.2012;0,76;0,76;0,76;0,76;400,00
30.03.2012;0,76;0,78;0,76;0,78;14850,00
02.04.2012;0,78;0,78;0,76;0,76;9026,00
03.04.2012;0,76;0,77;0,76;0,76;3852,00
04.04.2012;0,77;0,77;0,74;0,74;2448,00
05.04.2012;0,74;0,75;0,74;0,75;2316,00
10.04.2012;0,75;0,75;0,75;0,75;1320,00
11.04.2012;0,74;0,74;0,73;0,73;4662,00
12.04.2012;0,73;0,73;0,73;0,73;2600,00
13.04.2012;0,74;0,75;0,71;0,75;3341,00
16.04.2012;0,75;0,75;0,75;0,75;650,00
17.04.2012;0,75;0,75;0,75;0,75;7276859,00
18.04.2012;0,78;0,78;0,73;0,78;1640,00
19.04.2012;0,78;0,78;0,78;0,78;800,00
20.04.2012;0,76;0,76;0,73;0,76;5315,00
23.04.2012;0,76;0,76;0,76;0,76;2686,00
24.04.2012;0,76;0,76;0,76;0,76;0,00
25.04.2012;0,76;0,76;0,74;0,74;2600,00
26.04.2012;0,74;0,74;0,74;0,74;700,00
27.04.2012;0,74;0,76;0,74;0,75;16330,00
30.04.2012;0,75;0,75;0,75;0,75;1700,00
02.05.2012;0,75;0,75;0,71;0,71;21934,00
03.05.2012;0,73;0,74;0,73;0,74;3718,00
04.05.2012;0,74;0,74;0,71;0,71;10607,00
07.05.2012;0,71;0,72;0,71;0,72;1770,00
08.05.2012;0,71;0,71;0,71;0,71;150,00
09.05.2012;0,73;0,73;0,73;0,73;500,00
10.05.2012;0,72;0,73;0,72;0,73;11507,00
11.05.2012;0,73;0,73;0,70;0,72;6606,00
14.05.2012;0,70;0,73;0,70;0,70;2275,00
15.05.2012;0,70;0,70;0,70;0,70;775,00
16.05.2012;0,73;0,73;0,69;0,69;1940,00
18.05.2012;0,69;0,69;0,67;0,67;8533,00
21.05.2012;0,67;0,67;0,67;0,67;0,00
22.05.2012;0,70;0,70;0,67;0,67;440,00
23.05.2012;0,67;0,67;0,67;0,67;4400,00
24.05.2012;0,67;0,67;0,67;0,67;250,00
25.05.2012;0,67;0,67;0,67;0,67;0,00
28.05.2012;0,74;0,74;0,72;0,72;4650,00
29.05.2012;0,72;0,72;0,72;0,72;50,00
30.05.2012;0,67;0,67;0,67;0,67;100,00
31.05.2012;0,67;0,67;0,67;0,67;0,00
01.06.2012;0,67;0,67;0,66;0,66;5730,00
04.06.2012;0,65;0,65;0,65;0,65;5922,00
05.06.2012;0,65;0,65;0,65;0,65;0,00
06.06.2012;0,65;0,65;0,60;0,64;30905,00
07.06.2012;0,64;0,64;0,64;0,64;150,00
08.06.2012;0,64;0,65;0,64;0,65;26045,00
11.06.2012;0,65;0,65;0,65;0,65;5211,00
12.06.2012;0,65;0,65;0,65;0,65;0,00
13.06.2012;0,65;0,65;0,65;0,65;0,00
14.06.2012;0,65;0,65;0,65;0,65;0,00
15.06.2012;0,62;0,65;0,61;0,65;3400,00
18.06.2012;0,66;0,66;0,66;0,66;4372,00
19.06.2012;0,69;0,69;0,64;0,64;1803,00
20.06.2012;0,63;0,70;0,63;0,70;14294,00
21.06.2012;0,70;0,70;0,70;0,70;2770,00
25.06.2012;0,70;0,70;0,70;0,70;1300,00
26.06.2012;0,70;0,70;0,70;0,70;0,00
27.06.2012;0,72;0,78;0,72;0,72;6671,00
28.06.2012;0,66;0,72;0,63;0,68;15559,00
29.06.2012;0,68;0,68;0,68;0,68;0,00
02.07.2012;0,68;0,68;0,68;0,68;0,00
03.07.2012;0,66;0,67;0,66;0,67;1104,00
04.07.2012;0,70;0,76;0,70;0,76;707,00
05.07.2012;0,76;0,76;0,76;0,76;0,00
06.07.2012;0,70;0,70;0,70;0,70;402,00
09.07.2012;0,72;0,72;0,70;0,70;550,00
10.07.2012;0,67;0,67;0,67;0,67;200,00
11.07.2012;0,67;0,67;0,67;0,67;0,00
12.07.2012;0,67;0,69;0,67;0,69;1950,00
13.07.2012;0,68;0,68;0,68;0,68;700,00
16.07.2012;0,69;0,69;0,69;0,69;200,00
17.07.2012;0,68;0,68;0,68;0,68;2500,00
18.07.2012;0,69;0,69;0,69;0,69;1000,00
19.07.2012;0,69;0,69;0,69;0,69;0,00
20.07.2012;0,69;0,69;0,69;0,69;0,00
23.07.2012;0,70;0,70;0,67;0,67;932,00
24.07.2012;0,67;0,67;0,67;0,67;2750,00
25.07.2012;0,67;0,72;0,67;0,72;693,00
26.07.2012;0,72;0,72;0,72;0,72;0,00
27.07.2012;0,72;0,72;0,72;0,72;0,00
30.07.2012;0,71;0,71;0,67;0,69;5000,00
31.07.2012;0,68;0,68;0,68;0,68;2155,00
01.08.2012;0,68;0,69;0,68;0,68;1029,00
02.08.2012;0,68;0,70;0,68;0,70;6435,00
03.08.2012;0,70;0,70;0,70;0,70;1000,00
06.08.2012;0,70;0,72;0,70;0,72;1045,00
07.08.2012;0,72;0,84;0,72;0,79;36136,00
08.08.2012;0,80;0,80;0,79;0,80;1515,00
09.08.2012;0,80;0,83;0,80;0,82;8430,00
10.08.2012;0,86;0,86;0,86;0,86;500,00
13.08.2012;0,84;0,84;0,84;0,84;2766,00
14.08.2012;0,85;0,85;0,84;0,84;3000,00
15.08.2012;0,84;0,84;0,84;0,84;1000,00
16.08.2012;0,86;0,86;0,86;0,86;500,00
17.08.2012;0,84;0,86;0,82;0,85;36140,00
20.08.2012;0,86;0,86;0,85;0,85;1200,00
21.08.2012;0,84;0,85;0,83;0,84;5414,00
22.08.2012;0,83;0,86;0,83;0,86;13234,00
23.08.2012;0,83;0,85;0,82;0,85;3524,00
24.08.2012;0,83;0,84;0,83;0,83;4211,00
27.08.2012;0,82;0,82;0,82;0,82;700,00
28.08.2012;0,83;0,84;0,83;0,84;1084,00
29.08.2012;0,83;0,84;0,82;0,83;6150,00
30.08.2012;0,82;0,83;0,82;0,83;4950,00
31.08.2012;0,82;0,82;0,82;0,82;6950,00
03.09.2012;0,81;0,81;0,81;0,81;4360,00
04.09.2012;0,81;0,81;0,81;0,81;0,00
05.09.2012;0,81;0,81;0,81;0,81;0,00
06.09.2012;0,81;0,81;0,80;0,80;6116,00
07.09.2012;0,83;0,83;0,83;0,83;384,00
10.09.2012;0,81;0,82;0,81;0,82;1443,00
11.09.2012;0,83;0,83;0,83;0,83;400,00
12.09.2012;0,82;0,85;0,82;0,85;20124,00
13.09.2012;0,85;0,85;0,85;0,85;300,00
14.09.2012;0,85;0,86;0,85;0,85;11112,00
17.09.2012;0,85;0,86;0,85;0,85;4350,00
18.09.2012;0,86;0,87;0,86;0,86;5100,00
19.09.2012;0,85;0,85;0,85;0,85;200,00
20.09.2012;0,85;0,85;0,85;0,85;0,00
21.09.2012;0,85;0,85;0,85;0,85;950,00
24.09.2012;0,81;0,82;0,81;0,82;640,00
25.09.2012;0,82;0,86;0,82;0,86;2573,00
26.09.2012;0,82;0,85;0,82;0,85;675,00
27.09.2012;0,85;0,85;0,85;0,85;0,00
28.09.2012;0,82;0,84;0,82;0,84;831,00
01.10.2012;0,82;0,84;0,81;0,84;3600,00
02.10.2012;0,83;0,84;0,82;0,83;5600,00
03.10.2012;0,84;0,84;0,84;0,84;500,00
04.10.2012;0,83;0,83;0,82;0,83;3517,00
05.10.2012;0,82;0,83;0,81;0,81;11244,00
08.10.2012;0,83;0,83;0,83;0,83;3100,00
09.10.2012;0,83;0,84;0,83;0,84;1119,00
10.10.2012;0,83;0,83;0,82;0,82;1240,00
11.10.2012;0,81;0,82;0,81;0,82;4860,00
12.10.2012;0,82;0,82;0,82;0,82;0,00
15.10.2012;0,82;0,82;0,80;0,80;5919,00
16.10.2012;0,82;0,82;0,82;0,82;250,00
17.10.2012;0,80;0,82;0,80;0,82;6100,00
18.10.2012;0,81;0,81;0,80;0,80;5500,00
19.10.2012;0,82;0,82;0,82;0,82;400,00
22.10.2012;0,80;0,82;0,80;0,81;3424,00
23.10.2012;0,80;0,85;0,80;0,83;7708,00
24.10.2012;0,80;0,80;0,80;0,80;435,00
25.10.2012;0,80;0,80;0,79;0,79;2118,00
26.10.2012;0,81;0,81;0,81;0,81;200,00
29.10.2012;0,82;0,84;0,82;0,84;6600,00
30.10.2012;0,84;0,84;0,80;0,81;7249,00
31.10.2012;0,83;0,85;0,83;0,85;13967,00
01.11.2012;0,84;0,84;0,84;0,84;2970,00
02.11.2012;0,83;0,83;0,83;0,83;2000,00
05.11.2012;0,82;0,83;0,82;0,83;7100,00
06.11.2012;0,83;0,84;0,82;0,84;6400,00
07.11.2012;0,83;0,83;0,82;0,82;11931,00
08.11.2012;0,83;0,83;0,82;0,82;2000,00
09.11.2012;0,83;0,83;0,82;0,82;8655,00
12.11.2012;0,84;0,84;0,81;0,81;5755,00
13.11.2012;0,83;0,83;0,81;0,81;14265,00
14.11.2012;0,82;0,82;0,80;0,80;3020,00
15.11.2012;0,80;0,82;0,80;0,82;7600,00
16.11.2012;0,81;0,81;0,81;0,81;30,00
19.11.2012;0,79;0,82;0,79;0,82;5987,00
20.11.2012;0,82;0,82;0,81;0,82;2258,00
21.11.2012;0,82;0,82;0,82;0,82;4054,00
22.11.2012;0,82;0,82;0,82;0,82;200,00
23.11.2012;0,82;0,83;0,82;0,83;1929,00
26.11.2012;0,84;0,84;0,84;0,84;960,00
27.11.2012;0,84;0,84;0,84;0,84;100,00
28.11.2012;0,83;0,83;0,82;0,82;1330,00
29.11.2012;0,83;0,83;0,82;0,82;8370,00
30.11.2012;0,82;0,82;0,82;0,82;600,00
03.12.2012;0,83;0,83;0,81;0,82;5700,00
04.12.2012;0,83;0,83;0,81;0,82;4400,00
05.12.2012;0,82;0,83;0,82;0,83;3600,00
07.12.2012;0,84;0,84;0,83;0,84;4894,00
10.12.2012;0,84;0,84;0,82;0,82;7210,00
11.12.2012;0,83;0,83;0,82;0,82;5200,00
12.12.2012;0,83;0,83;0,83;0,83;1150,00
13.12.2012;0,81;0,82;0,81;0,82;900,00
14.12.2012;0,83;0,84;0,82;0,82;18650,00
17.12.2012;0,82;0,82;0,82;0,82;1800,00
18.12.2012;0,82;0,84;0,82;0,84;4104,00
19.12.2012;0,84;0,85;0,84;0,84;8881,00
20.12.2012;0,83;0,85;0,83;0,83;16000,00
21.12.2012;0,82;0,84;0,82;0,82;11239,00
27.12.2012;0,86;0,86;0,82;0,82;5500,00
28.12.2012;0,83;0,84;0,81;0,82;27704,00
02.01.2013;0,82;0,88;0,82;0,88;20896,00
03.01.2013;0,88;0,88;0,86;0,88;7600,00
04.01.2013;0,92;0,92;0,89;0,92;3200,00
07.01.2013;0,92;0,92;0,86;0,88;11010,00
08.01.2013;0,91;0,91;0,91;0,91;370,00
09.01.2013;0,90;0,91;0,90;0,90;7060,00
10.01.2013;0,91;0,92;0,91;0,92;10700,00
11.01.2013;0,92;0,92;0,90;0,91;13052,00
14.01.2013;0,91;0,92;0,91;0,92;3797,00
15.01.2013;0,92;0,92;0,91;0,91;6100,00
16.01.2013;0,91;0,93;0,91;0,93;11500,00
17.01.2013;0,92;0,93;0,91;0,93;2655,00
18.01.2013;0,93;0,93;0,91;0,92;3575,00
21.01.2013;0,91;0,91;0,91;0,91;300,00
22.01.2013;0,91;0,91;0,91;0,91;0,00
23.01.2013;0,90;0,93;0,90;0,93;1400,00
24.01.2013;0,92;0,92;0,90;0,92;5860,00
25.01.2013;0,92;0,95;0,92;0,93;8100,00
28.01.2013;0,93;0,94;0,93;0,94;5200,00
29.01.2013;0,94;0,95;0,94;0,95;11600,00
30.01.2013;0,95;0,95;0,91;0,93;28700,00
31.01.2013;0,91;0,91;0,91;0,91;8823,00
01.02.2013;0,92;0,92;0,92;0,92;5760,00
04.02.2013;0,93;0,93;0,91;0,92;2980,00
05.02.2013;0,92;0,93;0,91;0,91;7763,00
06.02.2013;0,91;0,94;0,91;0,93;12164,00
07.02.2013;0,93;0,93;0,91;0,91;1820,00
08.02.2013;0,93;0,93;0,91;0,93;10300,00
11.02.2013;0,93;0,94;0,91;0,93;10413,00
12.02.2013;0,93;0,95;0,91;0,91;24071,00
13.02.2013;0,91;0,91;0,91;0,91;0,00
14.02.2013;0,94;0,96;0,92;0,92;10037,00
15.02.2013;0,94;0,94;0,92;0,93;3630,00
18.02.2013;0,92;0,93;0,92;0,93;3100,00
19.02.2013;0,93;0,94;0,92;0,92;1989,00
20.02.2013;0,93;0,94;0,93;0,94;5300,00
21.02.2013;0,92;0,92;0,92;0,92;1000,00
22.02.2013;0,93;0,94;0,92;0,92;11535,00
25.02.2013;0,92;0,93;0,90;0,90;35000,00
26.02.2013;0,89;0,89;0,88;0,88;11465,00
27.02.2013;0,90;0,92;0,89;0,89;7980,00
28.02.2013;0,89;0,89;0,86;0,86;21334,00
01.03.2013;0,87;0,90;0,86;0,88;13100,00
04.03.2013;0,87;0,89;0,84;0,87;15225,00
05.03.2013;0,87;0,87;0,84;0,86;3843,00
06.03.2013;0,86;0,89;0,86;0,89;8600,00
07.03.2013;0,90;0,90;0,86;0,87;11051,00
08.03.2013;0,87;0,88;0,87;0,88;5670,00
11.03.2013;0,87;0,87;0,87;0,87;1250,00
12.03.2013;0,87;0,89;0,87;0,87;10299,00
13.03.2013;0,88;0,88;0,84;0,85;16246,00
14.03.2013;0,86;0,87;0,86;0,87;2300,00
15.03.2013;0,88;0,88;0,85;0,86;4604,00
18.03.2013;0,87;0,87;0,86;0,86;3200,00
19.03.2013;0,85;0,85;0,85;0,85;500,00
20.03.2013;0,86;0,86;0,86;0,86;2000,00
21.03.2013;0,87;0,87;0,87;0,87;10770,00
22.03.2013;0,87;0,87;0,86;0,86;1110,00
25.03.2013;0,86;0,86;0,86;0,86;3710,00
26.03.2013;0,86;0,87;0,86;0,87;1850,00
27.03.2013;0,87;0,87;0,86;0,86;4040,00
28.03.2013;0,86;0,87;0,86;0,87;3526,00
02.04.2013;0,86;0,88;0,86;0,88;2800,00
03.04.2013;0,86;0,86;0,86;0,86;350,00
04.04.2013;0,87;0,87;0,85;0,85;9995,00
05.04.2013;0,88;0,88;0,87;0,87;2953,00
08.04.2013;0,87;0,87;0,85;0,87;6200,00
09.04.2013;0,88;0,89;0,86;0,86;4114,00
10.04.2013;0,86;0,86;0,86;0,86;300,00
11.04.2013;0,86;0,86;0,86;0,86;0,00
12.04.2013;0,87;0,88;0,86;0,86;5480,00
15.04.2013;0,88;0,88;0,88;0,88;2800,00
16.04.2013;0,88;0,88;0,86;0,86;5274,00
17.04.2013;0,87;0,89;0,87;0,89;12128,00
18.04.2013;0,88;0,88;0,87;0,88;22733,00
19.04.2013;0,88;0,88;0,88;0,88;0,00
22.04.2013;0,87;0,87;0,87;0,87;900,00
23.04.2013;0,87;0,87;0,85;0,85;370,00
24.04.2013;0,85;0,85;0,85;0,85;590,00
25.04.2013;0,85;0,87;0,85;0,85;2210,00
26.04.2013;0,84;0,88;0,83;0,88;5300,00
29.04.2013;0,87;0,87;0,83;0,83;2720,00
30.04.2013;0,87;0,87;0,87;0,87;3365,00
02.05.2013;0,87;0,87;0,87;0,87;200,00
03.05.2013;0,87;0,87;0,86;0,86;2425,00
06.05.2013;0,87;0,88;0,86;0,87;15024,00
07.05.2013;0,88;0,88;0,88;0,88;51554,00
08.05.2013;0,89;0,91;0,88;0,91;29519,00
10.05.2013;0,90;0,94;0,90;0,94;30806,00
13.05.2013;0,93;0,94;0,92;0,94;26526,00
14.05.2013;0,90;0,90;0,90;0,90;630,00
15.05.2013;0,91;0,92;0,91;0,92;10155,00
16.05.2013;0,90;0,92;0,90;0,91;21200,00
17.05.2013;0,91;0,91;0,89;0,89;10000,00
20.05.2013;0,90;0,92;0,89;0,92;5955,00
21.05.2013;0,90;0,90;0,90;0,90;3230,00
22.05.2013;0,90;0,91;0,89;0,89;10893,00
23.05.2013;0,89;0,90;0,89;0,89;5385,00
24.05.2013;0,89;0,89;0,88;0,88;3700,00
27.05.2013;0,89;0,89;0,89;0,89;2840,00
28.05.2013;0,91;0,91;0,89;0,90;3010,00
29.05.2013;0,89;0,90;0,89;0,90;9061,00
30.05.2013;0,90;0,90;0,89;0,89;5600,00
31.05.2013;0,89;0,89;0,89;0,89;1439,00
03.06.2013;0,89;0,89;0,87;0,87;10445,00
04.06.2013;0,87;0,87;0,87;0,87;1033,00
05.06.2013;0,88;0,88;0,87;0,87;6987,00
06.06.2013;0,87;0,87;0,86;0,86;7630,00
07.06.2013;0,86;0,86;0,86;0,86;3053,00
10.06.2013;0,86;0,86;0,85;0,86;36079,00
11.06.2013;0,86;0,86;0,85;0,85;14683,00
12.06.2013;0,85;0,86;0,84;0,86;6940,00
13.06.2013;0,86;0,86;0,84;0,85;3590,00
14.06.2013;0,86;0,86;0,86;0,86;4200,00
17.06.2013;0,87;0,87;0,87;0,87;6740,00
18.06.2013;0,85;0,85;0,84;0,84;4800,00
19.06.2013;0,84;0,85;0,84;0,85;13915,00
20.06.2013;0,83;0,86;0,83;0,86;880,00
24.06.2013;0,86;0,86;0,85;0,86;1245,00
25.06.2013;0,85;0,85;0,85;0,85;500,00
26.06.2013;0,86;0,87;0,86;0,87;7000,00
27.06.2013;0,87;0,87;0,87;0,87;0,00
28.06.2013;0,87;0,87;0,87;0,87;0,00
01.07.2013;0,88;0,88;0,85;0,86;12528,00
02.07.2013;0,86;0,87;0,86;0,87;6300,00
03.07.2013;0,85;0,85;0,85;0,85;100,00
04.07.2013;0,86;0,88;0,86;0,88;6445,00
05.07.2013;0,87;0,87;0,86;0,86;100,00
08.07.2013;0,87;0,87;0,86;0,86;6533,00
09.07.2013;0,88;0,88;0,86;0,88;5237,00
10.07.2013;0,87;0,88;0,87;0,88;6200,00
11.07.2013;0,89;0,89;0,89;0,89;6600,00
12.07.2013;0,90;0,91;0,90;0,91;19710,00
15.07.2013;0,91;0,91;0,89;0,89;504,00
16.07.2013;0,87;0,87;0,87;0,87;200,00
17.07.2013;0,87;0,87;0,87;0,87;0,00
18.07.2013;0,90;0,90;0,88;0,88;2250,00
19.07.2013;0,89;0,89;0,89;0,89;1696,00
22.07.2013;0,90;0,90;0,90;0,90;2908,00
23.07.2013;0,90;0,90;0,90;0,90;4,00
24.07.2013;0,90;0,90;0,87;0,87;3538,00
25.07.2013;0,87;0,87;0,87;0,87;0,00
26.07.2013;0,90;0,90;0,90;0,90;35,00
29.07.2013;0,90;0,90;0,90;0,90;1215,00
30.07.2013;0,89;0,90;0,89;0,89;4100,00
31.07.2013;0,89;0,89;0,89;0,89;50,00
01.08.2013;0,91;0,94;0,91;0,92;33213,00
02.08.2013;0,92;0,92;0,92;0,92;3305,00
05.08.2013;0,92;0,93;0,92;0,92;3020,00
06.08.2013;0,92;0,93;0,92;0,92;9589,00
07.08.2013;0,91;0,91;0,91;0,91;5050,00
08.08.2013;0,91;0,91;0,90;0,90;6825,00
09.08.2013;0,92;0,92;0,91;0,91;5940,00
12.08.2013;0,92;0,92;0,91;0,92;10128,00
13.08.2013;0,92;0,94;0,92;0,92;24965,00
14.08.2013;0,92;0,94;0,92;0,92;10435,00
15.08.2013;0,92;0,92;0,92;0,92;1500,00
16.08.2013;0,92;0,92;0,91;0,91;3290,00
19.08.2013;0,92;0,94;0,92;0,92;11566,00
20.08.2013;0,91;0,91;0,91;0,91;1500,00
21.08.2013;0,92;0,92;0,91;0,92;12650,00
22.08.2013;0,91;0,92;0,91;0,92;5361,00
23.08.2013;0,91;0,92;0,91;0,91;4894,00
26.08.2013;0,91;0,94;0,91;0,92;6815,00
27.08.2013;0,92;0,92;0,92;0,92;2200,00
28.08.2013;0,91;0,92;0,91;0,92;3103,00
29.08.2013;0,92;0,92;0,92;0,92;700,00
30.08.2013;0,92;0,92;0,91;0,91;4158,00
02.09.2013;0,91;0,91;0,91;0,91;212,00
03.09.2013;0,91;0,93;0,90;0,91;8980,00
04.09.2013;0,91;0,94;0,91;0,94;7850,00
05.09.2013;0,94;0,94;0,91;0,91;12031,00
06.09.2013;0,92;0,94;0,92;0,92;12950,00
09.09.2013;0,94;0,94;0,91;0,91;4100,00
10.09.2013;0,93;0,94;0,92;0,93;9723,00
11.09.2013;0,93;1,05;0,93;1,05;65308,00
12.09.2013;1,16;1,33;1,11;1,27;123131,00
13.09.2013;1,27;1,36;1,19;1,36;135869,00
16.09.2013;1,36;1,47;1,28;1,34;102611,00
17.09.2013;1,28;1,32;1,20;1,26;65339,00
18.09.2013;1,26;1,35;1,24;1,34;32407,00
19.09.2013;1,34;1,34;1,27;1,29;42466,00
20.09.2013;1,28;1,35;1,27;1,27;40752,00
23.09.2013;1,29;1,29;1,27;1,27;14663,00
24.09.2013;1,25;1,25;1,22;1,25;3466,00
25.09.2013;1,25;1,25;1,23;1,25;1500,00
26.09.2013;1,23;1,23;1,23;1,23;4009,00
27.09.2013;1,23;1,24;1,22;1,23;4370,00
30.09.2013;1,24;1,24;1,23;1,23;3305,00
01.10.2013;1,23;1,26;1,20;1,26;9829,00
02.10.2013;1,22;1,26;1,22;1,26;3967,00
03.10.2013;1,23;1,24;1,23;1,23;5288,00
04.10.2013;1,23;1,24;1,22;1,24;52100,00
07.10.2013;1,25;1,25;1,22;1,24;9855,00
08.10.2013;1,23;1,23;1,22;1,22;6742,00
09.10.2013;1,22;1,26;1,18;1,26;19156,00
10.10.2013;1,19;1,22;1,18;1,20;11051,00
11.10.2013;1,20;1,21;1,20;1,21;401,00
14.10.2013;1,20;1,21;1,20;1,21;12762,00
15.10.2013;1,21;1,23;1,19;1,19;6238,00
16.10.2013;1,22;1,22;1,19;1,19;5913,00
17.10.2013;1,20;1,21;1,20;1,20;2900,00
18.10.2013;1,19;1,24;1,19;1,24;4740,00
21.10.2013;1,24;1,24;1,19;1,24;3100,00
22.10.2013;1,23;1,25;1,21;1,21;12965,00
23.10.2013;1,25;1,26;1,24;1,24;4544,00
24.10.2013;1,23;1,26;1,23;1,26;6064,00
25.10.2013;1,28;1,28;1,26;1,26;6600,00
28.10.2013;1,25;1,32;1,25;1,32;17899,00
29.10.2013;1,36;1,36;1,27;1,27;48936,00
30.10.2013;1,30;1,33;1,25;1,30;39305,00
31.10.2013;1,30;1,31;1,27;1,30;6442,00
01.11.2013;1,27;1,30;1,27;1,30;15068,00
04.11.2013;1,28;1,30;1,27;1,27;10372,00
05.11.2013;1,27;1,30;1,27;1,28;19392,00
06.11.2013;1,28;1,30;1,26;1,26;10295,00
07.11.2013;1,26;1,28;1,26;1,27;5820,00
08.11.2013;1,27;1,28;1,24;1,28;12100,00
11.11.2013;1,24;1,30;1,24;1,30;9700,00
12.11.2013;1,30;1,30;1,28;1,28;4725,00
13.11.2013;1,25;1,29;1,25;1,29;1340,00
14.11.2013;1,28;1,29;1,27;1,29;3800,00
15.11.2013;1,30;1,30;1,26;1,26;4342,00
18.11.2013;1,25;1,30;1,25;1,29;9971,00
19.11.2013;1,30;1,30;1,26;1,26;3915,00
20.11.2013;1,26;1,30;1,26;1,30;8178,00
21.11.2013;1,28;1,29;1,26;1,29;1700,00
22.11.2013;1,27;1,29;1,18;1,28;41221,00
25.11.2013;1,29;1,30;1,29;1,30;18366,00
26.11.2013;1,29;1,30;1,25;1,29;11156,00
27.11.2013;1,30;1,30;1,27;1,28;2800,00
28.11.2013;1,30;1,30;1,29;1,29;40590,00
29.11.2013;1,30;1,39;1,30;1,31;71965,00
02.12.2013;1,35;1,41;1,32;1,33;76546,00
03.12.2013;1,33;1,33;1,29;1,29;21342,00
04.12.2013;1,29;1,30;1,28;1,28;11000,00
05.12.2013;1,32;1,33;1,27;1,32;31380,00
09.12.2013;1,40;1,40;1,36;1,36;54231,00
10.12.2013;1,37;1,39;1,35;1,35;22118,00
11.12.2013;1,37;1,37;1,31;1,37;11624,00
12.12.2013;1,36;1,36;1,32;1,32;26274,00
13.12.2013;1,31;1,31;1,31;1,31;2375,00
16.12.2013;1,33;1,33;1,28;1,33;8074,00
17.12.2013;1,35;1,37;1,35;1,35;8520,00
18.12.2013;1,35;1,38;1,33;1,37;28529,00
19.12.2013;1,36;1,37;1,31;1,33;6110,00
20.12.2013;1,38;1,38;1,33;1,38;29594,00
23.12.2013;1,38;1,38;1,33;1,33;3848,00
27.12.2013;1,33;1,36;1,33;1,34;4468,00
30.12.2013;1,34;1,36;1,33;1,35;11032,00
02.01.2014;1,39;1,39;1,37;1,38;15902,00
03.01.2014;1,40;1,40;1,39;1,39;7893,00
07.01.2014;1,40;1,40;1,36;1,40;42333,00
08.01.2014;1,40;1,40;1,38;1,38;13468,00
09.01.2014;1,37;1,40;1,37;1,39;35638,00
10.01.2014;1,40;1,40;1,39;1,39;16440,00
13.01.2014;1,40;1,41;1,39;1,39;11100,00
14.01.2014;1,40;1,41;1,40;1,40;4130,00
15.01.2014;1,39;1,40;1,38;1,40;5432,00
16.01.2014;1,40;1,40;1,39;1,39;1100,00
17.01.2014;1,39;1,41;1,39;1,41;25484,00
20.01.2014;1,41;1,45;1,41;1,41;33964,00
21.01.2014;1,41;1,43;1,40;1,41;11400,00
22.01.2014;1,41;1,41;1,40;1,40;716,00
23.01.2014;1,41;1,41;1,39;1,39;9200,00
24.01.2014;1,38;1,40;1,37;1,40;5037,00
27.01.2014;1,37;1,39;1,36;1,37;4722,00
28.01.2014;1,37;1,39;1,37;1,39;3765,00
29.01.2014;1,36;1,38;1,33;1,37;8706,00
30.01.2014;1,36;1,38;1,35;1,38;7200,00
31.01.2014;1,38;1,38;1,33;1,33;6128,00
03.02.2014;1,35;1,35;1,33;1,33;4320,00
04.02.2014;1,32;1,36;1,30;1,36;13101,00
05.02.2014;1,36;1,36;1,35;1,35;8066,00
06.02.2014;1,35;1,42;1,30;1,42;15515,00
07.02.2014;1,42;1,42;1,34;1,34;8724,00
10.02.2014;1,39;1,40;1,36;1,37;4191,00
11.02.2014;1,38;1,38;1,37;1,37;2300,00
12.02.2014;1,39;1,40;1,39;1,40;4949,00
13.02.2014;1,40;1,40;1,40;1,40;1200,00
14.02.2014;1,40;1,40;1,35;1,35;1592,00
17.02.2014;1,36;1,36;1,36;1,36;690,00
18.02.2014;1,37;1,37;1,37;1,37;1,00
19.02.2014;1,40;1,40;1,35;1,35;4997,00
20.02.2014;1,36;1,39;1,30;1,39;20740,00
21.02.2014;1,39;1,40;1,39;1,40;8900,00
24.02.2014;1,40;1,40;1,36;1,37;13530,00
25.02.2014;1,43;1,53;1,43;1,49;226852,00
26.02.2014;1,50;1,50;1,44;1,45;31454,00
27.02.2014;1,48;1,48;1,43;1,48;16701,00
28.02.2014;1,48;1,48;1,42;1,42;5400,00
03.03.2014;1,41;1,41;1,35;1,38;18522,00
04.03.2014;1,35;1,40;1,35;1,40;22876,00
05.03.2014;1,42;1,45;1,40;1,40;23939,00
06.03.2014;1,40;1,43;1,40;1,43;5950,00
07.03.2014;1,43;1,43;1,38;1,39;10280,00
10.03.2014;1,40;1,40;1,37;1,40;3125,00
11.03.2014;1,37;1,42;1,36;1,36;181373,00
12.03.2014;1,36;1,42;1,36;1,40;11054,00
13.03.2014;1,42;1,46;1,41;1,43;14355,00
14.03.2014;1,43;1,45;1,38;1,42;17159,00
17.03.2014;1,46;1,46;1,42;1,42;2650,00
18.03.2014;1,43;1,43;1,36;1,42;17202,00
19.03.2014;1,41;1,41;1,39;1,40;1980,00
20.03.2014;1,36;1,41;1,36;1,38;2830,00
21.03.2014;1,40;1,46;1,40;1,46;9704,00
24.03.2014;1,43;1,43;1,41;1,41;1350,00
25.03.2014;1,45;1,45;1,43;1,43;5465,00
26.03.2014;1,45;1,48;1,45;1,46;18374,00
27.03.2014;1,45;1,45;1,41;1,45;3874,00
28.03.2014;1,46;1,47;1,46;1,47;10043,00
31.03.2014;1,47;1,48;1,46;1,48;9649,00
01.04.2014;1,50;1,59;1,50;1,57;55352,00
02.04.2014;1,56;1,59;1,55;1,59;32872,00
03.04.2014;1,60;1,74;1,60;1,68;91060,00
04.04.2014;1,71;1,74;1,69;1,74;69061,00
07.04.2014;1,74;1,74;1,69;1,71;53512,00
08.04.2014;1,72;1,73;1,70;1,70;8774,00
09.04.2014;1,67;1,74;1,67;1,74;20668,00
10.04.2014;1,74;1,74;1,72;1,72;28002,00
11.04.2014;1,76;1,77;1,70;1,72;16846,00
14.04.2014;1,75;1,75;1,62;1,70;24877,00
15.04.2014;1,70;1,74;1,65;1,74;5880,00
16.04.2014;1,73;1,76;1,70;1,74;19567,00
17.04.2014;1,64;1,79;1,64;1,74;16580,00
22.04.2014;1,73;1,74;1,71;1,71;5999,00
23.04.2014;1,71;1,75;1,71;1,74;7819,00
24.04.2014;1,74;1,74;1,68;1,70;4500,00
25.04.2014;1,68;1,70;1,68;1,70;1120,00
28.04.2014;1,70;1,72;1,68;1,72;24740,00
29.04.2014;1,70;1,72;1,65;1,65;47304,00
30.04.2014;1,63;1,71;1,63;1,69;33364,00
02.05.2014;1,70;1,70;1,66;1,70;21880,00
05.05.2014;1,65;1,69;1,65;1,68;8648,00
06.05.2014;1,68;1,68;1,62;1,68;30361,00
07.05.2014;1,67;1,67;1,63;1,66;5263,00
08.05.2014;1,65;1,66;1,60;1,63;12776,00
09.05.2014;1,61;1,62;1,60;1,60;7585,00
12.05.2014;1,60;1,63;1,60;1,60;6408,00
13.05.2014;1,65;1,68;1,59;1,63;15754,00
14.05.2014;1,62;1,63;1,62;1,63;5385,00
15.05.2014;1,64;1,64;1,63;1,63;4235,00
16.05.2014;1,63;1,64;1,60;1,64;6665,00
19.05.2014;1,63;1,63;1,63;1,63;6668,00
20.05.2014;1,62;1,64;1,62;1,62;4790,00
21.05.2014;1,62;1,64;1,62;1,64;6855,00
22.05.2014;1,64;1,64;1,58;1,60;7900,00
23.05.2014;1,60;1,60;1,60;1,60;1250,00
26.05.2014;1,60;1,62;1,60;1,62;6940,00
27.05.2014;1,61;1,68;1,61;1,65;31830,00
28.05.2014;1,67;1,71;1,67;1,70;40275,00
30.05.2014;1,71;1,73;1,70;1,73;27557,00
02.06.2014;1,74;1,74;1,74;1,74;4885,00
03.06.2014;1,74;1,74;1,69;1,69;7385,00
04.06.2014;1,73;1,73;1,70;1,70;5016,00
05.06.2014;1,70;1,73;1,70;1,73;3975,00
06.06.2014;1,73;1,73;1,68;1,71;6000,00
09.06.2014;1,70;1,70;1,70;1,70;1700,00
10.06.2014;1,68;1,74;1,68;1,72;11453,00
11.06.2014;1,69;1,74;1,67;1,74;13436,00
12.06.2014;1,74;1,74;1,71;1,72;17595,00
13.06.2014;1,75;1,75;1,71;1,74;20975,00
16.06.2014;1,74;1,75;1,71;1,74;17925,00
17.06.2014;1,75;1,75;1,74;1,74;1090,00
18.06.2014;1,74;1,75;1,71;1,71;23547,00
19.06.2014;1,74;1,75;1,73;1,75;11860,00
23.06.2014;1,75;1,75;1,72;1,72;5319,00
24.06.2014;1,72;1,75;1,72;1,75;5500,00
25.06.2014;1,75;1,75;1,69;1,72;19768,00
26.06.2014;1,70;1,74;1,70;1,74;3173,00
27.06.2014;1,72;1,73;1,72;1,73;7351,00
30.06.2014;1,71;1,74;1,71;1,74;17210,00
01.07.2014;1,71;1,74;1,71;1,74;14506,00
02.07.2014;1,74;1,75;1,74;1,74;4581,00
03.07.2014;1,75;1,76;1,74;1,76;11687,00
04.07.2014;1,76;1,77;1,75;1,77;9546,00
07.07.2014;1,77;1,77;1,76;1,77;4770,00
08.07.2014;1,77;1,78;1,77;1,77;4750,00
09.07.2014;1,78;1,78;1,75;1,75;4650,00
10.07.2014;1,75;1,78;1,74;1,74;1377,00
11.07.2014;1,77;1,78;1,77;1,77;5000,00
14.07.2014;1,77;1,79;1,77;1,78;2441,00
15.07.2014;1,77;1,89;1,77;1,89;19710,00
16.07.2014;1,88;1,88;1,84;1,86;13590,00
17.07.2014;1,86;1,86;1,81;1,82;10306,00
18.07.2014;1,87;1,87;1,85;1,85;4600,00
21.07.2014;1,85;1,85;1,80;1,81;5100,00
22.07.2014;1,81;1,81;1,77;1,78;4747,00
23.07.2014;1,77;1,77;1,74;1,74;5200,00
24.07.2014;1,75;1,78;1,73;1,74;8488,00
25.07.2014;1,85;1,85;1,76;1,82;3567,00
28.07.2014;1,82;1,86;1,78;1,78;11403,00
29.07.2014;1,80;1,80;1,79;1,79;4475,00
30.07.2014;1,80;1,85;1,80;1,85;3577,00
31.07.2014;1,85;1,85;1,85;1,85;3905,00
01.08.2014;1,83;1,84;1,82;1,84;5143,00
04.08.2014;1,84;1,86;1,84;1,84;2900,00
05.08.2014;1,94;1,96;1,91;1,93;82669,00
06.08.2014;1,97;1,97;1,86;1,88;40788,00
07.08.2014;1,84;1,92;1,83;1,92;33812,00
08.08.2014;1,92;1,92;1,82;1,89;41628,00
11.08.2014;1,90;1,90;1,84;1,89;24083,00
12.08.2014;1,89;1,92;1,87;1,87;25486,00
13.08.2014;1,89;1,89;1,85;1,88;55408,00
14.08.2014;1,86;1,88;1,84;1,86;2307,00
15.08.2014;1,88;1,91;1,88;1,91;12103,00
18.08.2014;1,91;1,93;1,87;1,91;4620,00
19.08.2014;1,91;1,91;1,90;1,90;9714,00
20.08.2014;1,95;2,03;1,94;2,02;76436,00
21.08.2014;2,03;2,31;2,01;2,29;131067,00
22.08.2014;2,28;2,28;2,13;2,24;68450,00
25.08.2014;2,24;2,26;2,15;2,15;29536,00
26.08.2014;2,16;2,21;2,16;2,18;9270,00
27.08.2014;2,20;2,22;2,13;2,14;36655,00
28.08.2014;2,16;2,16;2,07;2,12;25080,00
29.08.2014;2,10;2,17;2,10;2,13;10521,00
01.09.2014;2,20;2,20;2,14;2,17;11728,00
02.09.2014;2,17;2,18;2,17;2,18;4100,00
03.09.2014;2,18;2,18;2,16;2,16;28390,00
04.09.2014;2,19;2,20;2,14;2,16;9685,00
05.09.2014;2,15;2,16;2,13;2,13;10493,00
08.09.2014;2,17;2,18;2,13;2,16;17804,00
09.09.2014;2,13;2,17;2,13;2,16;7200,00
10.09.2014;2,17;2,17;2,16;2,16;20791,00
11.09.2014;2,16;2,17;2,16;2,16;12635,00
12.09.2014;2,13;2,17;2,13;2,16;3830,00
15.09.2014;2,16;2,35;2,16;2,31;197769,00
16.09.2014;2,35;2,35;2,28;2,31;47284,00
17.09.2014;2,33;2,38;2,33;2,38;146545,00
18.09.2014;2,43;2,58;2,43;2,56;86862,00
19.09.2014;2,56;2,62;2,50;2,55;56105,00
22.09.2014;2,60;2,73;2,60;2,73;79052,00
23.09.2014;2,74;2,74;2,65;2,66;57387,00
24.09.2014;2,69;2,69;2,46;2,57;31996,00
25.09.2014;2,57;2,64;2,52;2,61;27370,00
26.09.2014;2,57;2,57;2,51;2,53;10232,00
29.09.2014;2,65;2,66;2,60;2,63;14353,00
30.09.2014;2,70;2,70;2,63;2,68;20509,00
01.10.2014;2,68;2,70;2,65;2,69;13020,00
02.10.2014;2,66;2,66;2,56;2,59;16744,00
03.10.2014;2,59;2,67;2,56;2,60;16970,00
06.10.2014;2,60;2,60;2,55;2,56;7790,00
07.10.2014;2,56;2,56;2,40;2,42;44374,00
08.10.2014;2,40;2,40;2,30;2,36;28694,00
09.10.2014;2,40;2,49;2,32;2,32;23658,00
10.10.2014;2,32;2,32;2,25;2,25;16384,00
13.10.2014;2,25;2,30;2,19;2,22;43510,00
14.10.2014;2,31;2,37;2,20;2,24;25716,00
15.10.2014;2,20;2,26;2,13;2,15;22895,00
16.10.2014;2,16;2,22;2,10;2,11;37413,00
17.10.2014;2,18;2,27;2,18;2,27;14024,00
20.10.2014;2,27;2,42;2,21;2,29;6650,00
21.10.2014;2,35;2,35;2,28;2,31;9455,00
22.10.2014;2,35;2,39;2,28;2,29;19913,00
23.10.2014;2,33;2,33;2,20;2,20;10621,00
24.10.2014;2,21;2,27;2,21;2,27;4272,00
27.10.2014;2,27;2,33;2,26;2,26;13651,00
28.10.2014;2,27;2,30;2,27;2,30;12830,00
29.10.2014;2,41;2,50;2,30;2,32;48567,00
30.10.2014;2,33;2,37;2,27;2,28;9839,00
31.10.2014;2,30;2,32;2,28;2,31;9443,00
03.11.2014;2,27;2,30;2,11;2,22;66836,00
04.11.2014;2,23;2,23;2,15;2,18;22301,00
05.11.2014;2,18;2,19;2,13;2,18;29210,00
06.11.2014;2,15;2,16;2,10;2,13;29630,00
07.11.2014;2,14;2,18;2,13;2,18;10749,00
10.11.2014;2,18;2,18;2,14;2,17;5418,00
11.11.2014;2,18;2,24;2,16;2,23;20230,00
12.11.2014;2,23;2,23;2,20;2,20;2800,00
13.11.2014;2,20;2,20;2,16;2,16;6849,00
14.11.2014;2,18;2,19;2,14;2,18;9521,00
17.11.2014;2,20;2,20;2,16;2,16;7677,00
18.11.2014;2,15;2,17;2,11;2,14;15439,00
19.11.2014;2,14;2,14;2,04;2,05;22128,00
20.11.2014;2,07;2,09;1,96;2,07;35560,00
21.11.2014;2,07;2,21;2,07;2,13;22271,00
24.11.2014;2,19;2,21;2,15;2,18;38984,00
25.11.2014;2,18;2,20;2,12;2,16;26024,00
26.11.2014;2,20;2,24;2,18;2,23;16673,00
27.11.2014;2,25;2,25;2,20;2,23;7536,00
28.11.2014;2,23;2,27;2,23;2,25;23097,00
01.12.2014;2,24;2,29;2,18;2,26;12146,00
02.12.2014;2,27;2,32;2,26;2,31;13005,00
03.12.2014;2,32;2,37;2,32;2,36;11037,00
04.12.2014;2,37;2,38;2,36;2,36;35058,00
05.12.2014;2,37;2,42;2,37;2,41;39412,00
08.12.2014;2,41;2,43;2,36;2,40;30586,00
09.12.2014;2,40;2,40;2,35;2,35;6642,00
10.12.2014;2,35;2,40;2,35;2,37;7418,00
11.12.2014;2,37;2,39;2,32;2,34;6948,00
12.12.2014;2,35;2,39;2,24;2,38;18417,00
15.12.2014;2,38;2,38;2,36;2,38;7735,00
16.12.2014;2,35;2,36;2,31;2,32;73499,00
17.12.2014;2,32;2,35;2,31;2,34;10589,00
18.12.2014;2,34;2,38;2,33;2,37;22294,00
19.12.2014;2,35;2,44;2,35;2,42;26156,00
22.12.2014;2,45;2,45;2,42;2,45;21340,00
23.12.2014;2,45;2,46;2,42;2,46;6834,00
29.12.2014;2,43;2,45;2,40;2,44;12181,00
30.12.2014;2,44;2,46;2,43;2,46;16073,00
02.01.2015;2,47;2,47;2,44;2,47;22804,00
05.01.2015;2,47;2,48;2,45;2,48;14521,00
07.01.2015;2,47;2,47;2,42;2,46;4957,00
08.01.2015;2,46;2,48;2,45;2,48;9871,00
09.01.2015;2,48;2,48;2,45;2,46;8241,00
12.01.2015;2,48;2,48;2,47;2,47;12200,00
13.01.2015;2,47;2,47;2,45;2,47;7909,00
14.01.2015;2,46;2,49;2,46;2,47;6537,00
15.01.2015;2,47;2,47;2,45;2,47;8519,00
16.01.2015;2,45;2,49;2,45;2,49;26753,00
19.01.2015;2,47;2,49;2,45;2,47;19380,00
20.01.2015;2,47;2,47;2,45;2,46;30384,00
21.01.2015;2,47;2,47;2,45;2,46;25920,00
22.01.2015;2,47;2,62;2,42;2,57;150289,00
23.01.2015;2,61;2,66;2,55;2,59;41571,00
26.01.2015;2,62;2,62;2,57;2,60;18004,00
27.01.2015;2,61;2,61;2,53;2,53;19178,00
28.01.2015;2,53;2,55;2,51;2,53;21075,00
29.01.2015;2,55;2,60;2,53;2,58;21660,00
30.01.2015;2,58;2,59;2,56;2,58;12804,00
02.02.2015;2,61;2,61;2,52;2,58;13897,00
03.02.2015;2,55;2,58;2,55;2,56;10092,00
04.02.2015;2,57;2,58;2,53;2,58;6934,00
05.02.2015;2,59;2,60;2,55;2,57;10590,00
06.02.2015;2,59;2,62;2,58;2,60;13148,00
09.02.2015;2,61;2,72;2,61;2,70;41895,00
10.02.2015;2,68;2,68;2,55;2,62;52039,00
11.02.2015;2,69;2,69;2,62;2,67;10691,00
12.02.2015;2,68;2,69;2,58;2,69;33882,00
13.02.2015;2,69;2,87;2,68;2,85;78026,00
16.02.2015;2,90;2,94;2,90;2,91;36634,00
17.02.2015;2,95;2,95;2,86;2,86;16348,00
18.02.2015;2,88;2,96;2,88;2,93;35931,00
19.02.2015;2,98;3,10;2,98;3,10;67784,00
20.02.2015;3,15;3,29;3,15;3,23;90167,00
23.02.2015;3,33;3,38;3,25;3,32;84225,00
24.02.2015;3,32;3,33;2,89;3,02;289386,00
25.02.2015;3,07;3,10;2,96;3,03;41750,00
26.02.2015;2,96;3,01;2,87;2,87;69576,00
27.02.2015;2,87;2,89;2,76;2,82;54364,00
02.03.2015;2,78;3,00;2,78;2,96;58433,00
03.03.2015;3,01;3,02;2,99;3,01;17481,00
04.03.2015;3,00;3,00;2,95;2,97;11902,00
05.03.2015;2,93;2,99;2,93;2,97;16084,00
06.03.2015;2,97;2,99;2,93;2,98;18159,00
09.03.2015;2,95;2,97;2,90;2,90;11806,00
10.03.2015;2,88;2,97;2,88;2,88;28925,00
11.03.2015;2,90;2,95;2,90;2,90;13072,00
12.03.2015;2,90;2,96;2,90;2,96;11086,00
13.03.2015;2,96;2,99;2,90;2,90;10052,00
16.03.2015;2,95;3,01;2,94;2,97;16126,00
17.03.2015;2,97;2,97;2,92;2,92;7116,00
18.03.2015;2,96;2,99;2,92;2,97;3113,00
19.03.2015;2,95;2,98;2,90;2,91;27513,00
20.03.2015;2,91;2,97;2,90;2,94;7263,00
23.03.2015;2,90;2,90;2,87;2,87;7186,00
24.03.2015;2,87;2,87;2,83;2,85;16954,00
25.03.2015;2,85;2,87;2,83;2,85;23734,00
26.03.2015;2,83;2,83;2,76;2,80;22508,00
27.03.2015;2,80;2,85;2,80;2,84;4016,00
30.03.2015;2,80;2,80;2,78;2,79;11624,00
31.03.2015;2,80;2,83;2,78;2,79;7612,00
01.04.2015;2,78;2,78;2,72;2,72;29065,00
02.04.2015;2,65;2,70;2,60;2,67;25796,00
07.04.2015;2,67;2,70;2,67;2,70;12273,00
08.04.2015;2,71;2,74;2,70;2,73;17728,00
09.04.2015;2,69;2,73;2,63;2,72;18828,00
10.04.2015;2,70;2,74;2,70;2,74;16497,00
13.04.2015;2,71;2,73;2,61;2,67;27468,00
14.04.2015;2,67;2,70;2,64;2,66;18527,00
15.04.2015;2,70;2,70;2,65;2,67;6669,00
16.04.2015;2,67;2,68;2,64;2,65;4520,00
17.04.2015;2,66;2,66;2,64;2,66;5744,00
20.04.2015;2,66;2,73;2,66;2,68;12230,00
21.04.2015;2,68;2,70;2,67;2,67;10770,00
22.04.2015;2,68;2,70;2,66;2,70;5742,00
23.04.2015;2,69;2,69;2,64;2,64;9344,00
24.04.2015;2,63;2,64;2,61;2,64;17758,00
27.04.2015;2,62;2,63;2,56;2,56;22478,00
28.04.2015;2,61;2,61;2,56;2,56;10220,00
29.04.2015;2,62;2,70;2,55;2,62;46150,00
30.04.2015;2,62;2,62;2,55;2,60;11600,00
04.05.2015;2,65;2,65;2,56;2,56;7192,00
05.05.2015;2,57;2,62;2,47;2,62;31385,00
06.05.2015;2,61;2,61;2,50;2,52;38534,00
07.05.2015;2,50;2,53;2,46;2,53;14182,00
08.05.2015;2,48;2,55;2,48;2,52;21105,00
11.05.2015;2,52;2,52;2,47;2,51;14901,00
12.05.2015;2,49;2,50;2,41;2,46;9917,00
13.05.2015;2,45;2,50;2,45;2,50;2832,00
15.05.2015;2,53;2,54;2,48;2,51;10590,00
18.05.2015;2,57;2,62;2,57;2,57;31797,00
19.05.2015;2,61;2,65;2,57;2,57;19473,00
20.05.2015;2,57;2,62;2,50;2,53;41403,00
21.05.2015;2,62;2,62;2,54;2,57;15840,00
22.05.2015;2,60;2,69;2,60;2,63;33363,00
25.05.2015;2,94;2,95;2,76;2,78;66450,00
26.05.2015;2,81;2,85;2,75;2,77;38657,00
27.05.2015;2,77;2,77;2,71;2,77;7463,00
28.05.2015;2,77;2,77;2,70;2,70;5779,00
29.05.2015;2,76;2,77;2,74;2,74;6158,00
01.06.2015;2,75;2,78;2,71;2,72;3843,00
02.06.2015;2,72;2,72;2,66;2,66;6518,00
03.06.2015;2,69;2,73;2,69;2,73;5100,00
04.06.2015;2,73;2,73;2,67;2,72;5910,00
05.06.2015;2,72;2,75;2,67;2,70;9891,00
08.06.2015;2,70;2,70;2,57;2,62;12616,00
09.06.2015;2,63;2,69;2,61;2,63;7769,00
10.06.2015;2,59;2,60;2,55;2,55;11294,00
11.06.2015;2,58;2,63;2,58;2,63;2312,00
12.06.2015;2,65;2,66;2,65;2,66;5124,00
15.06.2015;2,69;2,69;2,55;2,55;165692,00
16.06.2015;2,56;2,65;2,50;2,58;28966,00
17.06.2015;2,60;2,60;2,53;2,55;5368,00
18.06.2015;2,55;2,58;2,52;2,58;4901,00
22.06.2015;2,57;2,62;2,55;2,59;6929,00
23.06.2015;2,65;2,77;2,65;2,72;13614,00
24.06.2015;2,70;2,77;2,70;2,71;10869,00
25.06.2015;2,72;2,78;2,64;2,64;9700,00
26.06.2015;2,64;2,66;2,56;2,64;13648,00
29.06.2015;2,55;2,61;2,55;2,58;17952,00
30.06.2015;2,59;2,59;2,55;2,57;5400,00
01.07.2015;2,60;2,70;2,60;2,70;11813,00
02.07.2015;2,70;2,70;2,60;2,67;3720,00
03.07.2015;2,60;2,65;2,60;2,60;3000,00
06.07.2015;2,57;2,60;2,53;2,55;8554,00
07.07.2015;2,55;2,65;2,54;2,54;10698,00
08.07.2015;2,60;2,60;2,49;2,56;12589,00
09.07.2015;2,59;2,59;2,56;2,56;2657,00
10.07.2015;2,56;2,66;2,54;2,58;6963,00
13.07.2015;2,65;2,66;2,62;2,63;3302,00
14.07.2015;2,70;2,80;2,69;2,75;13948,00
15.07.2015;2,71;2,78;2,70;2,70;11709,00
16.07.2015;2,77;2,78;2,72;2,76;7105,00
17.07.2015;2,76;2,76;2,72;2,75;1289,00
20.07.2015;2,71;2,73;2,71;2,73;7930,00
21.07.2015;2,74;2,74;2,71;2,71;1340,00
22.07.2015;2,71;2,71;2,67;2,67;8470,00
23.07.2015;2,70;2,73;2,66;2,73;2660,00
24.07.2015;2,74;2,76;2,70;2,76;5376,00
27.07.2015;2,78;2,78;2,63;2,64;20866,00
28.07.2015;2,78;2,78;2,71;2,73;203,00
29.07.2015;2,73;2,73;2,65;2,67;6950,00
30.07.2015;2,65;2,68;2,65;2,67;4764,00
31.07.2015;2,64;2,71;2,64;2,71;1561,00
03.08.2015;2,67;2,69;2,60;2,66;12011,00
04.08.2015;2,66;2,67;2,64;2,67;5782,00
05.08.2015;2,66;2,69;2,66;2,67;6110,00
06.08.2015;2,74;2,74;2,68;2,74;12098,00
07.08.2015;2,75;2,78;2,75;2,78;6600,00
10.08.2015;2,74;2,74;2,60;2,70;30514,00
11.08.2015;2,70;2,75;2,67;2,74;32267,00
12.08.2015;2,70;2,72;2,63;2,71;20184,00
13.08.2015;2,61;2,70;2,61;2,70;10884,00
14.08.2015;2,70;2,70;2,70;2,70;3908,00
17.08.2015;2,70;2,72;2,66;2,71;15838,00
18.08.2015;2,68;2,70;2,68;2,70;90,00
19.08.2015;2,70;2,70;2,66;2,69;6829,00
20.08.2015;2,69;2,71;2,65;2,65;11516,00
21.08.2015;2,66;2,66;2,58;2,62;19226,00
24.08.2015;2,42;2,50;2,41;2,43;53136,00
25.08.2015;2,43;2,62;2,43;2,62;20228,00
26.08.2015;2,55;2,55;2,50;2,55;23709,00
27.08.2015;2,59;2,60;2,58;2,60;11313,00
28.08.2015;2,62;2,67;2,62;2,62;4914,00
31.08.2015;2,62;2,62;2,60;2,60;2655,00
01.09.2015;2,58;2,58;2,47;2,47;9750,00
02.09.2015;2,52;2,53;2,50;2,53;13546,00
03.09.2015;2,54;2,55;2,52;2,55;10211,00
04.09.2015;2,55;2,55;2,51;2,55;4100,00
07.09.2015;2,55;2,55;2,51;2,54;5759,00
08.09.2015;2,54;2,54;2,50;2,53;6960,00
09.09.2015;2,54;2,59;2,52;2,54;28809,00
10.09.2015;2,52;2,54;2,52;2,54;4424,00
11.09.2015;2,54;2,54;2,50;2,50;550,00
14.09.2015;2,50;2,54;2,50;2,50;5380,00
15.09.2015;2,47;2,50;2,47;2,50;2700,00
16.09.2015;2,50;2,50;2,48;2,50;3950,00
17.09.2015;2,48;2,50;2,48;2,48;5620,00
18.09.2015;2,48;2,48;2,48;2,48;10500,00
21.09.2015;2,45;2,48;2,40;2,46;3790,00
22.09.2015;2,43;2,43;2,36;2,36;11217,00
23.09.2015;2,36;2,38;2,36;2,36;3401,00
24.09.2015;2,54;2,68;2,54;2,66;214604,00
25.09.2015;2,65;2,68;2,64;2,65;60497,00
28.09.2015;2,66;2,68;2,62;2,66;14975,00
29.09.2015;2,62;2,68;2,61;2,65;13231,00
30.09.2015;2,67;2,70;2,67;2,68;19851,00
01.10.2015;2,60;2,72;2,60;2,69;5768,00
02.10.2015;2,69;2,71;2,69;2,69;22055,00
05.10.2015;2,71;2,75;2,65;2,68;10068,00
06.10.2015;2,67;2,78;2,65;2,78;11549,00
07.10.2015;2,78;2,90;2,78;2,89;26890,00
08.10.2015;2,76;2,90;2,76;2,87;21307,00
09.10.2015;2,89;2,90;2,83;2,83;13972,00
12.10.2015;2,84;2,90;2,84;2,90;11445,00
13.10.2015;2,88;2,90;2,85;2,90;24265,00
14.10.2015;2,91;2,98;2,85;2,94;20497,00
15.10.2015;2,94;3,01;2,91;3,00;29544,00
16.10.2015;3,00;3,09;3,00;3,05;28603,00
19.10.2015;3,09;3,09;3,00;3,04;1811,00
20.10.2015;3,00;3,03;3,00;3,03;22224,00
21.10.2015;3,00;3,03;2,99;3,03;8678,00
22.10.2015;3,07;3,07;2,99;3,04;12311,00
23.10.2015;3,03;3,07;2,98;3,07;20686,00
26.10.2015;3,07;3,09;3,03;3,09;17730,00
27.10.2015;3,09;3,10;3,05;3,10;32930,00
28.10.2015;3,10;3,15;3,00;3,08;69737,00
29.10.2015;3,09;3,20;3,09;3,20;20508,00
30.10.2015;3,20;3,21;3,13;3,15;21173,00
02.11.2015;3,15;3,16;3,10;3,13;13785,00
03.11.2015;3,10;3,22;3,10;3,22;28500,00
04.11.2015;3,13;3,30;3,13;3,30;24600,00
05.11.2015;3,30;3,35;3,27;3,35;15619,00
06.11.2015;3,35;3,42;3,33;3,41;34732,00
09.11.2015;3,41;3,44;3,35;3,44;10356,00
10.11.2015;3,38;3,42;3,38;3,38;9598,00
11.11.2015;3,38;3,44;3,37;3,38;17098,00
12.11.2015;3,44;3,45;3,42;3,42;16910,00
13.11.2015;3,42;3,49;3,42;3,48;14739,00
16.11.2015;3,49;3,49;3,41;3,45;6070,00
17.11.2015;3,44;3,44;3,33;3,42;34946,00
18.11.2015;3,40;3,50;3,36;3,46;22410,00
19.11.2015;3,47;3,52;3,47;3,50;14746,00
20.11.2015;3,53;3,71;3,51;3,67;32567,00
23.11.2015;3,71;3,89;3,71;3,72;27135,00
24.11.2015;3,82;3,82;3,73;3,78;16591,00
25.11.2015;3,79;3,79;3,70;3,70;11546,00
26.11.2015;3,72;3,74;3,70;3,70;2560,00
27.11.2015;3,69;3,79;3,69;3,74;11109,00
30.11.2015;3,70;3,90;3,70;3,84;49112,00
01.12.2015;3,97;3,98;3,90;3,98;24361,00
02.12.2015;3,90;4,04;3,90;4,01;97899,00
03.12.2015;3,85;4,05;3,85;4,01;28823,00
04.12.2015;4,06;4,06;3,88;3,88;25276,00
07.12.2015;3,90;4,03;3,88;4,03;15925,00
08.12.2015;4,03;4,03;3,92;3,99;21204,00
09.12.2015;4,00;4,03;3,90;3,99;19051,00
10.12.2015;3,90;4,05;3,90;4,05;12757,00
11.12.2015;4,03;4,03;3,99;4,00;4538,00
14.12.2015;4,00;4,00;3,92;3,95;60241,00
15.12.2015;3,92;3,92;3,86;3,90;9419,00
16.12.2015;3,93;3,93;3,74;3,88;14542,00
17.12.2015;3,92;3,99;3,92;3,95;2858,00
18.12.2015;3,95;3,95;3,88;3,90;1924,00
21.12.2015;3,80;3,85;3,75;3,85;5405,00
22.12.2015;3,85;3,85;3,81;3,81;7070,00
23.12.2015;3,80;3,90;3,80;3,90;29693,00
28.12.2015;3,95;3,95;3,87;3,92;15159,00
29.12.2015;3,93;3,93;3,84;3,86;13070,00
30.12.2015;3,86;3,94;3,81;3,81;11522,00
04.01.2016;3,80;3,80;3,64;3,70;9318,00
05.01.2016;3,60;3,68;3,60;3,62;3384,00
07.01.2016;3,51;3,55;3,41;3,53;20478,00
08.01.2016;3,50;3,71;3,50;3,60;36950,00
11.01.2016;3,60;3,65;3,60;3,65;4665,00
12.01.2016;3,62;3,70;3,60;3,60;9848,00
13.01.2016;3,60;3,70;3,60;3,63;4311,00
14.01.2016;3,65;3,65;3,50;3,54;6051,00
15.01.2016;3,54;3,54;3,45;3,48;9496,00
18.01.2016;3,45;3,45;3,30;3,30;14633,00
19.01.2016;3,40;3,54;3,37;3,54;11977,00
20.01.2016;3,55;3,65;3,42;3,50;31075,00
21.01.2016;3,55;3,55;3,40;3,43;16600,00
22.01.2016;3,50;3,53;3,41;3,41;11744,00
25.01.2016;3,43;3,59;3,43;3,47;4087,00
26.01.2016;3,56;3,56;3,48;3,48;5760,00
27.01.2016;3,48;3,51;3,48;3,51;19200,00
28.01.2016;3,57;3,57;3,47;3,48;6276,00
29.01.2016;3,46;3,55;3,46;3,55;3211,00
01.02.2016;3,55;3,56;3,45;3,45;6096,00
02.02.2016;3,44;3,51;3,40;3,40;19462,00
03.02.2016;3,39;3,40;3,35;3,35;3821,00
04.02.2016;3,50;3,50;3,35;3,35;10958,00
05.02.2016;3,37;3,37;3,35;3,37;5433,00
08.02.2016;3,37;3,37;3,27;3,30;16448,00
09.02.2016;3,20;3,28;3,04;3,13;17055,00
10.02.2016;3,20;3,33;3,20;3,20;839,00
11.02.2016;3,17;3,17;3,05;3,13;14015,00
12.02.2016;3,09;3,20;3,09;3,20;12530,00
15.02.2016;3,19;3,35;3,14;3,23;28892,00
16.02.2016;3,39;3,39;3,27;3,27;6218,00
17.02.2016;3,27;3,40;3,24;3,35;29608,00
18.02.2016;3,26;3,39;3,26;3,28;8104,00
19.02.2016;3,28;3,44;3,26;3,26;9852,00
22.02.2016;3,26;3,32;3,25;3,27;8923,00
23.02.2016;3,33;3,33;3,15;3,15;8291,00
24.02.2016;3,20;3,40;3,15;3,34;18809,00
25.02.2016;3,40;3,55;3,30;3,33;23225,00
26.02.2016;3,33;3,33;3,20;3,22;6227,00
29.02.2016;3,31;3,31;3,29;3,29;1235,00
01.03.2016;3,40;3,40;3,27;3,27;5345,00
02.03.2016;3,31;3,31;3,29;3,30;8005,00
03.03.2016;3,32;3,38;3,31;3,32;9035,00
04.03.2016;3,34;3,43;3,34;3,40;16130,00
07.03.2016;3,43;3,49;3,40;3,49;4369,00
08.03.2016;3,47;3,47;3,47;3,47;504,00
09.03.2016;3,47;3,53;3,36;3,45;10285,00
10.03.2016;3,41;3,60;3,41;3,57;3613,00
11.03.2016;3,57;3,59;3,50;3,58;1148,00
14.03.2016;3,58;3,58;3,50;3,55;4332,00
15.03.2016;3,25;3,52;3,25;3,52;5773534,00
16.03.2016;3,52;3,52;3,42;3,42;8071,00
17.03.2016;3,45;3,45;3,38;3,40;4513,00
18.03.2016;3,35;3,40;3,35;3,36;3300,00
21.03.2016;3,34;3,36;3,26;3,27;7780,00
22.03.2016;3,27;3,38;3,22;3,31;9740,00
23.03.2016;3,34;3,39;3,34;3,38;9448,00
24.03.2016;3,38;3,45;3,37;3,42;22486,00
29.03.2016;3,42;3,42;3,31;3,40;11160,00
30.03.2016;3,35;3,38;3,33;3,33;4067,00
31.03.2016;3,33;3,36;3,28;3,33;1187,00
01.04.2016;3,35;3,35;3,30;3,30;4335,00
04.04.2016;3,24;3,39;3,24;3,27;2735,00
05.04.2016;3,25;3,30;3,25;3,26;2480,00
06.04.2016;3,31;3,35;3,26;3,27;2573,00
07.04.2016;3,29;3,29;3,23;3,25;5522,00
08.04.2016;3,24;3,28;3,24;3,24;9846,00
11.04.2016;3,35;3,36;3,26;3,26;4191,00
12.04.2016;3,36;3,36;3,15;3,15;14198,00
13.04.2016;3,19;3,25;3,16;3,21;9631,00
14.04.2016;3,20;3,21;3,18;3,18;8100,00
15.04.2016;3,20;3,20;3,18;3,18;6778,00
18.04.2016;3,20;3,20;3,15;3,15;7161,00
19.04.2016;3,13;3,17;3,13;3,15;13427,00
20.04.2016;3,15;3,21;3,15;3,18;2403,00
21.04.2016;3,18;3,18;3,13;3,13;35660,00
22.04.2016;3,15;3,17;3,15;3,17;6345,00
25.04.2016;3,18;3,21;3,14;3,15;18092,00
26.04.2016;3,15;3,24;3,15;3,22;11401,00
27.04.2016;3,22;3,33;3,22;3,25;23079,00
28.04.2016;3,26;3,31;3,26;3,31;6214,00
29.04.2016;3,36;3,80;3,36;3,40;103665,00
02.05.2016;3,39;3,39;3,32;3,36;6666,00
03.05.2016;3,35;3,44;3,32;3,33;3063,00
04.05.2016;3,31;3,36;3,31;3,31;2120,00
06.05.2016;3,28;3,31;3,22;3,26;3903,00
09.05.2016;3,32;3,35;3,30;3,30;1401,00
10.05.2016;3,26;3,30;3,23;3,24;5275,00
11.05.2016;3,32;3,32;3,18;3,25;10530,00
12.05.2016;3,29;3,30;3,22;3,25;1500,00
13.05.2016;3,20;3,29;3,20;3,20;5115,00
16.05.2016;3,27;3,28;3,16;3,18;10124,00
17.05.2016;3,20;3,27;3,20;3,27;3168,00
18.05.2016;3,27;3,27;3,27;3,27;0,00
19.05.2016;3,20;3,23;3,19;3,19;2286,00
20.05.2016;3,23;3,23;3,17;3,20;10729,00
23.05.2016;3,17;3,25;3,16;3,19;12651,00
24.05.2016;3,17;3,20;3,17;3,20;26784,00
25.05.2016;3,20;3,25;3,20;3,23;5560,00
26.05.2016;3,20;3,23;3,15;3,20;11160,00
27.05.2016;3,22;3,22;3,20;3,20;12586,00
30.05.2016;3,20;3,23;3,16;3,20;13488,00
31.05.2016;3,24;3,30;3,22;3,27;25270,00
01.06.2016;3,25;3,25;3,20;3,25;3880,00
02.06.2016;3,25;3,28;3,23;3,23;6350,00
03.06.2016;3,25;3,29;3,20;3,21;4671,00
06.06.2016;3,21;3,25;3,19;3,22;11706,00
07.06.2016;3,26;3,27;3,21;3,24;2315,00
08.06.2016;3,24;3,24;3,22;3,24;2598,00
09.06.2016;3,20;3,22;3,20;3,20;7566,00
10.06.2016;3,20;3,23;3,20;3,20;3375,00
13.06.2016;3,17;3,20;3,14;3,14;8854,00
14.06.2016;3,14;3,14;3,09;3,10;6983,00
15.06.2016;3,07;3,15;3,04;3,06;21901,00
16.06.2016;3,05;3,10;3,02;3,07;5386,00
17.06.2016;3,06;3,13;3,06;3,13;14386,00
20.06.2016;3,10;3,19;3,10;3,12;1935,00
21.06.2016;3,15;3,15;3,11;3,13;13195,00
22.06.2016;3,13;3,13;3,08;3,08;3196,00
23.06.2016;3,09;3,23;3,09;3,15;14749,00
27.06.2016;3,06;3,11;2,86;3,04;24614,00
28.06.2016;3,07;3,23;3,07;3,23;16018,00
29.06.2016;3,26;3,26;3,15;3,15;11810,00
30.06.2016;3,15;3,25;3,14;3,24;13106,00
01.07.2016;3,25;3,30;3,22;3,25;25822,00
04.07.2016;3,21;3,25;3,20;3,24;3291,00
05.07.2016;3,25;3,25;3,22;3,22;4665,00
06.07.2016;3,15;3,21;3,15;3,19;3234,00
07.07.2016;3,19;3,19;3,15;3,15;5430,00
08.07.2016;3,22;3,25;3,22;3,24;2435,00
11.07.2016;3,24;3,30;3,15;3,26;22011,00
12.07.2016;3,20;3,27;3,20;3,23;30338,00
13.07.2016;3,23;3,34;3,23;3,31;18562,00
14.07.2016;3,34;3,36;3,33;3,36;5598,00
15.07.2016;3,36;3,36;3,27;3,30;4324,00
18.07.2016;3,33;3,33;3,27;3,30;10328,00
19.07.2016;3,30;3,30;3,25;3,26;13082,00
20.07.2016;3,28;3,28;3,26;3,26;2336,00
21.07.2016;3,22;3,30;3,22;3,22;11038,00
22.07.2016;3,25;3,30;3,24;3,30;20015,00
25.07.2016;3,30;3,30;3,26;3,26;5347,00
26.07.2016;3,28;3,32;3,28;3,30;34000,00
27.07.2016;3,33;3,40;3,32;3,38;78661,00
28.07.2016;3,40;3,40;3,35;3,36;5226,00
29.07.2016;3,37;3,47;3,37;3,41;7927,00
01.08.2016;3,44;3,45;3,40;3,43;5230,00
02.08.2016;3,45;3,45;3,44;3,44;3730,00
03.08.2016;3,44;3,44;3,37;3,40;5170,00
04.08.2016;3,45;3,55;3,45;3,47;20049,00
05.08.2016;3,54;3,54;3,50;3,54;2300,00
08.08.2016;3,54;3,54;3,45;3,49;12769,00
09.08.2016;3,56;3,56;3,40;3,49;29933,00
10.08.2016;3,54;3,68;3,52;3,67;26031,00
11.08.2016;3,67;3,67;3,52;3,59;10198,00
12.08.2016;3,60;3,70;3,60;3,66;26609,00
15.08.2016;3,60;3,69;3,60;3,67;11709,00
16.08.2016;3,67;3,70;3,57;3,64;9718,00
17.08.2016;3,58;3,67;3,57;3,62;5063,00
18.08.2016;3,60;3,67;3,58;3,65;10461,00
19.08.2016;3,67;3,68;3,60;3,63;11353,00
22.08.2016;3,69;3,69;3,63;3,63;6474,00
23.08.2016;3,63;3,65;3,61;3,65;3950,00
24.08.2016;3,67;3,70;3,66;3,68;7935,00
25.08.2016;3,68;3,68;3,64;3,64;4750,00
26.08.2016;3,64;3,65;3,62;3,65;1900,00
29.08.2016;3,65;3,65;3,58;3,60;6200,00
30.08.2016;3,57;3,66;3,57;3,60;15344,00
31.08.2016;3,60;3,70;3,60;3,66;9753,00
01.09.2016;3,67;3,67;3,62;3,65;8780,00
02.09.2016;3,70;3,72;3,65;3,66;14066,00
05.09.2016;3,70;3,70;3,66;3,69;8298,00
06.09.2016;3,69;3,70;3,66;3,66;10087,00
07.09.2016;3,69;3,69;3,69;3,69;10242,00
08.09.2016;3,67;3,67;3,60;3,67;18492,00
09.09.2016;3,62;3,65;3,62;3,64;7200,00
12.09.2016;3,61;3,63;3,52;3,60;16855,00
13.09.2016;3,59;3,59;3,56;3,58;3405,00
14.09.2016;3,58;3,61;3,56;3,56;306690,00
15.09.2016;3,55;3,55;3,40;3,43;28580,00
16.09.2016;3,44;3,61;3,42;3,48;31306,00
19.09.2016;3,47;3,56;3,45;3,51;17228,00
20.09.2016;3,45;3,50;3,43;3,45;16225,00
21.09.2016;3,49;3,49;3,47;3,47;4071,00
22.09.2016;3,52;3,58;3,45;3,45;44723,00
23.09.2016;3,50;3,55;3,50;3,55;5620,00
26.09.2016;3,55;3,60;3,54;3,60;10580,00
27.09.2016;3,64;3,66;3,53;3,54;15630,00
28.09.2016;3,50;3,54;3,50;3,52;5689,00
29.09.2016;3,53;3,58;3,52;3,58;13163,00
30.09.2016;3,58;3,58;3,51;3,57;4063,00
03.10.2016;3,48;3,53;3,48;3,52;14000,00
04.10.2016;3,57;3,70;3,57;3,70;28444,00
05.10.2016;3,70;3,70;3,62;3,70;22886,00
06.10.2016;3,70;3,70;3,67;3,68;15888,00
07.10.2016;3,70;3,70;3,68;3,70;10552,00
10.10.2016;3,70;3,70;3,65;3,66;13132,00
11.10.2016;3,64;3,65;3,62;3,65;6839,00
12.10.2016;3,65;3,68;3,62;3,62;10567,00
13.10.2016;3,66;3,66;3,54;3,54;4601,00
14.10.2016;3,60;3,60;3,55;3,57;5756,00
17.10.2016;3,60;3,60;3,58;3,60;7704,00
18.10.2016;3,58;3,60;3,58;3,59;9371,00
19.10.2016;3,60;3,60;3,59;3,59;3512,00
20.10.2016;3,63;3,63;3,58;3,60;15532,00
21.10.2016;3,63;3,63;3,40;3,42;50324,00
24.10.2016;3,40;3,47;3,40;3,47;11111,00
25.10.2016;3,47;3,47;3,41;3,42;16140,00
26.10.2016;3,41;3,49;3,38;3,42;28521,00
27.10.2016;3,42;3,44;3,36;3,42;13435,00
28.10.2016;3,36;3,39;3,30;3,38;3663,00
31.10.2016;3,36;3,42;3,36;3,40;1680,00
01.11.2016;3,40;3,40;3,31;3,31;3062,00
02.11.2016;3,30;3,30;3,19;3,27;16402,00
03.11.2016;3,26;3,31;3,20;3,21;4798,00
04.11.2016;3,23;3,26;3,21;3,25;9383,00
07.11.2016;3,30;3,45;3,26;3,35;14229,00
08.11.2016;3,37;3,38;3,37;3,38;8200,00
09.11.2016;3,30;3,36;3,19;3,36;33755,00
10.11.2016;3,36;3,37;3,36;3,37;3736,00
11.11.2016;3,36;3,36;3,26;3,35;4445,00
14.11.2016;3,35;3,35;3,30;3,30;2870,00
15.11.2016;3,30;3,30;3,23;3,26;10313,00
16.11.2016;3,30;3,30;3,23;3,23;3950,00
17.11.2016;3,23;3,30;3,23;3,28;3120,00
18.11.2016;3,30;3,30;3,25;3,25;2450,00
21.11.2016;3,32;3,32;3,28;3,28;2150,00
22.11.2016;3,28;3,32;3,28;3,30;3985,00
