date;open;high;low;close;volume
17.07.2012;1,27;1,69;1,27;1,43;31152,00
18.07.2012;1,52;2,36;1,43;1,61;220124,00
19.07.2012;1,71;1,79;1,65;1,67;152895,00
20.07.2012;1,76;1,88;1,70;1,75;81722,00
23.07.2012;1,76;1,76;1,64;1,64;73566,00
24.07.2012;1,64;1,76;1,64;1,65;75320,00
25.07.2012;1,65;1,65;1,61;1,65;8817,00
26.07.2012;1,64;1,72;1,60;1,65;12305,00
27.07.2012;1,65;1,66;1,60;1,65;15387,00
30.07.2012;1,67;1,67;1,59;1,60;15645,00
31.07.2012;1,64;1,64;1,55;1,55;18872,00
01.08.2012;1,56;1,59;1,55;1,55;13493,00
02.08.2012;1,60;1,60;1,56;1,60;10193,00
03.08.2012;1,60;1,70;1,60;1,68;99093,00
06.08.2012;1,69;1,69;1,60;1,62;14130,00
07.08.2012;1,62;1,67;1,62;1,63;19196,00
08.08.2012;1,64;1,66;1,64;1,64;585,00
09.08.2012;1,64;1,64;1,61;1,63;13935,00
10.08.2012;1,66;1,66;1,64;1,66;5150,00
13.08.2012;1,66;1,66;1,59;1,59;7301,00
14.08.2012;1,66;1,66;1,59;1,60;4223,00
15.08.2012;1,61;1,61;1,60;1,60;480,00
16.08.2012;1,60;1,65;1,59;1,60;12284,00
17.08.2012;1,62;1,62;1,54;1,55;28509,00
20.08.2012;1,56;1,58;1,55;1,56;18560,00
21.08.2012;1,56;1,56;1,56;1,56;4361,00
22.08.2012;1,56;1,56;1,53;1,53;12728,00
23.08.2012;1,55;1,56;1,48;1,50;10400,00
24.08.2012;1,52;1,56;1,48;1,56;16155,00
27.08.2012;1,53;1,55;1,53;1,55;1073,00
28.08.2012;1,50;1,50;1,47;1,47;17682,00
29.08.2012;1,49;1,49;1,48;1,48;734,00
30.08.2012;1,48;1,48;1,47;1,48;5588,00
31.08.2012;1,45;1,49;1,45;1,48;7386,00
03.09.2012;1,48;1,48;1,44;1,44;7593,00
04.09.2012;1,49;1,49;1,47;1,47;4575,00
05.09.2012;1,48;1,48;1,43;1,43;3873,00
06.09.2012;1,43;1,43;1,39;1,40;5277,00
07.09.2012;1,42;1,48;1,41;1,45;6131,00
10.09.2012;1,45;1,48;1,45;1,46;2850,00
11.09.2012;1,48;1,51;1,48;1,51;3000,00
12.09.2012;1,48;1,51;1,48;1,48;12635,00
13.09.2012;1,51;1,51;1,49;1,49;10500,00
14.09.2012;1,51;1,52;1,47;1,49;27876,00
17.09.2012;1,52;1,52;1,49;1,49;2250,00
18.09.2012;1,49;1,49;1,46;1,48;11573,00
19.09.2012;1,48;1,49;1,43;1,49;17835,00
20.09.2012;1,49;1,49;1,48;1,48;390,00
21.09.2012;1,48;1,48;1,47;1,47;3210,00
24.09.2012;1,45;1,45;1,45;1,45;455,00
25.09.2012;1,43;1,45;1,43;1,44;4401,00
26.09.2012;1,44;1,44;1,44;1,44;0,00
27.09.2012;1,42;1,42;1,39;1,39;11315,00
28.09.2012;1,39;1,41;1,37;1,41;4017,00
01.10.2012;1,39;1,44;1,39;1,42;4988,00
02.10.2012;1,42;1,42;1,38;1,38;11982,00
03.10.2012;1,43;1,43;1,38;1,38;4817,00
04.10.2012;1,39;1,39;1,34;1,34;22956,00
05.10.2012;1,35;1,38;1,34;1,38;7181,00
08.10.2012;1,39;1,41;1,33;1,34;18042,00
09.10.2012;1,38;1,39;1,38;1,39;6225,00
10.10.2012;1,38;1,38;1,35;1,38;4535,00
11.10.2012;1,38;1,38;1,33;1,35;5700,00
12.10.2012;1,35;1,35;1,31;1,31;19365,00
15.10.2012;1,39;1,43;1,32;1,32;10343,00
16.10.2012;1,38;1,38;1,35;1,38;10163,00
17.10.2012;1,38;1,41;1,34;1,34;12015,00
18.10.2012;1,34;1,34;1,32;1,33;8138,00
19.10.2012;1,33;1,36;1,33;1,36;2310,00
22.10.2012;1,37;1,38;1,37;1,38;1260,00
23.10.2012;1,38;1,38;1,32;1,32;2648,00
24.10.2012;1,33;1,35;1,29;1,30;6575,00
25.10.2012;1,30;1,32;1,27;1,30;11400,00
26.10.2012;1,28;1,30;1,28;1,28;3518,00
29.10.2012;1,27;1,30;1,27;1,30;5325,00
30.10.2012;1,29;1,31;1,27;1,28;4046,00
31.10.2012;1,30;1,31;1,30;1,30;2363,00
01.11.2012;1,30;1,30;1,27;1,28;7053,00
02.11.2012;1,32;1,32;1,27;1,31;3525,00
05.11.2012;1,33;1,34;1,32;1,33;9386,00
06.11.2012;1,34;1,34;1,33;1,33;3794,00
07.11.2012;1,32;1,33;1,32;1,32;6405,00
08.11.2012;1,32;1,32;1,28;1,28;6786,00
09.11.2012;1,31;1,34;1,29;1,33;9183,00
12.11.2012;1,33;1,33;1,28;1,28;2805,00
13.11.2012;1,27;1,29;1,27;1,28;3792,00
14.11.2012;1,27;1,29;1,27;1,27;4143,00
15.11.2012;1,33;1,33;1,28;1,28;3675,00
16.11.2012;1,29;1,29;1,27;1,27;20216,00
19.11.2012;1,27;1,30;1,24;1,27;12405,00
20.11.2012;1,28;1,28;1,27;1,27;1242,00
21.11.2012;1,27;1,27;1,25;1,27;1689,00
22.11.2012;1,31;1,32;1,27;1,29;8405,00
23.11.2012;1,31;1,35;1,29;1,29;19740,00
26.11.2012;1,29;1,29;1,27;1,27;3011,00
27.11.2012;1,30;1,30;1,30;1,30;1800,00
28.11.2012;1,27;1,35;1,25;1,35;26280,00
29.11.2012;1,35;1,35;1,33;1,33;5954,00
30.11.2012;1,33;1,37;1,28;1,28;14834,00
03.12.2012;1,27;1,27;1,21;1,21;41234,00
04.12.2012;1,22;1,24;1,21;1,23;12969,00
05.12.2012;1,26;1,27;1,23;1,23;19697,00
07.12.2012;1,27;1,27;1,22;1,22;19038,00
10.12.2012;1,22;1,24;1,21;1,22;14904,00
11.12.2012;1,25;1,25;1,25;1,25;300,00
12.12.2012;1,22;1,23;1,19;1,21;10799,00
13.12.2012;1,20;1,20;1,16;1,16;19058,00
14.12.2012;1,18;1,21;1,18;1,18;698,00
17.12.2012;1,23;1,28;1,21;1,27;14096,00
18.12.2012;1,27;1,28;1,22;1,23;21600,00
19.12.2012;1,23;1,24;1,22;1,22;10635,00
20.12.2012;1,27;1,27;1,22;1,22;6284,00
21.12.2012;1,23;1,24;1,20;1,22;18345,00
27.12.2012;1,21;1,21;1,20;1,20;3009,00
28.12.2012;1,19;1,20;1,19;1,20;4470,00
02.01.2013;1,27;1,27;1,26;1,27;8658,00
03.01.2013;1,30;1,34;1,30;1,31;17030,00
04.01.2013;1,35;1,40;1,35;1,35;44913,00
07.01.2013;1,41;1,45;1,32;1,34;17715,00
08.01.2013;1,38;1,38;1,29;1,29;4320,00
09.01.2013;1,30;1,33;1,30;1,31;4398,00
10.01.2013;1,33;1,33;1,31;1,33;11697,00
11.01.2013;1,38;1,39;1,31;1,34;14286,00
14.01.2013;1,35;1,39;1,34;1,38;10145,00
15.01.2013;1,41;1,41;1,35;1,41;16250,00
16.01.2013;1,41;1,41;1,35;1,35;8286,00
17.01.2013;1,35;1,39;1,35;1,35;7910,00
18.01.2013;1,41;1,46;1,38;1,46;67971,00
21.01.2013;1,47;1,80;1,46;1,69;165048,00
22.01.2013;1,81;1,97;1,81;1,87;298748,00
23.01.2013;1,88;1,94;1,75;1,75;117557,00
24.01.2013;1,75;1,86;1,69;1,73;59505,00
25.01.2013;1,74;1,74;1,57;1,62;38904,00
28.01.2013;1,60;1,64;1,50;1,59;71808,00
29.01.2013;1,59;1,60;1,54;1,55;35028,00
30.01.2013;1,52;1,55;1,46;1,54;33017,00
31.01.2013;1,50;1,54;1,49;1,52;20112,00
01.02.2013;1,52;1,53;1,50;1,53;6914,00
04.02.2013;1,53;1,70;1,48;1,60;43139,00
05.02.2013;1,60;1,60;1,53;1,54;23439,00
06.02.2013;1,60;1,66;1,60;1,60;16917,00
07.02.2013;1,61;1,64;1,58;1,60;11408,00
08.02.2013;1,61;1,61;1,45;1,55;47922,00
11.02.2013;1,60;1,60;1,54;1,54;10338,00
12.02.2013;1,54;1,55;1,50;1,55;35175,00
13.02.2013;1,53;1,54;1,49;1,52;19946,00
14.02.2013;1,52;1,54;1,52;1,54;22151,00
15.02.2013;1,54;1,60;1,54;1,54;24686,00
18.02.2013;1,60;1,73;1,60;1,71;51902,00
19.02.2013;1,77;1,79;1,67;1,69;37787,00
20.02.2013;1,68;1,70;1,62;1,62;28352,00
21.02.2013;1,64;1,65;1,61;1,62;8067,00
22.02.2013;1,62;1,65;1,61;1,65;9363,00
25.02.2013;1,64;1,70;1,64;1,70;11037,00
26.02.2013;1,70;1,70;1,63;1,63;13448,00
27.02.2013;1,65;1,69;1,64;1,69;2466,00
28.02.2013;1,71;1,71;1,64;1,64;10581,00
01.03.2013;1,69;1,70;1,64;1,64;7095,00
04.03.2013;1,66;1,72;1,66;1,70;11295,00
05.03.2013;1,70;1,74;1,70;1,73;27410,00
06.03.2013;1,73;1,76;1,70;1,70;19874,00
07.03.2013;1,70;1,76;1,70;1,76;2796,00
08.03.2013;1,76;1,78;1,73;1,77;18272,00
11.03.2013;1,77;1,77;1,60;1,73;21350,00
12.03.2013;1,73;1,74;1,67;1,68;16947,00
13.03.2013;1,73;1,73;1,68;1,68;14096,00
14.03.2013;1,69;1,69;1,64;1,65;20694,00
15.03.2013;1,67;1,68;1,62;1,68;27075,00
18.03.2013;1,69;1,69;1,64;1,66;13290,00
19.03.2013;1,69;1,69;1,64;1,67;13718,00
20.03.2013;1,67;1,75;1,67;1,72;64659,00
21.03.2013;1,76;1,78;1,71;1,77;36825,00
22.03.2013;1,77;1,78;1,74;1,74;20696,00
25.03.2013;1,77;1,77;1,71;1,71;16335,00
26.03.2013;1,73;1,78;1,73;1,73;42569,00
27.03.2013;1,75;1,75;1,72;1,73;13134,00
28.03.2013;1,73;1,75;1,68;1,71;26433,00
02.04.2013;1,76;1,79;1,75;1,75;37385,00
03.04.2013;1,77;1,85;1,77;1,83;25542,00
04.04.2013;1,81;1,83;1,74;1,74;25835,00
05.04.2013;1,80;1,81;1,69;1,76;48749,00
08.04.2013;1,73;1,76;1,70;1,70;16913,00
09.04.2013;1,75;1,75;1,70;1,71;5915,00
10.04.2013;1,73;1,74;1,70;1,70;11858,00
11.04.2013;1,71;1,75;1,69;1,75;6978,00
12.04.2013;1,75;1,81;1,73;1,75;31580,00
15.04.2013;1,80;1,80;1,63;1,69;69783,00
16.04.2013;1,71;1,80;1,67;1,67;99045,00
17.04.2013;1,69;1,69;1,57;1,64;47106,00
18.04.2013;1,64;1,64;1,49;1,62;37733,00
19.04.2013;1,60;1,60;1,53;1,55;19056,00
22.04.2013;1,53;1,60;1,53;1,60;10443,00
23.04.2013;1,60;1,61;1,54;1,55;4835,00
24.04.2013;1,63;1,63;1,56;1,57;3939,00
25.04.2013;1,57;1,60;1,56;1,60;5301,00
26.04.2013;1,63;1,63;1,58;1,63;13985,00
29.04.2013;1,65;1,65;1,60;1,64;6038,00
30.04.2013;1,65;1,65;1,56;1,64;10886,00
02.05.2013;1,63;1,63;1,55;1,55;12591,00
03.05.2013;1,56;1,63;1,56;1,62;2798,00
06.05.2013;1,60;1,62;1,56;1,62;12131,00
07.05.2013;1,62;1,62;1,56;1,62;2282,00
08.05.2013;1,62;1,64;1,60;1,62;7275,00
10.05.2013;1,63;1,63;1,59;1,59;5520,00
13.05.2013;1,60;1,60;1,59;1,59;2390,00
14.05.2013;1,59;1,60;1,59;1,60;4929,00
15.05.2013;1,60;1,60;1,59;1,60;8784,00
16.05.2013;1,60;1,62;1,60;1,60;5160,00
17.05.2013;1,58;1,59;1,52;1,52;27842,00
20.05.2013;1,54;1,54;1,47;1,48;33086,00
21.05.2013;1,49;1,50;1,47;1,50;16401,00
22.05.2013;1,48;1,50;1,48;1,49;5370,00
23.05.2013;1,48;1,49;1,45;1,45;9585,00
24.05.2013;1,46;1,48;1,46;1,48;2571,00
27.05.2013;1,47;1,49;1,47;1,48;5477,00
28.05.2013;1,49;1,49;1,46;1,47;2403,00
29.05.2013;1,44;1,48;1,43;1,48;9525,00
30.05.2013;1,44;1,48;1,43;1,48;4002,00
31.05.2013;1,44;1,44;1,42;1,42;894,00
03.06.2013;1,43;1,43;1,43;1,43;2462,00
04.06.2013;1,43;1,43;1,43;1,43;2678,00
05.06.2013;1,43;1,43;1,36;1,40;3881,00
06.06.2013;1,36;1,37;1,36;1,37;1800,00
07.06.2013;1,40;1,40;1,40;1,40;4650,00
10.06.2013;1,42;1,42;1,37;1,39;1953,00
11.06.2013;1,39;1,39;1,32;1,32;8172,00
12.06.2013;1,35;1,36;1,31;1,35;5751,00
13.06.2013;1,36;1,37;1,35;1,36;6008,00
14.06.2013;1,37;1,37;1,35;1,35;810,00
17.06.2013;1,36;1,37;1,35;1,35;8175,00
18.06.2013;1,35;1,35;1,33;1,35;3645,00
19.06.2013;1,28;1,30;1,27;1,28;7430,00
20.06.2013;1,33;1,34;1,29;1,30;5258,00
24.06.2013;1,31;1,31;1,20;1,20;18188,00
25.06.2013;1,21;1,29;1,21;1,29;21413,00
26.06.2013;1,28;1,29;1,28;1,29;3135,00
27.06.2013;1,29;1,29;1,29;1,29;1725,00
28.06.2013;1,29;1,29;1,19;1,19;20562,00
01.07.2013;1,20;1,22;1,20;1,22;4563,00
02.07.2013;1,22;1,22;1,22;1,22;1500,00
03.07.2013;1,22;1,22;1,22;1,22;0,00
04.07.2013;1,22;1,23;1,22;1,23;485,00
05.07.2013;1,22;1,22;1,17;1,17;14520,00
08.07.2013;1,18;1,21;1,14;1,21;13278,00
09.07.2013;1,18;1,18;1,15;1,15;6590,00
10.07.2013;1,15;1,18;1,15;1,18;2775,00
11.07.2013;1,18;1,18;1,18;1,18;1950,00
12.07.2013;1,17;1,17;1,16;1,17;7215,00
15.07.2013;1,18;1,18;1,18;1,18;2873,00
16.07.2013;1,18;1,18;1,12;1,14;20850,00
17.07.2013;1,15;1,15;1,14;1,14;1155,00
18.07.2013;1,13;1,13;1,11;1,11;10530,00
19.07.2013;1,11;1,14;1,11;1,13;7445,00
22.07.2013;1,14;1,14;1,11;1,14;14699,00
23.07.2013;1,14;1,15;1,11;1,15;7133,00
24.07.2013;1,15;1,15;1,10;1,10;22239,00
25.07.2013;1,12;1,12;1,11;1,11;4845,00
26.07.2013;1,11;1,11;1,11;1,11;2250,00
29.07.2013;1,11;1,11;1,10;1,11;5271,00
30.07.2013;1,11;1,11;1,10;1,10;11700,00
31.07.2013;1,11;1,11;1,10;1,10;9000,00
01.08.2013;1,11;1,12;1,10;1,10;5862,00
02.08.2013;1,13;1,14;1,13;1,14;4614,00
05.08.2013;1,14;1,15;1,14;1,14;2265,00
06.08.2013;1,13;1,15;1,13;1,14;555,00
07.08.2013;1,15;1,16;1,15;1,16;5595,00
08.08.2013;1,16;1,17;1,15;1,17;4290,00
09.08.2013;1,14;1,18;1,14;1,16;7029,00
12.08.2013;1,17;1,18;1,16;1,18;4650,00
13.08.2013;1,18;1,20;1,16;1,20;16013,00
14.08.2013;1,20;1,21;1,20;1,21;4890,00
15.08.2013;1,22;1,22;1,22;1,22;6582,00
16.08.2013;1,22;1,22;1,18;1,18;19388,00
19.08.2013;1,19;1,19;1,16;1,18;3750,00
20.08.2013;1,18;1,18;1,14;1,18;7833,00
21.08.2013;1,14;1,16;1,14;1,14;4350,00
22.08.2013;1,14;1,14;1,14;1,14;2279,00
23.08.2013;1,14;1,14;1,13;1,13;7590,00
26.08.2013;1,14;1,14;1,11;1,13;5514,00
27.08.2013;1,13;1,14;1,11;1,14;12356,00
28.08.2013;1,14;1,25;1,13;1,25;45458,00
29.08.2013;1,27;1,31;1,18;1,25;35264,00
30.08.2013;1,25;1,25;1,22;1,23;13110,00
02.09.2013;1,24;1,24;1,19;1,19;13815,00
03.09.2013;1,19;1,22;1,19;1,20;11039,00
04.09.2013;1,19;1,24;1,19;1,23;15726,00
05.09.2013;1,19;1,22;1,19;1,19;10656,00
06.09.2013;1,23;1,23;1,19;1,19;4343,00
09.09.2013;1,19;1,19;1,14;1,16;21240,00
10.09.2013;1,17;1,19;1,17;1,18;16514,00
11.09.2013;1,19;1,19;1,16;1,17;11745,00
12.09.2013;1,17;1,18;1,16;1,16;3393,00
13.09.2013;1,16;1,16;1,15;1,16;19533,00
16.09.2013;1,16;1,16;1,12;1,13;36593,00
17.09.2013;1,13;1,16;1,13;1,15;4394,00
18.09.2013;1,15;1,16;1,14;1,16;9050,00
19.09.2013;1,18;1,18;1,16;1,16;20156,00
20.09.2013;1,16;1,16;1,14;1,14;13919,00
23.09.2013;1,15;1,16;1,13;1,13;11015,00
24.09.2013;1,16;1,16;1,15;1,16;4385,00
25.09.2013;1,16;1,16;1,14;1,14;2151,00
26.09.2013;1,13;1,16;1,13;1,16;6294,00
27.09.2013;1,16;1,16;1,16;1,16;1845,00
30.09.2013;1,16;1,16;1,14;1,16;7673,00
01.10.2013;1,15;1,17;1,13;1,16;6494,00
02.10.2013;1,18;1,84;1,18;1,40;201338,00
03.10.2013;1,45;1,60;1,42;1,52;165614,00
04.10.2013;1,54;1,58;1,48;1,51;68106,00
07.10.2013;1,52;1,52;1,39;1,41;50214,00
08.10.2013;1,45;1,45;1,40;1,41;20348,00
09.10.2013;1,39;1,39;1,33;1,33;16698,00
10.10.2013;1,31;1,33;1,28;1,31;12311,00
11.10.2013;1,32;1,35;1,28;1,31;14064,00
14.10.2013;1,29;1,32;1,27;1,27;5336,00
15.10.2013;1,28;1,32;1,27;1,29;10541,00
16.10.2013;1,30;1,32;1,30;1,32;4908,00
17.10.2013;1,33;1,33;1,19;1,25;61113,00
18.10.2013;1,25;1,25;1,21;1,22;8793,00
21.10.2013;1,27;1,31;1,23;1,31;13509,00
22.10.2013;1,30;1,33;1,25;1,29;11382,00
23.10.2013;1,29;1,29;1,26;1,27;5790,00
24.10.2013;1,27;1,27;1,23;1,27;16019,00
25.10.2013;1,28;1,28;1,27;1,27;4455,00
28.10.2013;1,30;1,30;1,23;1,26;11315,00
29.10.2013;1,26;1,28;1,23;1,23;2832,00
30.10.2013;1,27;1,27;1,27;1,27;5411,00
31.10.2013;1,27;1,28;1,24;1,27;9083,00
01.11.2013;1,33;1,33;1,27;1,31;6638,00
04.11.2013;1,31;1,33;1,29;1,29;12932,00
05.11.2013;1,29;1,29;1,27;1,27;929,00
06.11.2013;1,31;1,33;1,27;1,28;11678,00
07.11.2013;1,30;1,33;1,27;1,27;4890,00
08.11.2013;1,27;1,33;1,27;1,33;4781,00
11.11.2013;1,33;1,33;1,27;1,29;10352,00
12.11.2013;1,27;1,30;1,27;1,29;2889,00
13.11.2013;1,30;1,33;1,28;1,29;14490,00
14.11.2013;1,29;1,29;1,23;1,26;29672,00
15.11.2013;1,27;1,27;1,27;1,27;4952,00
18.11.2013;1,27;1,27;1,21;1,22;23298,00
19.11.2013;1,22;1,23;1,22;1,23;7925,00
20.11.2013;1,24;1,25;1,20;1,21;15365,00
21.11.2013;1,21;1,21;1,18;1,18;7815,00
22.11.2013;1,21;1,22;1,17;1,21;12698,00
25.11.2013;1,21;1,21;1,11;1,16;45371,00
26.11.2013;1,18;1,18;1,14;1,14;14198,00
27.11.2013;1,15;1,31;1,15;1,25;88685,00
28.11.2013;1,27;1,27;1,25;1,27;7119,00
29.11.2013;1,29;1,29;1,23;1,26;6522,00
02.12.2013;1,27;1,27;1,23;1,23;9897,00
03.12.2013;1,23;1,25;1,16;1,16;12480,00
04.12.2013;1,17;1,22;1,16;1,18;11705,00
05.12.2013;1,18;1,18;1,16;1,17;17588,00
09.12.2013;1,16;1,16;1,14;1,14;7283,00
10.12.2013;1,16;1,16;1,10;1,11;60467,00
11.12.2013;1,11;1,15;1,10;1,15;14618,00
12.12.2013;1,15;1,15;1,10;1,11;19697,00
13.12.2013;1,12;1,15;1,11;1,11;3375,00
16.12.2013;1,12;1,13;1,07;1,09;23231,00
17.12.2013;1,10;1,15;1,09;1,13;24468,00
18.12.2013;1,15;1,27;1,15;1,22;54611,00
19.12.2013;1,22;1,22;1,16;1,21;6242,00
20.12.2013;1,18;1,18;1,15;1,16;28425,00
23.12.2013;1,16;1,16;1,12;1,13;5600,00
27.12.2013;1,16;1,20;1,12;1,14;23688,00
30.12.2013;1,13;1,14;1,10;1,13;56939,00
02.01.2014;1,14;1,19;1,14;1,16;18513,00
03.01.2014;1,16;1,18;1,16;1,18;2388,00
07.01.2014;1,17;1,17;1,15;1,15;10656,00
08.01.2014;1,15;1,16;1,11;1,12;44028,00
09.01.2014;1,12;1,14;1,12;1,12;5625,00
10.01.2014;1,14;1,15;1,14;1,15;3917,00
13.01.2014;1,15;1,16;1,13;1,14;9425,00
14.01.2014;1,16;1,16;1,14;1,14;18438,00
15.01.2014;1,15;1,17;1,15;1,16;20580,00
16.01.2014;1,17;1,20;1,16;1,16;11775,00
17.01.2014;1,18;1,18;1,17;1,17;2622,00
20.01.2014;1,18;1,19;1,17;1,17;9930,00
21.01.2014;1,16;1,16;1,13;1,13;6008,00
22.01.2014;1,14;1,18;1,14;1,15;20270,00
23.01.2014;1,16;1,20;1,14;1,14;20460,00
24.01.2014;1,16;1,16;1,12;1,13;22778,00
27.01.2014;1,13;1,14;1,13;1,14;3777,00
28.01.2014;1,16;1,25;1,16;1,22;61847,00
29.01.2014;1,22;1,22;1,16;1,16;13464,00
30.01.2014;1,18;1,18;1,14;1,14;21606,00
31.01.2014;1,14;1,16;1,14;1,14;1890,00
03.02.2014;1,14;1,18;1,14;1,15;10088,00
04.02.2014;1,16;1,16;1,14;1,15;3212,00
05.02.2014;1,15;1,21;1,15;1,19;5780,00
06.02.2014;1,19;1,20;1,16;1,16;7632,00
07.02.2014;1,21;1,21;1,18;1,18;225,00
10.02.2014;1,18;1,22;1,16;1,20;17925,00
11.02.2014;1,20;1,20;1,18;1,18;810,00
12.02.2014;1,22;1,22;1,15;1,16;5210,00
13.02.2014;1,16;1,19;1,16;1,19;3000,00
14.02.2014;1,20;1,20;1,18;1,19;4968,00
17.02.2014;1,20;1,20;1,13;1,15;63944,00
18.02.2014;1,14;1,15;1,14;1,14;18143,00
19.02.2014;1,15;1,16;1,15;1,16;9113,00
20.02.2014;1,16;1,17;1,16;1,16;10482,00
21.02.2014;1,17;1,17;1,16;1,16;9113,00
24.02.2014;1,18;1,23;1,17;1,22;14963,00
25.02.2014;1,22;1,22;1,16;1,19;7889,00
26.02.2014;1,18;1,18;1,16;1,16;10641,00
27.02.2014;1,18;1,18;1,16;1,16;4839,00
28.02.2014;1,16;1,17;1,16;1,16;7199,00
03.03.2014;1,16;1,16;1,14;1,14;13233,00
04.03.2014;1,14;1,15;1,14;1,14;20562,00
05.03.2014;1,17;1,19;1,13;1,13;25404,00
06.03.2014;1,17;1,17;1,15;1,15;3705,00
07.03.2014;1,14;1,16;1,14;1,14;21389,00
10.03.2014;1,15;1,15;1,11;1,13;7911,00
11.03.2014;1,11;1,18;1,11;1,14;34170,00
12.03.2014;1,14;1,14;1,11;1,11;5040,00
13.03.2014;1,13;1,13;1,13;1,13;1050,00
14.03.2014;1,11;1,13;1,11;1,11;4896,00
17.03.2014;1,11;1,11;1,09;1,09;3249,00
18.03.2014;1,10;1,10;1,09;1,09;2733,00
19.03.2014;1,11;1,14;1,06;1,13;6791,00
20.03.2014;1,11;1,11;1,08;1,09;14616,00
21.03.2014;1,08;1,11;1,08;1,08;13530,00
24.03.2014;1,12;1,24;1,12;1,22;11724,00
25.03.2014;1,23;1,25;1,23;1,25;5618,00
26.03.2014;1,24;1,24;1,20;1,22;1644,00
27.03.2014;1,23;1,24;1,20;1,20;6494,00
28.03.2014;1,23;1,23;1,20;1,20;5823,00
31.03.2014;1,20;1,20;1,04;1,10;17180,00
01.04.2014;1,12;1,12;0,94;1,02;23127,00
02.04.2014;1,05;1,05;1,00;1,00;7981,00
03.04.2014;1,00;1,03;0,92;1,03;15973,00
04.04.2014;1,00;1,00;0,96;1,00;10030,00
07.04.2014;1,00;1,00;0,85;0,95;43872,00
08.04.2014;0,95;0,95;0,88;0,90;4708,00
09.04.2014;0,91;0,91;0,87;0,90;7390,00
10.04.2014;0,90;0,96;0,90;0,95;10497,00
11.04.2014;0,95;1,05;0,90;0,98;12816,00
14.04.2014;0,99;0,99;0,86;0,93;20355,00
15.04.2014;0,93;0,93;0,88;0,88;4652,00
16.04.2014;0,93;0,93;0,87;0,87;3100,00
17.04.2014;0,87;0,87;0,87;0,87;2145,00
22.04.2014;0,87;0,93;0,87;0,93;1596,00
23.04.2014;0,98;0,98;0,90;0,90;6775,00
24.04.2014;0,91;0,91;0,90;0,90;2890,00
25.04.2014;0,90;0,90;0,89;0,89;3300,00
28.04.2014;0,87;0,87;0,86;0,86;2300,00
29.04.2014;0,88;0,88;0,88;0,88;200,00
30.04.2014;0,83;0,83;0,82;0,82;1722,00
02.05.2014;0,82;0,83;0,81;0,82;3705,00
05.05.2014;0,82;0,82;0,82;0,82;2663,00
06.05.2014;0,81;0,82;0,79;0,81;5416,00
07.05.2014;0,81;0,82;0,81;0,82;11216,00
08.05.2014;0,82;0,82;0,75;0,80;4071,00
09.05.2014;0,80;0,82;0,77;0,78;6992,00
12.05.2014;0,82;0,91;0,78;0,91;11843,00
13.05.2014;0,95;0,95;0,87;0,94;15663,00
14.05.2014;0,95;0,95;0,92;0,95;11483,00
15.05.2014;0,95;0,96;0,90;0,90;6667,00
16.05.2014;0,97;0,97;0,87;0,92;5730,00
19.05.2014;0,97;0,98;0,95;0,96;3785,00
20.05.2014;0,95;0,95;0,89;0,95;6053,00
21.05.2014;0,93;0,95;0,86;0,92;7250,00
22.05.2014;0,93;0,93;0,93;0,93;2363,00
23.05.2014;0,93;0,93;0,83;0,86;33527,00
26.05.2014;0,88;0,89;0,87;0,89;5001,00
27.05.2014;0,89;0,90;0,85;0,86;11241,00
28.05.2014;0,88;0,88;0,85;0,85;11369,00
30.05.2014;0,86;0,86;0,84;0,84;19211,00
02.06.2014;0,85;0,85;0,79;0,80;60243,00
03.06.2014;0,80;0,80;0,76;0,76;78243,00
04.06.2014;0,78;0,78;0,75;0,76;64609,00
05.06.2014;0,77;0,78;0,75;0,76;51821,00
06.06.2014;0,77;0,81;0,77;0,80;23060,00
09.06.2014;0,81;0,83;0,77;0,78;141606,00
10.06.2014;0,79;0,79;0,76;0,77;50305,00
11.06.2014;0,78;0,79;0,77;0,77;33029,00
12.06.2014;0,79;0,80;0,78;0,78;23551,00
13.06.2014;0,79;0,79;0,76;0,78;44576,00
16.06.2014;0,77;0,78;0,76;0,77;33500,00
17.06.2014;0,77;0,77;0,75;0,75;50610,00
18.06.2014;0,76;0,77;0,75;0,77;11513,00
19.06.2014;0,76;0,77;0,76;0,77;20040,00
23.06.2014;0,78;0,80;0,78;0,79;38847,00
24.06.2014;0,79;0,80;0,78;0,79;36557,00
25.06.2014;0,79;0,81;0,77;0,77;4925,00
26.06.2014;0,79;0,79;0,77;0,78;18071,00
27.06.2014;0,79;0,79;0,76;0,79;10667,00
30.06.2014;0,78;0,78;0,76;0,76;20670,00
01.07.2014;0,78;0,78;0,76;0,76;23786,00
02.07.2014;0,77;0,77;0,76;0,76;10141,00
03.07.2014;0,77;0,78;0,76;0,77;4771,00
04.07.2014;0,77;0,77;0,75;0,75;16830,00
07.07.2014;0,76;0,76;0,76;0,76;3000,00
08.07.2014;0,78;0,78;0,76;0,76;9469,00
09.07.2014;0,77;0,77;0,75;0,75;18750,00
10.07.2014;0,75;0,77;0,75;0,77;5020,00
11.07.2014;0,77;0,77;0,75;0,75;5019,00
14.07.2014;0,77;0,77;0,75;0,75;2660,00
15.07.2014;0,75;0,76;0,75;0,76;11791,00
16.07.2014;0,76;0,76;0,75;0,76;8000,00
17.07.2014;0,76;0,77;0,76;0,77;400,00
18.07.2014;0,77;0,77;0,76;0,77;3855,00
21.07.2014;0,77;0,77;0,74;0,74;25085,00
22.07.2014;0,76;0,76;0,76;0,76;4500,00
23.07.2014;0,76;0,76;0,75;0,75;20710,00
24.07.2014;0,75;0,75;0,74;0,75;9260,00
25.07.2014;0,75;0,75;0,75;0,75;9920,00
28.07.2014;0,75;0,76;0,75;0,76;24382,00
29.07.2014;0,75;0,76;0,75;0,76;24257,00
30.07.2014;0,75;0,76;0,75;0,76;1630,00
31.07.2014;0,75;0,76;0,74;0,74;19595,00
01.08.2014;0,74;0,76;0,74;0,74;8469,00
04.08.2014;0,75;0,75;0,74;0,74;5890,00
05.08.2014;0,74;0,74;0,71;0,72;19459,00
06.08.2014;0,71;0,72;0,70;0,71;10300,00
07.08.2014;0,71;0,71;0,70;0,70;6140,00
08.08.2014;0,69;0,69;0,67;0,67;23010,00
11.08.2014;0,70;0,72;0,69;0,70;10714,00
12.08.2014;0,71;0,72;0,71;0,71;13750,00
13.08.2014;0,71;0,71;0,70;0,70;11310,00
14.08.2014;0,70;0,70;0,69;0,69;4950,00
15.08.2014;0,70;0,73;0,67;0,68;21948,00
18.08.2014;0,69;0,70;0,68;0,70;10200,00
19.08.2014;0,70;0,70;0,68;0,69;32832,00
20.08.2014;0,69;0,70;0,68;0,68;18000,00
21.08.2014;0,68;0,71;0,68;0,70;32560,00
22.08.2014;0,69;0,74;0,69;0,73;27789,00
25.08.2014;0,74;0,74;0,71;0,71;54727,00
26.08.2014;0,72;0,74;0,72;0,72;43443,00
27.08.2014;0,74;0,74;0,72;0,72;1100,00
28.08.2014;0,71;0,71;0,70;0,70;1950,00
29.08.2014;0,71;0,73;0,70;0,70;6055,00
01.09.2014;0,71;0,73;0,71;0,73;5599,00
02.09.2014;0,72;0,73;0,70;0,73;4755,00
03.09.2014;0,73;0,73;0,69;0,69;38320,00
04.09.2014;0,70;0,70;0,70;0,70;3550,00
05.09.2014;0,70;0,71;0,68;0,68;102416,00
08.09.2014;0,69;0,69;0,68;0,68;20223,00
09.09.2014;0,69;0,70;0,68;0,68;31516,00
10.09.2014;0,68;0,69;0,68;0,69;2500,00
11.09.2014;0,69;0,69;0,69;0,69;290,00
12.09.2014;0,69;0,69;0,68;0,69;8728,00
15.09.2014;0,69;0,69;0,67;0,67;24589,00
16.09.2014;0,67;0,67;0,65;0,66;6861,00
17.09.2014;0,66;0,66;0,65;0,66;2684,00
18.09.2014;0,66;0,66;0,66;0,66;657,00
19.09.2014;0,66;0,66;0,66;0,66;3210,00
22.09.2014;0,68;0,68;0,64;0,65;21642,00
23.09.2014;0,66;0,68;0,65;0,67;29155,00
24.09.2014;0,65;0,65;0,64;0,64;7134,00
25.09.2014;0,64;0,64;0,64;0,64;1192,00
26.09.2014;0,65;0,65;0,64;0,64;500,00
29.09.2014;0,62;0,63;0,62;0,62;14188,00
30.09.2014;0,62;0,63;0,61;0,61;16727,00
01.10.2014;0,60;0,65;0,60;0,60;6259,00
02.10.2014;0,60;0,60;0,56;0,57;68779,00
03.10.2014;0,61;0,61;0,60;0,60;12310,00
06.10.2014;0,60;0,61;0,54;0,55;79597,00
07.10.2014;0,56;0,56;0,53;0,53;29723,00
08.10.2014;0,53;0,54;0,48;0,49;61588,00
09.10.2014;0,50;0,52;0,50;0,51;11948,00
10.10.2014;0,51;0,51;0,45;0,49;49688,00
13.10.2014;0,50;0,50;0,48;0,49;14681,00
14.10.2014;0,49;0,50;0,47;0,50;17186,00
15.10.2014;0,50;0,50;0,48;0,49;6700,00
16.10.2014;0,48;0,48;0,48;0,48;8379,00
17.10.2014;0,47;0,50;0,47;0,49;6030,00
20.10.2014;0,50;0,50;0,49;0,50;4766,00
21.10.2014;0,50;0,50;0,49;0,49;12423,00
22.10.2014;0,49;0,49;0,48;0,48;12972,00
23.10.2014;0,49;0,50;0,46;0,50;10551,00
24.10.2014;0,50;0,50;0,49;0,49;3639,00
27.10.2014;0,48;0,49;0,47;0,47;39250,00
28.10.2014;0,48;0,49;0,48;0,48;3000,00
29.10.2014;0,50;0,50;0,47;0,47;17249,00
30.10.2014;0,49;0,49;0,47;0,47;6482,00
31.10.2014;0,47;0,47;0,44;0,44;58353,00
03.11.2014;0,45;0,46;0,45;0,45;61905,00
04.11.2014;0,46;0,46;0,44;0,45;56099,00
05.11.2014;0,45;0,45;0,45;0,45;7355,00
06.11.2014;0,44;0,44;0,41;0,42;30251,00
07.11.2014;0,42;0,50;0,42;0,47;61275,00
10.11.2014;0,47;0,47;0,45;0,45;31953,00
11.11.2014;0,45;0,46;0,45;0,45;28491,00
12.11.2014;0,46;0,46;0,44;0,44;14618,00
13.11.2014;0,44;0,46;0,44;0,46;25174,00
14.11.2014;0,47;0,47;0,45;0,47;31820,00
17.11.2014;0,47;0,48;0,45;0,47;19800,00
18.11.2014;0,48;0,54;0,48;0,51;81391,00
19.11.2014;0,53;0,63;0,53;0,62;147611,00
20.11.2014;0,66;0,82;0,66;0,78;335311,00
21.11.2014;0,80;0,80;0,69;0,74;192708,00
24.11.2014;0,73;0,74;0,69;0,72;62405,00
25.11.2014;0,72;0,72;0,64;0,64;59088,00
26.11.2014;0,64;0,70;0,62;0,70;54759,00
27.11.2014;0,70;0,70;0,65;0,69;13472,00
28.11.2014;0,68;0,68;0,61;0,64;43101,00
01.12.2014;0,67;0,69;0,61;0,69;48108,00
02.12.2014;0,69;0,70;0,62;0,65;93571,00
03.12.2014;0,68;0,68;0,65;0,66;19075,00
04.12.2014;0,66;0,66;0,64;0,65;45190,00
05.12.2014;0,64;0,65;0,64;0,65;3400,00
08.12.2014;0,65;0,66;0,63;0,63;12650,00
09.12.2014;0,64;0,64;0,61;0,61;20351,00
10.12.2014;0,64;0,65;0,61;0,64;11460,00
11.12.2014;0,64;0,64;0,62;0,62;8174,00
12.12.2014;0,62;0,62;0,61;0,62;8987,00
15.12.2014;0,61;0,62;0,60;0,60;7209,00
16.12.2014;0,60;0,60;0,56;0,56;21745,00
17.12.2014;0,56;0,60;0,53;0,60;28033,00
18.12.2014;0,62;0,62;0,58;0,62;20454,00
19.12.2014;0,60;0,60;0,55;0,56;23048,00
22.12.2014;0,57;0,62;0,57;0,62;32190,00
23.12.2014;0,62;0,62;0,60;0,62;14126,00
29.12.2014;0,61;0,65;0,60;0,62;32073,00
30.12.2014;0,61;0,63;0,58;0,62;68683,00
02.01.2015;0,64;0,64;0,59;0,62;7323,00
05.01.2015;0,62;0,62;0,58;0,62;38400,00
07.01.2015;0,63;0,63;0,60;0,62;6497,00
08.01.2015;0,62;0,62;0,62;0,62;704,00
09.01.2015;0,61;0,61;0,59;0,59;1000,00
12.01.2015;0,59;0,60;0,59;0,59;16394,00
13.01.2015;0,59;0,62;0,59;0,62;23671,00
14.01.2015;0,60;0,61;0,58;0,61;21590,00
15.01.2015;0,61;0,61;0,58;0,60;27533,00
16.01.2015;0,58;0,60;0,58;0,60;15272,00
19.01.2015;0,60;0,60;0,58;0,58;12477,00
20.01.2015;0,58;0,58;0,56;0,57;17704,00
21.01.2015;0,57;0,59;0,57;0,57;20906,00
22.01.2015;0,58;0,59;0,57;0,58;30190,00
23.01.2015;0,58;0,60;0,58;0,59;26610,00
26.01.2015;0,59;0,64;0,59;0,63;84712,00
27.01.2015;0,64;0,68;0,64;0,64;43574,00
28.01.2015;0,64;0,64;0,61;0,61;10660,00
29.01.2015;0,65;0,65;0,62;0,62;3648,00
30.01.2015;0,63;0,64;0,62;0,64;7466,00
02.02.2015;0,66;0,66;0,64;0,65;5290,00
03.02.2015;0,65;0,66;0,63;0,63;17016,00
04.02.2015;0,63;0,65;0,63;0,63;3953,00
05.02.2015;0,64;0,66;0,63;0,64;2460,00
06.02.2015;0,65;0,65;0,63;0,65;15360,00
09.02.2015;0,64;0,64;0,61;0,63;39399,00
10.02.2015;0,64;0,64;0,62;0,62;8082,00
11.02.2015;0,63;0,63;0,61;0,62;23013,00
12.02.2015;0,62;0,62;0,61;0,61;52102,00
13.02.2015;0,61;0,63;0,61;0,63;38244,00
16.02.2015;0,64;0,64;0,63;0,64;35391,00
17.02.2015;0,61;0,62;0,56;0,60;111562,00
18.02.2015;0,60;0,62;0,60;0,60;38703,00
19.02.2015;0,60;0,60;0,59;0,60;14251,00
20.02.2015;0,59;0,60;0,59;0,60;8200,00
23.02.2015;0,60;0,60;0,60;0,60;1455,00
24.02.2015;0,60;0,60;0,59;0,60;9307,00
25.02.2015;0,60;0,60;0,57;0,58;62290,00
26.02.2015;0,58;0,60;0,58;0,58;6616,00
27.02.2015;0,60;0,60;0,58;0,58;4925,00
02.03.2015;0,60;0,60;0,58;0,60;12753,00
03.03.2015;0,59;0,60;0,58;0,58;10882,00
04.03.2015;0,60;0,60;0,58;0,58;4449,00
05.03.2015;0,59;0,59;0,56;0,58;26022,00
06.03.2015;0,59;0,60;0,59;0,60;15288,00
09.03.2015;0,60;0,61;0,58;0,58;40977,00
10.03.2015;0,58;0,60;0,58;0,60;6352,00
11.03.2015;0,61;0,61;0,59;0,59;2740,00
12.03.2015;0,60;0,60;0,59;0,59;5520,00
13.03.2015;0,59;0,61;0,59;0,61;7500,00
16.03.2015;0,60;0,60;0,58;0,59;1750,00
17.03.2015;0,60;0,61;0,58;0,58;5190,00
18.03.2015;0,59;0,61;0,58;0,60;11652,00
19.03.2015;0,60;0,61;0,59;0,61;15287,00
20.03.2015;0,60;0,61;0,60;0,61;270,00
23.03.2015;0,60;0,60;0,58;0,58;2340,00
24.03.2015;0,60;0,60;0,60;0,60;1000,00
25.03.2015;0,60;0,61;0,58;0,60;4573,00
26.03.2015;0,60;0,60;0,58;0,58;2757,00
27.03.2015;0,58;0,58;0,56;0,56;21231,00
30.03.2015;0,56;0,59;0,56;0,58;2200,00
31.03.2015;0,59;0,59;0,56;0,57;6900,00
01.04.2015;0,56;0,57;0,56;0,57;19900,00
02.04.2015;0,57;0,60;0,56;0,58;12809,00
07.04.2015;0,58;0,58;0,58;0,58;1000,00
08.04.2015;0,57;0,60;0,57;0,57;7755,00
09.04.2015;0,57;0,57;0,57;0,57;1267,00
10.04.2015;0,59;0,59;0,59;0,59;680,00
13.04.2015;0,56;0,59;0,56;0,59;9502,00
14.04.2015;0,56;0,56;0,56;0,56;5182,00
15.04.2015;0,56;0,57;0,56;0,57;17580,00
16.04.2015;0,56;0,56;0,56;0,56;18850,00
17.04.2015;0,56;0,58;0,56;0,58;21591,00
20.04.2015;0,58;0,58;0,53;0,54;30684,00
21.04.2015;0,56;0,57;0,56;0,56;4936,00
22.04.2015;0,56;0,57;0,56;0,57;2100,00
23.04.2015;0,57;0,59;0,56;0,59;28810,00
24.04.2015;0,60;0,60;0,56;0,56;20286,00
27.04.2015;0,58;0,58;0,56;0,57;12590,00
28.04.2015;0,57;0,57;0,57;0,57;3090,00
29.04.2015;0,57;0,57;0,55;0,55;8135,00
30.04.2015;0,56;0,56;0,55;0,56;5614,00
04.05.2015;0,57;0,57;0,53;0,56;2630,00
05.05.2015;0,57;0,57;0,54;0,54;7680,00
06.05.2015;0,53;0,56;0,53;0,53;5403,00
07.05.2015;0,53;0,54;0,53;0,54;8150,00
08.05.2015;0,55;0,55;0,52;0,52;5620,00
11.05.2015;0,54;0,57;0,52;0,57;10379,00
12.05.2015;0,54;0,56;0,54;0,55;3113,00
13.05.2015;0,56;0,57;0,55;0,57;17905,00
15.05.2015;0,57;0,58;0,57;0,58;5415,00
18.05.2015;0,58;0,60;0,57;0,58;21988,00
19.05.2015;0,59;0,59;0,59;0,59;15850,00
20.05.2015;0,60;0,60;0,56;0,56;30855,00
21.05.2015;0,57;0,60;0,57;0,57;8336,00
22.05.2015;0,57;0,57;0,57;0,57;500,00
25.05.2015;0,58;0,60;0,58;0,60;42154,00
26.05.2015;0,60;0,61;0,60;0,60;10331,00
27.05.2015;0,60;0,65;0,59;0,64;125692,00
28.05.2015;0,64;0,64;0,63;0,63;8101,00
29.05.2015;0,63;0,64;0,63;0,64;3000,00
01.06.2015;0,64;0,64;0,62;0,62;4270,00
02.06.2015;0,62;0,62;0,62;0,62;0,00
03.06.2015;0,63;0,64;0,63;0,63;3500,00
04.06.2015;0,63;0,64;0,63;0,63;9100,00
05.06.2015;0,64;0,64;0,64;0,64;2200,00
08.06.2015;0,64;0,64;0,62;0,62;670,00
09.06.2015;0,62;0,62;0,62;0,62;4000,00
10.06.2015;0,62;0,62;0,62;0,62;450,00
11.06.2015;0,61;0,61;0,61;0,61;415,00
12.06.2015;0,61;0,61;0,61;0,61;1585,00
15.06.2015;0,59;0,61;0,59;0,59;1166,00
16.06.2015;0,60;0,60;0,57;0,57;11715,00
17.06.2015;0,60;0,60;0,57;0,57;350,00
18.06.2015;0,60;0,60;0,57;0,57;6095,00
22.06.2015;0,59;0,59;0,57;0,57;4484,00
23.06.2015;0,60;0,60;0,58;0,58;479,00
24.06.2015;0,58;0,58;0,58;0,58;0,00
25.06.2015;0,60;0,60;0,58;0,58;10050,00
26.06.2015;0,58;0,58;0,58;0,58;5000,00
29.06.2015;0,58;0,58;0,58;0,58;500,00
30.06.2015;0,58;0,58;0,56;0,56;5070,00
01.07.2015;0,60;0,60;0,60;0,60;1000,00
02.07.2015;0,60;0,60;0,60;0,60;1000,00
03.07.2015;0,60;0,60;0,60;0,60;9500,00
06.07.2015;0,59;0,59;0,57;0,57;5100,00
07.07.2015;0,57;0,57;0,57;0,57;0,00
08.07.2015;0,57;0,57;0,57;0,57;0,00
09.07.2015;0,58;0,58;0,57;0,57;1400,00
10.07.2015;0,57;0,57;0,57;0,57;0,00
13.07.2015;0,57;0,57;0,57;0,57;3294,00
14.07.2015;0,57;0,57;0,57;0,57;800,00
15.07.2015;0,57;0,58;0,56;0,57;8546,00
16.07.2015;0,59;0,59;0,56;0,56;8740,00
17.07.2015;0,56;0,58;0,56;0,56;3455,00
20.07.2015;0,57;0,57;0,54;0,54;1920,00
21.07.2015;0,57;0,57;0,54;0,54;16608,00
22.07.2015;0,56;0,56;0,56;0,56;1800,00
23.07.2015;0,56;0,58;0,55;0,55;10290,00
24.07.2015;0,55;0,55;0,55;0,55;0,00
27.07.2015;0,55;0,55;0,55;0,55;650,00
28.07.2015;0,54;0,54;0,54;0,54;8816,00
29.07.2015;0,54;0,54;0,54;0,54;530,00
30.07.2015;0,56;0,56;0,55;0,55;2363,00
31.07.2015;0,55;0,55;0,54;0,54;200,00
03.08.2015;0,54;0,54;0,54;0,54;0,00
04.08.2015;0,57;0,70;0,53;0,53;181769,00
05.08.2015;0,55;0,56;0,54;0,56;45277,00
06.08.2015;0,56;0,59;0,56;0,57;12215,00
07.08.2015;0,57;0,57;0,57;0,57;0,00
10.08.2015;0,57;0,58;0,56;0,56;10373,00
11.08.2015;0,56;0,59;0,56;0,59;19040,00
12.08.2015;0,59;0,59;0,56;0,58;25650,00
13.08.2015;0,60;0,60;0,60;0,60;895,00
14.08.2015;0,60;0,61;0,60;0,61;16434,00
17.08.2015;0,60;0,60;0,60;0,60;6800,00
18.08.2015;0,57;0,57;0,57;0,57;150,00
19.08.2015;0,58;0,58;0,58;0,58;4079,00
20.08.2015;0,58;0,58;0,56;0,56;17021,00
21.08.2015;0,56;0,56;0,55;0,56;15310,00
24.08.2015;0,55;0,55;0,51;0,51;22563,00
25.08.2015;0,51;0,53;0,51;0,52;5400,00
26.08.2015;0,54;0,54;0,52;0,52;2505,00
27.08.2015;0,51;0,52;0,51;0,52;3800,00
28.08.2015;0,54;0,54;0,53;0,54;2850,00
31.08.2015;0,54;0,54;0,53;0,53;1300,00
01.09.2015;0,52;0,53;0,50;0,50;16850,00
02.09.2015;0,55;0,55;0,52;0,55;4200,00
03.09.2015;0,55;0,57;0,54;0,57;7857,00
04.09.2015;0,55;0,55;0,55;0,55;2170,00
07.09.2015;0,56;0,59;0,53;0,59;5610,00
08.09.2015;0,58;0,58;0,57;0,57;9360,00
09.09.2015;0,55;0,56;0,53;0,56;1294,00
10.09.2015;0,55;0,56;0,55;0,56;1870,00
11.09.2015;0,56;0,56;0,56;0,56;0,00
14.09.2015;0,55;0,56;0,53;0,53;10911,00
15.09.2015;0,52;0,54;0,52;0,54;1340,00
16.09.2015;0,53;0,55;0,53;0,55;373,00
17.09.2015;0,56;0,56;0,56;0,56;1000,00
18.09.2015;0,56;0,58;0,56;0,57;2689,00
21.09.2015;0,57;0,57;0,54;0,54;671,00
22.09.2015;0,53;0,53;0,46;0,50;42703,00
23.09.2015;0,50;0,50;0,50;0,50;1755,00
24.09.2015;0,51;0,52;0,50;0,50;4900,00
25.09.2015;0,52;0,52;0,51;0,52;6260,00
28.09.2015;0,52;0,53;0,49;0,49;10868,00
29.09.2015;0,52;0,53;0,50;0,53;29731,00
30.09.2015;0,54;0,54;0,53;0,53;4053,00
01.10.2015;0,52;0,53;0,50;0,52;9605,00
02.10.2015;0,52;0,52;0,52;0,52;350,00
05.10.2015;0,50;0,53;0,50;0,52;5519,00
06.10.2015;0,55;0,55;0,50;0,54;4228,00
07.10.2015;0,54;0,55;0,54;0,55;3300,00
08.10.2015;0,55;0,55;0,51;0,55;1310,00
09.10.2015;0,55;0,56;0,54;0,56;13879,00
12.10.2015;0,56;0,57;0,56;0,57;9302,00
13.10.2015;0,56;0,56;0,56;0,56;263,00
14.10.2015;0,56;0,56;0,55;0,55;7660,00
15.10.2015;0,56;0,57;0,55;0,55;5537,00
16.10.2015;0,55;0,55;0,52;0,52;3813,00
19.10.2015;0,52;0,54;0,50;0,54;8080,00
20.10.2015;0,56;0,56;0,56;0,56;1090,00
21.10.2015;0,56;0,56;0,56;0,56;5238,00
22.10.2015;0,52;0,55;0,50;0,55;17383,00
23.10.2015;0,55;0,55;0,55;0,55;0,00
26.10.2015;0,54;0,56;0,51;0,55;2688,00
27.10.2015;0,53;0,53;0,52;0,52;1350,00
28.10.2015;0,55;0,55;0,51;0,55;5762,00
29.10.2015;0,55;0,59;0,52;0,56;51877,00
30.10.2015;0,56;0,65;0,56;0,60;107789,00
02.11.2015;0,63;0,63;0,55;0,60;47335,00
03.11.2015;0,60;0,60;0,57;0,57;828,00
04.11.2015;0,58;0,59;0,57;0,57;18102,00
05.11.2015;0,58;0,58;0,58;0,58;7000,00
06.11.2015;0,58;0,58;0,57;0,57;9425,00
09.11.2015;0,58;0,58;0,57;0,57;9464,00
10.11.2015;0,57;0,57;0,56;0,56;19000,00
11.11.2015;0,56;0,57;0,56;0,56;25985,00
12.11.2015;0,56;0,57;0,55;0,55;15471,00
13.11.2015;0,56;0,56;0,56;0,56;10000,00
16.11.2015;0,56;0,57;0,55;0,56;8230,00
17.11.2015;0,56;0,56;0,55;0,55;8134,00
18.11.2015;0,57;0,57;0,53;0,53;39266,00
19.11.2015;0,56;0,56;0,56;0,56;3720,00
20.11.2015;0,56;0,57;0,55;0,55;15504,00
23.11.2015;0,55;0,55;0,55;0,55;1500,00
24.11.2015;0,55;0,55;0,55;0,55;1000,00
25.11.2015;0,55;0,55;0,54;0,54;3910,00
26.11.2015;0,54;0,54;0,54;0,54;71,00
27.11.2015;0,53;0,56;0,53;0,56;22358,00
30.11.2015;0,51;0,55;0,51;0,55;4400,00
01.12.2015;0,55;0,56;0,52;0,56;19630,00
02.12.2015;0,53;0,56;0,53;0,54;4743,00
03.12.2015;0,56;0,56;0,54;0,55;19053,00
04.12.2015;0,55;0,56;0,55;0,56;18705,00
07.12.2015;0,56;0,56;0,50;0,54;90870,00
08.12.2015;0,54;0,54;0,51;0,52;7977,00
09.12.2015;0,52;0,53;0,50;0,50;49910,00
10.12.2015;0,50;0,50;0,48;0,50;20470,00
11.12.2015;0,51;0,52;0,50;0,50;496,00
14.12.2015;0,51;0,51;0,49;0,49;9300,00
15.12.2015;0,49;0,52;0,49;0,50;4290,00
16.12.2015;0,50;0,51;0,50;0,50;23506,00
17.12.2015;0,50;0,50;0,50;0,50;9500,00
18.12.2015;0,50;0,50;0,49;0,50;10605,00
21.12.2015;0,50;0,51;0,48;0,50;18750,00
22.12.2015;0,50;0,50;0,50;0,50;495,00
23.12.2015;0,48;0,50;0,48;0,49;15077,00
28.12.2015;0,50;0,50;0,49;0,49;22516,00
29.12.2015;0,49;0,50;0,48;0,49;22051,00
30.12.2015;0,50;0,51;0,49;0,50;4255,00
04.01.2016;0,51;0,52;0,46;0,49;22719,00
05.01.2016;0,49;0,52;0,46;0,48;4802,00
07.01.2016;0,50;0,50;0,46;0,50;2601,00
08.01.2016;0,50;0,51;0,48;0,51;12310,00
11.01.2016;0,52;0,52;0,51;0,51;1400,00
12.01.2016;0,48;0,48;0,48;0,48;4980,00
13.01.2016;0,48;0,49;0,47;0,49;11890,00
14.01.2016;0,49;0,49;0,46;0,46;19377,00
15.01.2016;0,47;0,47;0,45;0,45;18929,00
18.01.2016;0,48;0,48;0,45;0,46;22617,00
19.01.2016;0,47;0,47;0,45;0,45;44750,00
20.01.2016;0,45;0,45;0,44;0,44;28703,00
21.01.2016;0,46;0,46;0,42;0,46;14059,00
22.01.2016;0,46;0,47;0,44;0,44;21667,00
25.01.2016;0,48;0,48;0,45;0,45;14426,00
26.01.2016;0,48;0,48;0,45;0,48;16024,00
27.01.2016;0,48;0,48;0,48;0,48;50,00
28.01.2016;0,45;0,46;0,45;0,46;16034,00
29.01.2016;0,46;0,47;0,46;0,47;8353,00
01.02.2016;0,48;0,48;0,46;0,47;31050,00
02.02.2016;0,46;0,47;0,46;0,46;6862,00
03.02.2016;0,45;0,46;0,44;0,44;11806,00
04.02.2016;0,45;0,46;0,44;0,44;3586,00
05.02.2016;0,47;0,47;0,47;0,47;7445,00
08.02.2016;0,47;0,48;0,46;0,48;27005,00
09.02.2016;0,48;0,48;0,45;0,45;14369,00
10.02.2016;0,48;0,48;0,43;0,44;11047,00
11.02.2016;0,45;0,48;0,43;0,45;27896,00
12.02.2016;0,45;0,48;0,45;0,47;32875,00
15.02.2016;0,47;0,48;0,47;0,48;4857,00
16.02.2016;0,47;0,47;0,44;0,46;13200,00
17.02.2016;0,46;0,48;0,46;0,48;1230,00
18.02.2016;0,47;0,48;0,44;0,48;29841,00
19.02.2016;0,47;0,47;0,45;0,47;44629,00
22.02.2016;0,47;0,47;0,44;0,44;10682,00
23.02.2016;0,45;0,48;0,45;0,48;4687,00
24.02.2016;0,48;0,48;0,45;0,45;27480,00
25.02.2016;0,48;0,48;0,46;0,46;11264,00
26.02.2016;0,46;0,46;0,46;0,46;3210,00
29.02.2016;0,45;0,46;0,45;0,45;21138,00
01.03.2016;0,48;0,48;0,47;0,47;8620,00
02.03.2016;0,48;0,48;0,47;0,47;10180,00
03.03.2016;0,47;0,48;0,45;0,45;5153,00
04.03.2016;0,48;0,48;0,48;0,48;23901,00
07.03.2016;0,50;0,54;0,48;0,52;17708,00
08.03.2016;0,52;0,52;0,52;0,52;3212,00
09.03.2016;0,50;0,51;0,50;0,50;3930,00
10.03.2016;0,49;0,50;0,47;0,47;23556,00
11.03.2016;0,50;0,52;0,49;0,51;26177,00
14.03.2016;0,50;0,52;0,50;0,52;13100,00
15.03.2016;0,50;0,50;0,48;0,48;10552,00
16.03.2016;0,50;0,51;0,49;0,49;8860,00
17.03.2016;0,49;0,50;0,49;0,50;330,00
18.03.2016;0,51;0,51;0,50;0,50;5201,00
21.03.2016;0,50;0,50;0,48;0,50;10537,00
22.03.2016;0,50;0,52;0,48;0,49;25904,00
23.03.2016;0,49;0,51;0,48;0,48;13889,00
24.03.2016;0,50;0,50;0,49;0,49;20600,00
29.03.2016;0,50;0,50;0,49;0,50;16186,00
30.03.2016;0,50;0,52;0,48;0,51;16229,00
31.03.2016;0,51;0,52;0,50;0,51;1901,00
01.04.2016;0,51;0,51;0,49;0,50;172,00
04.04.2016;0,50;0,50;0,50;0,50;2417,00
05.04.2016;0,51;0,51;0,48;0,48;16162,00
06.04.2016;0,48;0,50;0,48;0,50;2126,00
07.04.2016;0,50;0,50;0,48;0,48;7852,00
08.04.2016;0,49;0,49;0,48;0,48;6332,00
11.04.2016;0,48;0,50;0,48;0,50;16006,00
12.04.2016;0,50;0,50;0,50;0,50;200,00
13.04.2016;0,50;0,50;0,50;0,50;4000,00
14.04.2016;0,48;0,50;0,48;0,50;3380,00
15.04.2016;0,49;0,50;0,49;0,49;23507,00
18.04.2016;0,50;0,50;0,49;0,50;5072,00
19.04.2016;0,50;0,51;0,48;0,50;39916,00
20.04.2016;0,51;0,52;0,50;0,50;59738,00
21.04.2016;0,52;0,54;0,51;0,53;59343,00
22.04.2016;0,53;0,54;0,50;0,53;4797,00
25.04.2016;0,53;0,54;0,52;0,54;14102,00
26.04.2016;0,55;0,55;0,55;0,55;2891,00
27.04.2016;0,55;0,55;0,54;0,55;28480,00
28.04.2016;0,55;0,55;0,54;0,55;24025,00
29.04.2016;0,55;0,61;0,55;0,61;62065,00
02.05.2016;0,56;0,61;0,56;0,58;38132,00
03.05.2016;0,58;0,61;0,58;0,61;13130,00
04.05.2016;0,61;0,61;0,59;0,59;6323,00
06.05.2016;0,58;0,58;0,50;0,52;31230,00
09.05.2016;0,60;0,60;0,52;0,55;134226,00
10.05.2016;0,59;0,59;0,55;0,55;15289,00
11.05.2016;0,58;0,59;0,55;0,55;15406,00
12.05.2016;0,56;0,58;0,55;0,55;15796,00
13.05.2016;0,54;0,56;0,54;0,56;3867,00
16.05.2016;0,56;0,57;0,55;0,55;13577,00
17.05.2016;0,55;0,58;0,52;0,56;14976,00
18.05.2016;0,56;0,58;0,52;0,53;14164,00
19.05.2016;0,53;0,57;0,52;0,52;19353,00
20.05.2016;0,53;0,55;0,51;0,52;17884,00
23.05.2016;0,54;0,54;0,52;0,54;19328,00
24.05.2016;0,51;0,53;0,51;0,51;14316,00
25.05.2016;0,51;0,54;0,50;0,51;26430,00
26.05.2016;0,52;0,52;0,50;0,51;47394,00
27.05.2016;0,53;0,55;0,51;0,55;106589,00
30.05.2016;0,55;0,55;0,52;0,54;19827,00
31.05.2016;0,54;0,56;0,53;0,54;74925,00
01.06.2016;0,56;0,56;0,53;0,53;18470,00
02.06.2016;0,56;0,57;0,54;0,57;33715,00
03.06.2016;0,56;0,60;0,56;0,58;68764,00
06.06.2016;0,62;0,65;0,61;0,62;47578,00
07.06.2016;0,65;0,65;0,49;0,51;359831,00
08.06.2016;0,49;0,49;0,42;0,45;356979,00
09.06.2016;0,45;0,45;0,42;0,43;212755,00
10.06.2016;0,42;0,42;0,38;0,39;325554,00
13.06.2016;0,39;0,39;0,35;0,36;162984,00
14.06.2016;0,37;0,40;0,37;0,37;50675,00
15.06.2016;0,37;0,37;0,30;0,33;327517,00
16.06.2016;0,33;0,33;0,31;0,32;187494,00
17.06.2016;0,32;0,32;0,31;0,32;122660,00
20.06.2016;0,32;0,32;0,30;0,31;220321,00
21.06.2016;0,31;0,31;0,29;0,29;52818,00
22.06.2016;0,29;0,30;0,29;0,30;21824,00
23.06.2016;0,29;0,30;0,29;0,29;100157,00
27.06.2016;0,29;0,34;0,29;0,33;277696,00
28.06.2016;0,35;0,40;0,34;0,38;215101,00
29.06.2016;0,40;0,51;0,40;0,47;770340,00
30.06.2016;0,51;0,65;0,51;0,64;715275,00
01.07.2016;0,67;0,79;0,50;0,55;1696428,00
04.07.2016;0,56;0,64;0,56;0,62;341745,00
05.07.2016;0,62;0,63;0,56;0,58;333613,00
06.07.2016;0,59;0,60;0,55;0,56;137696,00
07.07.2016;0,56;0,57;0,52;0,54;166892,00
08.07.2016;0,56;0,56;0,50;0,54;159086,00
11.07.2016;0,53;0,53;0,50;0,51;112941,00
12.07.2016;0,52;0,54;0,51;0,53;33777,00
13.07.2016;0,52;0,54;0,51;0,53;77913,00
14.07.2016;0,54;0,54;0,49;0,54;149584,00
15.07.2016;0,54;0,55;0,53;0,55;73009,00
18.07.2016;0,55;0,55;0,53;0,53;29607,00
19.07.2016;0,54;0,54;0,50;0,50;66040,00
20.07.2016;0,50;0,52;0,50;0,50;89946,00
21.07.2016;0,50;0,51;0,49;0,50;41543,00
22.07.2016;0,50;0,51;0,49;0,50;19377,00
25.07.2016;0,50;0,51;0,49;0,50;87201,00
26.07.2016;0,50;0,50;0,45;0,47;332107,00
27.07.2016;0,48;0,48;0,44;0,44;117832,00
28.07.2016;0,46;0,46;0,36;0,37;1522927,00
29.07.2016;0,38;0,38;0,35;0,35;808446,00
01.08.2016;0,36;0,36;0,33;0,34;698857,00
02.08.2016;0,34;0,35;0,33;0,34;618959,00
03.08.2016;0,35;0,35;0,32;0,32;437724,00
04.08.2016;0,32;0,34;0,32;0,34;411540,00
05.08.2016;0,34;0,34;0,34;0,34;421537,00
08.08.2016;0,34;0,34;0,33;0,33;310456,00
09.08.2016;0,34;0,35;0,32;0,33;459322,00
10.08.2016;0,34;0,34;0,33;0,34;267762,00
11.08.2016;0,34;0,34;0,33;0,33;276536,00
12.08.2016;0,34;0,34;0,32;0,32;601434,00
15.08.2016;0,33;0,33;0,33;0,33;229599,00
16.08.2016;0,33;0,33;0,32;0,33;214498,00
17.08.2016;0,33;0,33;0,32;0,32;174278,00
18.08.2016;0,32;0,33;0,32;0,32;170751,00
19.08.2016;0,33;0,33;0,32;0,32;158388,00
22.08.2016;0,33;0,33;0,32;0,32;319357,00
23.08.2016;0,32;0,32;0,32;0,32;141908,00
24.08.2016;0,32;0,32;0,31;0,32;373023,00
25.08.2016;0,32;0,32;0,31;0,32;194160,00
26.08.2016;0,32;0,32;0,32;0,32;73956,00
29.08.2016;0,32;0,32;0,32;0,32;202534,00
30.08.2016;0,32;0,33;0,32;0,32;128910,00
31.08.2016;0,32;0,32;0,32;0,32;118904,00
01.09.2016;0,32;0,32;0,32;0,32;69941,00
02.09.2016;0,32;0,32;0,31;0,32;103562,00
05.09.2016;0,32;0,32;0,32;0,32;4133178,00
06.09.2016;0,33;0,33;0,32;0,32;259027,00
07.09.2016;0,33;0,33;0,32;0,32;63765,00
08.09.2016;0,32;0,32;0,32;0,32;114679,00
09.09.2016;0,32;0,33;0,32;0,32;105586,00
12.09.2016;0,32;0,32;0,32;0,32;806150,00
13.09.2016;0,32;0,32;0,32;0,32;388404,00
14.09.2016;0,32;0,32;0,32;0,32;239144,00
15.09.2016;0,32;0,35;0,32;0,34;1235644,00
16.09.2016;0,35;0,37;0,35;0,37;2254194,00
19.09.2016;0,37;0,39;0,37;0,37;1299254,00
20.09.2016;0,37;0,38;0,35;0,36;447389,00
21.09.2016;0,36;0,37;0,35;0,36;449483,00
22.09.2016;0,37;0,37;0,35;0,36;736085,00
23.09.2016;0,36;0,37;0,36;0,37;808973,00
26.09.2016;0,37;0,37;0,37;0,37;363188,00
27.09.2016;0,37;0,38;0,36;0,36;371983,00
28.09.2016;0,37;0,37;0,36;0,37;213896,00
29.09.2016;0,37;0,37;0,36;0,36;258976,00
30.09.2016;0,37;0,37;0,36;0,36;165966,00
03.10.2016;0,37;0,37;0,36;0,37;271337,00
04.10.2016;0,37;0,37;0,36;0,36;384766,00
05.10.2016;0,36;0,36;0,35;0,35;534967,00
06.10.2016;0,35;0,35;0,34;0,34;418115,00
07.10.2016;0,35;0,35;0,34;0,35;432590,00
10.10.2016;0,35;0,35;0,35;0,35;227233,00
11.10.2016;0,36;0,36;0,35;0,35;255178,00
12.10.2016;0,35;0,35;0,34;0,34;174945,00
13.10.2016;0,35;0,35;0,34;0,34;344709,00
14.10.2016;0,34;0,35;0,34;0,35;64576,00
17.10.2016;0,35;0,35;0,34;0,35;186530,00
18.10.2016;0,35;0,35;0,34;0,35;164796,00
19.10.2016;0,35;0,35;0,35;0,35;202079,00
20.10.2016;0,36;0,36;0,35;0,35;225026,00
21.10.2016;0,36;0,36;0,35;0,35;172727,00
24.10.2016;0,36;0,36;0,35;0,35;119881,00
25.10.2016;0,36;0,36;0,35;0,35;127341,00
26.10.2016;0,35;0,36;0,35;0,35;85825,00
27.10.2016;0,35;0,35;0,34;0,34;266774,00
28.10.2016;0,35;0,35;0,34;0,34;109648,00
31.10.2016;0,35;0,36;0,34;0,35;196721,00
01.11.2016;0,36;0,36;0,34;0,35;248864,00
02.11.2016;0,35;0,35;0,34;0,34;245553,00
03.11.2016;0,34;0,34;0,33;0,33;202358,00
04.11.2016;0,34;0,34;0,33;0,33;174248,00
07.11.2016;0,34;0,34;0,32;0,32;300916,00
08.11.2016;0,32;0,33;0,32;0,33;122540,00
09.11.2016;0,33;0,33;0,32;0,33;256431,00
10.11.2016;0,33;0,34;0,33;0,34;135795,00
11.11.2016;0,34;0,34;0,33;0,33;225412,00
14.11.2016;0,32;0,34;0,32;0,34;139817,00
15.11.2016;0,34;0,34;0,33;0,33;205771,00
16.11.2016;0,33;0,33;0,33;0,33;186723,00
17.11.2016;0,33;0,33;0,32;0,33;192235,00
18.11.2016;0,33;0,33;0,32;0,33;200591,00
21.11.2016;0,33;0,34;0,33;0,33;238541,00
22.11.2016;0,33;0,33;0,32;0,33;143447,00
