date;open;high;low;close;volume
14.10.2013;10,70;10,70;10,20;10,30;123180,00
15.10.2013;10,41;10,42;10,30;10,35;68280,00
16.10.2013;10,40;10,40;10,34;10,35;52704,00
17.10.2013;10,42;10,42;10,36;10,39;21339,00
18.10.2013;10,40;10,40;10,36;10,38;14527,00
21.10.2013;10,39;10,39;10,37;10,39;8632,00
22.10.2013;10,38;10,38;10,33;10,33;9100,00
23.10.2013;10,35;10,37;10,31;10,35;9386,00
24.10.2013;10,36;10,36;10,32;10,33;7242,00
25.10.2013;10,34;10,35;10,33;10,35;9150,00
28.10.2013;10,35;10,35;10,23;10,33;20965,00
29.10.2013;10,32;10,32;10,30;10,32;10201,00
30.10.2013;10,32;10,32;10,30;10,30;27110,00
31.10.2013;10,32;10,32;10,30;10,31;1781,00
01.11.2013;10,30;10,32;10,30;10,32;3142,00
04.11.2013;10,32;10,32;10,30;10,31;5757,00
05.11.2013;10,31;10,31;10,28;10,31;9581,00
06.11.2013;10,31;10,32;10,27;10,32;10225,00
07.11.2013;10,33;10,37;10,33;10,35;16213,00
08.11.2013;10,36;10,36;10,31;10,36;8818,00
11.11.2013;10,36;10,37;10,35;10,35;14339,00
12.11.2013;10,35;10,35;10,33;10,34;13559,00
13.11.2013;10,33;10,34;10,33;10,34;3780,00
14.11.2013;10,34;10,34;10,32;10,33;5480,00
15.11.2013;10,33;10,33;10,31;10,33;5613,00
18.11.2013;10,33;10,35;10,33;10,34;7547,00
19.11.2013;10,33;10,33;10,31;10,31;7280,00
20.11.2013;10,32;10,34;10,31;10,32;8937,00
21.11.2013;10,32;10,33;10,32;10,32;2325,00
22.11.2013;10,32;10,33;10,32;10,33;3696,00
25.11.2013;10,32;10,33;10,30;10,30;6892,00
26.11.2013;10,30;10,33;10,29;10,33;3578,00
27.11.2013;10,32;10,32;10,31;10,31;1834,00
28.11.2013;10,32;10,32;10,31;10,31;4468,00
29.11.2013;10,33;10,33;10,29;10,30;5506,00
02.12.2013;10,30;10,32;10,30;10,31;3122,00
03.12.2013;10,31;10,31;10,28;10,30;3650,00
04.12.2013;10,30;10,31;10,29;10,30;2693,00
05.12.2013;10,31;10,31;10,29;10,31;4475,00
09.12.2013;10,32;10,32;10,30;10,30;3580,00
10.12.2013;10,30;10,31;10,28;10,28;4857,00
11.12.2013;10,30;10,30;10,29;10,30;449,00
12.12.2013;10,30;10,30;10,27;10,27;4602,00
13.12.2013;10,29;10,30;10,26;10,30;8701,00
16.12.2013;10,30;10,30;10,25;10,25;5190,00
17.12.2013;10,26;10,29;10,25;10,25;4092,00
18.12.2013;10,25;10,29;10,23;10,23;3258,00
19.12.2013;10,28;10,28;10,23;10,24;2023,00
20.12.2013;10,26;10,26;10,22;10,22;6307,00
23.12.2013;10,22;10,26;10,20;10,24;7356,00
27.12.2013;10,25;10,30;10,25;10,29;10679,00
30.12.2013;10,30;10,35;10,30;10,34;11240,00
02.01.2014;10,38;10,40;10,34;10,36;11572,00
03.01.2014;10,36;10,38;10,35;10,37;9277,00
07.01.2014;10,45;10,45;10,38;10,44;15315,00
08.01.2014;10,44;10,45;10,40;10,45;5882,00
09.01.2014;10,45;10,45;10,43;10,44;8254,00
10.01.2014;10,45;10,45;10,38;10,44;16779,00
13.01.2014;10,44;10,44;10,37;10,40;4010,00
14.01.2014;10,44;10,44;10,38;10,40;2756,00
15.01.2014;10,43;10,43;10,42;10,42;1712,00
16.01.2014;10,45;10,49;10,40;10,42;13981,00
17.01.2014;10,45;10,45;10,40;10,40;9795,00
20.01.2014;10,51;10,51;10,38;10,38;8546,00
21.01.2014;10,42;10,42;10,40;10,40;2180,00
22.01.2014;10,44;10,44;10,38;10,39;4210,00
23.01.2014;10,38;10,42;10,35;10,35;3181,00
24.01.2014;10,40;10,41;10,35;10,38;7146,00
27.01.2014;10,38;10,38;10,35;10,35;2061,00
28.01.2014;10,35;10,39;10,35;10,39;4216,00
29.01.2014;10,39;10,39;10,30;10,35;5580,00
30.01.2014;10,33;10,34;10,30;10,34;2600,00
31.01.2014;10,38;10,38;10,34;10,35;4139,00
03.02.2014;10,36;10,36;10,30;10,30;10202,00
04.02.2014;10,30;10,32;10,21;10,25;5425,00
05.02.2014;10,32;10,32;10,28;10,28;1360,00
06.02.2014;10,28;10,35;10,27;10,35;2070,00
07.02.2014;10,88;11,49;10,88;11,32;123717,00
10.02.2014;11,32;11,32;11,22;11,23;53784,00
11.02.2014;11,32;11,32;11,10;11,14;39253,00
12.02.2014;11,19;11,20;11,14;11,16;37625,00
13.02.2014;11,20;11,22;11,15;11,15;45125,00
14.02.2014;11,15;11,27;11,14;11,26;20920,00
17.02.2014;11,32;11,33;11,26;11,26;23540,00
18.02.2014;11,30;11,30;11,25;11,27;14854,00
19.02.2014;11,29;11,29;11,25;11,27;25222,00
20.02.2014;11,29;11,29;11,22;11,26;18200,00
21.02.2014;11,26;11,29;11,23;11,27;27684,00
24.02.2014;11,27;11,31;11,25;11,31;52342,00
25.02.2014;11,44;11,44;11,35;11,40;32750,00
26.02.2014;11,49;11,54;11,45;11,50;36964,00
27.02.2014;11,58;11,58;11,40;11,48;27112,00
28.02.2014;11,52;11,53;11,40;11,40;25979,00
03.03.2014;11,50;11,50;11,31;11,36;26520,00
04.03.2014;11,41;11,49;11,41;11,42;25001,00
05.03.2014;11,50;11,53;11,41;11,41;38735,00
06.03.2014;11,50;11,63;11,49;11,55;28586,00
07.03.2014;11,64;11,75;11,60;11,74;23256,00
10.03.2014;11,80;12,20;11,80;12,00;42109,00
11.03.2014;12,10;12,20;11,95;12,00;39187,00
12.03.2014;12,00;12,00;11,80;11,80;16334,00
13.03.2014;11,99;11,99;11,74;11,74;30428,00
14.03.2014;11,75;12,00;11,70;11,90;21809,00
17.03.2014;12,00;12,30;12,00;12,30;40221,00
18.03.2014;12,30;12,38;12,23;12,23;120277,00
19.03.2014;11,88;12,00;11,70;11,95;22568,00
20.03.2014;12,00;12,02;11,88;11,91;11716,00
21.03.2014;11,96;12,20;11,96;12,11;13901,00
24.03.2014;12,20;12,20;12,10;12,14;14760,00
25.03.2014;12,20;12,20;11,99;12,08;25149,00
26.03.2014;12,20;12,20;12,12;12,18;5041,00
27.03.2014;12,20;12,49;12,20;12,39;15764,00
28.03.2014;12,51;13,28;12,51;13,00;50134,00
31.03.2014;13,30;13,43;13,07;13,12;30095,00
01.04.2014;13,38;13,38;13,20;13,25;35883,00
02.04.2014;13,30;13,83;13,20;13,58;34673,00
03.04.2014;13,82;13,82;13,63;13,67;40054,00
04.04.2014;13,73;13,77;13,63;13,64;28151,00
07.04.2014;13,74;13,74;13,11;13,15;66693,00
08.04.2014;13,25;13,33;13,25;13,25;10813,00
09.04.2014;13,38;13,38;13,23;13,27;14720,00
10.04.2014;13,28;13,31;13,19;13,19;15590,00
11.04.2014;13,19;13,20;13,00;13,07;25956,00
14.04.2014;13,11;13,11;12,98;12,98;22568,00
15.04.2014;13,10;13,15;12,98;13,05;15497,00
16.04.2014;13,25;13,25;13,06;13,10;10993,00
17.04.2014;13,10;13,15;13,05;13,15;4808,00
22.04.2014;13,19;13,32;13,17;13,20;9430,00
23.04.2014;13,28;13,80;13,28;13,35;20159,00
24.04.2014;13,46;13,64;13,36;13,36;14983,00
25.04.2014;13,45;14,21;13,44;14,00;73561,00
28.04.2014;14,09;14,42;14,06;14,32;27063,00
29.04.2014;14,38;14,40;14,17;14,20;23780,00
30.04.2014;14,22;14,42;14,18;14,19;14573,00
02.05.2014;14,50;14,50;14,31;14,43;10272,00
05.05.2014;14,50;14,50;14,25;14,25;18662,00
06.05.2014;14,40;14,48;14,35;14,47;11488,00
07.05.2014;14,50;14,52;14,45;14,52;8899,00
08.05.2014;14,57;14,80;14,54;14,65;17553,00
09.05.2014;15,10;15,67;14,76;15,08;57291,00
12.05.2014;15,10;15,33;14,78;15,33;30434,00
13.05.2014;15,39;15,41;15,30;15,32;25935,00
14.05.2014;15,32;15,60;15,32;15,50;12035,00
15.05.2014;15,50;15,88;15,50;15,57;34628,00
16.05.2014;15,70;15,80;15,42;15,70;13284,00
19.05.2014;15,85;15,88;15,60;15,70;12082,00
20.05.2014;15,70;15,70;14,80;14,80;63443,00
21.05.2014;14,85;14,85;13,94;13,95;54995,00
22.05.2014;13,90;14,00;13,45;13,84;39939,00
23.05.2014;13,85;14,25;13,85;13,95;26495,00
26.05.2014;14,00;14,11;13,98;14,11;12117,00
27.05.2014;14,15;14,15;13,95;14,00;11676,00
28.05.2014;14,19;14,20;13,94;13,96;10181,00
30.05.2014;14,00;14,10;13,99;13,99;14247,00
02.06.2014;14,00;14,10;13,85;13,86;21573,00
03.06.2014;13,93;13,93;13,56;13,56;24002,00
04.06.2014;13,60;13,63;13,30;13,37;29614,00
05.06.2014;13,40;13,40;13,10;13,15;34039,00
06.06.2014;13,17;13,25;13,17;13,21;32893,00
09.06.2014;13,30;13,50;13,30;13,50;24552,00
10.06.2014;13,50;13,78;13,40;13,47;19739,00
11.06.2014;13,51;13,58;13,47;13,52;16147,00
12.06.2014;13,65;13,65;13,37;13,37;12855,00
13.06.2014;13,70;13,75;13,28;13,42;11873,00
16.06.2014;13,47;13,47;13,36;13,36;5475,00
17.06.2014;13,53;13,53;13,35;13,40;10506,00
18.06.2014;13,59;13,59;13,31;13,40;10823,00
19.06.2014;13,50;13,51;13,27;13,40;19853,00
23.06.2014;13,58;13,59;13,32;13,49;19651,00
24.06.2014;13,49;13,49;13,30;13,40;13253,00
25.06.2014;13,45;13,45;13,18;13,30;19944,00
26.06.2014;13,21;13,23;13,16;13,20;9630,00
27.06.2014;13,30;13,30;13,25;13,29;13984,00
30.06.2014;13,39;13,39;13,09;13,09;11502,00
01.07.2014;13,12;13,20;13,08;13,09;25097,00
02.07.2014;13,13;13,32;13,13;13,23;13982,00
03.07.2014;13,24;13,25;13,14;13,24;10058,00
04.07.2014;13,25;13,41;13,25;13,41;8874,00
07.07.2014;13,46;13,70;13,46;13,70;22344,00
08.07.2014;13,70;13,75;13,70;13,73;9932,00
09.07.2014;13,75;13,85;13,75;13,83;7898,00
10.07.2014;13,83;13,89;13,78;13,89;6897,00
11.07.2014;13,89;14,00;13,89;13,94;9984,00
14.07.2014;14,00;14,00;13,93;14,00;4150,00
15.07.2014;14,00;14,00;13,95;13,98;8448,00
16.07.2014;14,00;14,10;13,95;14,10;7567,00
17.07.2014;14,12;14,34;14,12;14,32;5946,00
18.07.2014;14,29;14,32;14,15;14,29;7778,00
21.07.2014;14,16;14,20;14,10;14,11;5345,00
22.07.2014;14,20;14,30;14,20;14,25;4845,00
23.07.2014;14,28;14,28;14,10;14,10;5748,00
24.07.2014;14,20;14,20;14,18;14,18;6107,00
25.07.2014;14,25;14,25;14,18;14,18;9055,00
28.07.2014;14,18;14,18;14,11;14,15;4762,00
29.07.2014;14,20;14,20;14,17;14,17;971,00
30.07.2014;14,20;14,20;14,13;14,14;4340,00
31.07.2014;14,14;14,20;14,05;14,06;5349,00
01.08.2014;14,07;14,15;14,03;14,10;3363,00
04.08.2014;14,10;14,31;14,10;14,29;11120,00
05.08.2014;14,40;14,40;14,27;14,27;7565,00
06.08.2014;14,27;14,27;14,15;14,16;3956,00
07.08.2014;14,26;14,29;14,19;14,22;5775,00
08.08.2014;14,25;14,25;13,94;14,22;9849,00
11.08.2014;14,23;14,29;14,20;14,29;6247,00
12.08.2014;14,29;14,39;14,11;14,11;19827,00
13.08.2014;14,15;14,15;14,05;14,05;19976,00
14.08.2014;14,10;14,10;13,92;13,92;12009,00
15.08.2014;14,20;14,20;13,93;13,96;13156,00
18.08.2014;14,00;14,12;13,96;13,96;9977,00
19.08.2014;14,05;14,05;13,94;13,99;6160,00
20.08.2014;14,00;14,20;14,00;14,20;25560,00
21.08.2014;14,20;14,20;13,97;14,15;21075,00
22.08.2014;14,18;14,20;14,12;14,15;7000,00
25.08.2014;14,19;14,20;14,14;14,19;7977,00
26.08.2014;14,20;14,24;14,18;14,23;9303,00
27.08.2014;14,21;14,23;14,19;14,19;10757,00
28.08.2014;14,23;14,23;13,98;13,98;12388,00
29.08.2014;14,23;14,23;13,82;14,18;19901,00
01.09.2014;14,12;14,15;14,08;14,15;2259,00
02.09.2014;14,22;14,23;14,15;14,20;5096,00
03.09.2014;14,24;14,24;14,10;14,10;3665,00
04.09.2014;14,25;14,25;14,15;14,24;5723,00
05.09.2014;14,24;14,24;14,15;14,15;4457,00
08.09.2014;14,21;14,21;14,11;14,15;4090,00
09.09.2014;14,15;14,17;14,03;14,03;11265,00
10.09.2014;14,05;14,09;14,00;14,08;13285,00
11.09.2014;14,05;14,10;14,01;14,02;19845,00
12.09.2014;14,04;14,20;14,04;14,19;8097,00
15.09.2014;14,24;14,25;14,10;14,16;8980,00
16.09.2014;14,16;14,30;14,16;14,30;9182,00
17.09.2014;14,29;14,29;14,12;14,17;4785,00
18.09.2014;14,23;14,24;13,94;13,94;15539,00
19.09.2014;14,01;14,08;13,96;14,04;4391,00
22.09.2014;14,16;14,23;14,10;14,10;3125,00
23.09.2014;14,24;14,24;13,94;13,99;10413,00
24.09.2014;14,00;14,04;13,90;13,90;8984,00
25.09.2014;14,00;14,00;13,92;13,95;8300,00
26.09.2014;14,01;14,01;13,93;13,93;2638,00
29.09.2014;14,00;14,00;13,85;13,85;8531,00
30.09.2014;13,75;13,80;13,50;13,70;21591,00
01.10.2014;13,87;14,00;13,87;13,88;9376,00
02.10.2014;13,88;13,95;13,75;13,79;6098,00
03.10.2014;13,92;13,92;13,54;13,78;13828,00
06.10.2014;13,80;13,96;13,80;13,95;7179,00
07.10.2014;13,90;13,90;13,80;13,80;4946,00
08.10.2014;13,80;13,89;13,00;13,27;37368,00
09.10.2014;13,32;13,46;13,26;13,26;10010,00
10.10.2014;13,30;13,35;13,22;13,30;13435,00
13.10.2014;13,30;13,30;13,00;13,11;8988,00
14.10.2014;13,11;13,11;12,73;12,84;13610,00
15.10.2014;12,80;12,80;12,02;12,10;29773,00
16.10.2014;12,03;12,03;11,30;11,64;37913,00
17.10.2014;11,64;13,02;11,40;12,91;44035,00
20.10.2014;13,00;13,00;12,35;12,45;7457,00
21.10.2014;12,52;12,77;12,50;12,69;6305,00
22.10.2014;12,90;12,90;12,51;12,82;4578,00
23.10.2014;12,80;12,80;12,52;12,75;7002,00
24.10.2014;12,64;12,65;12,50;12,65;5756,00
27.10.2014;12,59;12,59;12,35;12,39;18046,00
28.10.2014;12,40;12,40;12,11;12,21;17654,00
29.10.2014;12,24;12,30;12,16;12,18;12059,00
30.10.2014;12,22;12,30;12,14;12,18;4898,00
31.10.2014;12,18;12,24;12,15;12,22;6317,00
03.11.2014;12,22;12,28;12,20;12,22;11833,00
04.11.2014;12,32;12,32;12,19;12,28;4482,00
05.11.2014;12,27;12,80;12,27;12,59;6671,00
06.11.2014;12,60;12,69;12,22;12,22;14945,00
07.11.2014;12,36;12,48;12,34;12,40;8077,00
10.11.2014;12,50;12,50;12,20;12,43;9676,00
11.11.2014;12,45;12,45;12,38;12,45;6613,00
12.11.2014;12,46;12,53;12,45;12,53;4633,00
13.11.2014;12,78;12,78;12,64;12,72;5915,00
14.11.2014;12,79;12,87;12,79;12,87;5105,00
17.11.2014;12,85;12,85;12,61;12,79;9420,00
18.11.2014;12,74;12,75;12,61;12,74;1890,00
19.11.2014;12,70;12,70;12,65;12,65;5025,00
20.11.2014;12,67;12,67;12,53;12,59;6969,00
21.11.2014;12,60;12,70;12,54;12,70;6904,00
24.11.2014;12,70;12,74;12,60;12,67;4129,00
25.11.2014;12,69;12,70;12,53;12,61;7521,00
26.11.2014;12,65;12,70;12,65;12,70;4244,00
27.11.2014;12,70;12,70;12,57;12,57;9832,00
28.11.2014;12,58;12,67;12,36;12,36;10211,00
01.12.2014;12,45;12,50;12,43;12,50;6954,00
02.12.2014;12,50;12,53;12,32;12,33;11234,00
03.12.2014;12,43;12,43;12,28;12,30;12827,00
04.12.2014;12,40;12,45;12,32;12,42;9524,00
05.12.2014;12,42;12,67;12,35;12,36;15583,00
08.12.2014;12,45;12,45;12,31;12,33;24664,00
09.12.2014;12,35;12,64;12,17;12,60;21943,00
10.12.2014;12,59;12,80;12,39;12,52;13823,00
11.12.2014;12,39;12,39;11,76;11,76;72947,00
12.12.2014;11,80;11,83;11,43;11,46;33782,00
15.12.2014;11,46;11,55;11,20;11,20;52555,00
16.12.2014;11,26;11,34;11,05;11,18;53997,00
17.12.2014;11,17;11,17;10,85;10,96;67687,00
18.12.2014;10,96;11,15;10,96;11,08;33851,00
19.12.2014;11,20;11,20;10,90;10,94;33058,00
22.12.2014;10,94;10,99;10,78;10,80;36456,00
23.12.2014;10,75;10,75;10,60;10,71;37888,00
29.12.2014;10,60;10,69;10,41;10,47;55347,00
30.12.2014;10,50;10,50;10,20;10,25;81366,00
02.01.2015;10,38;10,49;10,34;10,47;41439,00
05.01.2015;10,51;10,51;10,43;10,43;27761,00
07.01.2015;10,48;10,49;10,39;10,40;25991,00
08.01.2015;10,50;10,55;10,45;10,54;14879,00
09.01.2015;10,55;10,55;10,50;10,55;17387,00
12.01.2015;10,60;10,71;10,58;10,61;37548,00
13.01.2015;10,76;10,76;10,68;10,70;25436,00
14.01.2015;10,75;10,75;10,65;10,68;15034,00
15.01.2015;10,70;10,70;10,45;10,51;32205,00
16.01.2015;10,70;11,47;10,70;11,17;18186,00
19.01.2015;11,22;11,95;11,22;11,92;37937,00
20.01.2015;11,98;11,98;11,24;11,58;40892,00
21.01.2015;11,70;11,91;11,70;11,83;20866,00
22.01.2015;11,80;11,90;11,70;11,70;21721,00
23.01.2015;11,79;12,14;11,72;12,14;74631,00
26.01.2015;12,30;12,35;12,09;12,18;27069,00
27.01.2015;12,28;12,36;11,90;11,90;26439,00
28.01.2015;11,93;12,15;11,93;11,96;25254,00
29.01.2015;12,09;12,09;11,90;11,93;10907,00
30.01.2015;12,02;12,02;11,90;11,92;18778,00
02.02.2015;12,05;12,05;11,85;11,85;26736,00
03.02.2015;11,92;11,96;11,90;11,92;17431,00
04.02.2015;11,96;11,97;11,80;11,85;40607,00
05.02.2015;11,98;11,98;11,81;11,97;31334,00
06.02.2015;11,97;12,01;11,80;11,85;32053,00
09.02.2015;11,89;11,89;11,74;11,77;40352,00
10.02.2015;11,90;12,09;11,90;11,98;11602,00
11.02.2015;11,98;12,10;11,91;12,08;22169,00
12.02.2015;12,35;12,48;12,30;12,42;69275,00
13.02.2015;12,45;12,47;12,37;12,38;40652,00
16.02.2015;12,41;12,70;12,38;12,55;25929,00
17.02.2015;12,59;12,65;12,45;12,60;28319,00
18.02.2015;12,60;12,70;12,60;12,65;18909,00
19.02.2015;12,68;12,68;12,55;12,55;10610,00
20.02.2015;12,61;12,63;12,45;12,47;22002,00
23.02.2015;12,48;12,50;12,33;12,35;43181,00
24.02.2015;12,35;12,45;12,30;12,34;31901,00
25.02.2015;12,36;12,40;12,35;12,40;20003,00
26.02.2015;12,44;12,45;12,36;12,36;19471,00
27.02.2015;12,35;12,56;12,31;12,53;27452,00
02.03.2015;12,53;12,60;12,50;12,51;51299,00
03.03.2015;12,55;12,68;12,55;12,66;24893,00
04.03.2015;12,66;12,68;12,50;12,57;22394,00
05.03.2015;12,59;12,66;12,52;12,54;24044,00
06.03.2015;12,65;12,67;12,60;12,63;14833,00
09.03.2015;12,65;12,77;12,65;12,75;24956,00
10.03.2015;12,68;12,78;12,57;12,71;46926,00
11.03.2015;12,55;12,65;12,46;12,58;42496,00
12.03.2015;12,58;12,68;12,45;12,51;34250,00
13.03.2015;12,67;12,75;12,62;12,63;16059,00
16.03.2015;12,65;12,77;12,64;12,77;36145,00
17.03.2015;12,77;12,78;12,70;12,77;21469,00
18.03.2015;12,77;12,77;12,70;12,70;14479,00
19.03.2015;12,74;12,79;12,70;12,76;28655,00
20.03.2015;12,36;12,58;12,35;12,37;26289,00
23.03.2015;12,37;12,42;12,31;12,35;17935,00
24.03.2015;12,35;12,39;12,26;12,27;13197,00
25.03.2015;12,39;12,39;12,24;12,37;7421,00
26.03.2015;12,37;12,37;11,92;12,02;24844,00
27.03.2015;12,19;12,22;12,02;12,05;15266,00
30.03.2015;12,06;12,10;11,85;11,86;18006,00
31.03.2015;11,90;11,95;11,80;11,94;16062,00
01.04.2015;11,95;11,99;11,89;11,96;13831,00
02.04.2015;12,03;12,03;11,95;12,00;8136,00
07.04.2015;12,02;12,43;12,02;12,34;31801,00
08.04.2015;12,44;12,49;12,34;12,40;25666,00
09.04.2015;12,46;12,49;12,31;12,42;20360,00
10.04.2015;12,42;12,45;12,31;12,35;21591,00
13.04.2015;12,40;12,46;12,30;12,35;37174,00
14.04.2015;12,40;12,49;12,31;12,40;14481,00
15.04.2015;12,42;12,47;12,39;12,46;17984,00
16.04.2015;12,48;12,50;12,40;12,40;39866,00
17.04.2015;12,52;12,52;12,35;12,52;28421,00
20.04.2015;12,55;12,55;12,40;12,41;19348,00
21.04.2015;12,49;12,50;12,30;12,31;26579,00
22.04.2015;12,35;12,43;12,05;12,17;32115,00
23.04.2015;12,21;12,30;12,19;12,25;22549,00
24.04.2015;12,30;12,38;12,20;12,38;15325,00
27.04.2015;12,38;12,38;12,22;12,31;15848,00
28.04.2015;12,30;12,36;12,25;12,30;19774,00
29.04.2015;12,30;12,30;12,06;12,06;26514,00
30.04.2015;12,20;12,20;12,10;12,15;15302,00
04.05.2015;12,20;12,30;12,15;12,25;26829,00
05.05.2015;12,30;12,30;12,15;12,20;17198,00
06.05.2015;12,25;12,25;12,05;12,05;22899,00
07.05.2015;12,10;12,10;11,90;11,90;45106,00
08.05.2015;11,90;12,14;11,90;12,11;35109,00
11.05.2015;12,11;12,28;12,06;12,06;19542,00
12.05.2015;12,10;12,17;12,06;12,13;10168,00
13.05.2015;12,15;12,31;12,11;12,30;16581,00
15.05.2015;12,30;12,30;12,20;12,20;11659,00
18.05.2015;12,30;12,33;12,23;12,23;7850,00
19.05.2015;12,33;12,33;12,20;12,31;13049,00
20.05.2015;12,30;12,30;12,16;12,24;18539,00
21.05.2015;12,30;12,33;12,19;12,29;26300,00
22.05.2015;12,29;12,36;12,25;12,33;20358,00
25.05.2015;12,38;12,38;12,20;12,21;27084,00
26.05.2015;12,30;12,30;11,93;12,11;33727,00
27.05.2015;12,12;12,19;12,12;12,19;5581,00
28.05.2015;12,20;12,20;12,12;12,14;14386,00
29.05.2015;12,24;12,24;12,13;12,18;12279,00
01.06.2015;12,18;12,18;12,10;12,11;19309,00
02.06.2015;12,11;12,13;12,02;12,02;20229,00
03.06.2015;12,03;12,06;12,00;12,00;32058,00
04.06.2015;12,00;12,00;11,94;11,94;24522,00
05.06.2015;11,97;11,99;11,90;11,93;8403,00
08.06.2015;11,95;12,00;11,93;11,96;12701,00
09.06.2015;12,00;12,00;11,76;11,78;42206,00
10.06.2015;12,03;12,03;11,72;11,75;21045,00
11.06.2015;11,75;11,80;11,63;11,64;34574,00
12.06.2015;11,65;11,93;11,63;11,73;23628,00
15.06.2015;11,75;11,80;11,73;11,80;11586,00
16.06.2015;11,80;11,80;11,66;11,70;12211,00
17.06.2015;11,75;11,75;11,58;11,65;31834,00
18.06.2015;11,74;11,74;11,55;11,58;6600,00
22.06.2015;11,74;11,74;11,55;11,70;18629,00
23.06.2015;11,70;11,70;11,64;11,70;6926,00
24.06.2015;11,70;11,70;11,66;11,70;2924,00
25.06.2015;11,70;11,70;11,60;11,69;8075,00
26.06.2015;11,65;11,65;11,61;11,64;12992,00
29.06.2015;11,64;11,64;11,44;11,52;14775,00
30.06.2015;11,52;11,58;11,50;11,55;10523,00
01.07.2015;11,55;11,59;11,50;11,55;12484,00
02.07.2015;11,58;11,58;11,50;11,57;5212,00
03.07.2015;11,57;11,73;11,50;11,50;21162,00
06.07.2015;11,53;11,69;11,53;11,65;7715,00
07.07.2015;11,65;11,69;11,54;11,54;10036,00
08.07.2015;11,67;11,67;11,52;11,55;9034,00
09.07.2015;11,55;11,70;11,55;11,65;11496,00
10.07.2015;11,65;11,70;11,59;11,68;14047,00
13.07.2015;11,70;11,74;11,68;11,72;13107,00
14.07.2015;11,75;11,78;11,68;11,70;21434,00
15.07.2015;11,75;11,75;11,70;11,70;11121,00
16.07.2015;11,75;11,75;11,65;11,65;8588,00
17.07.2015;11,65;11,70;11,61;11,65;14162,00
20.07.2015;11,65;11,76;11,65;11,72;7581,00
21.07.2015;11,76;11,76;11,71;11,73;16798,00
22.07.2015;11,74;11,74;11,65;11,65;9592,00
23.07.2015;11,74;11,74;11,63;11,67;15348,00
24.07.2015;11,70;11,70;11,63;11,70;8669,00
27.07.2015;11,70;11,70;11,55;11,64;14709,00
28.07.2015;11,69;11,69;11,01;11,20;43023,00
29.07.2015;11,20;11,20;10,98;11,10;32095,00
30.07.2015;11,10;11,15;11,02;11,15;16036,00
31.07.2015;11,15;11,15;11,03;11,10;25941,00
03.08.2015;11,12;11,14;11,06;11,08;15049,00
04.08.2015;11,12;11,12;11,08;11,10;23332,00
05.08.2015;11,14;11,14;11,10;11,13;13964,00
06.08.2015;11,15;11,17;11,10;11,17;14549,00
07.08.2015;11,15;11,16;11,10;11,12;14648,00
10.08.2015;11,10;11,16;11,10;11,15;14471,00
11.08.2015;11,15;11,17;11,13;11,17;20391,00
12.08.2015;11,17;11,18;11,13;11,18;19961,00
13.08.2015;11,10;11,12;10,99;11,04;33441,00
14.08.2015;11,04;11,16;11,04;11,09;11310,00
17.08.2015;11,08;11,08;10,96;10,96;22412,00
18.08.2015;11,00;11,00;10,91;10,92;15146,00
19.08.2015;10,92;10,92;10,76;10,82;14074,00
20.08.2015;10,70;10,70;10,33;10,55;33995,00
21.08.2015;10,50;10,55;10,40;10,45;25054,00
24.08.2015;10,45;10,45;9,99;10,20;49938,00
25.08.2015;10,20;10,36;10,20;10,34;29310,00
26.08.2015;10,32;10,61;10,28;10,39;16862,00
27.08.2015;10,44;10,55;10,38;10,42;16778,00
28.08.2015;10,50;10,50;10,45;10,45;10923,00
31.08.2015;10,50;10,50;10,25;10,25;88484,00
01.09.2015;10,39;10,39;10,25;10,30;13420,00
02.09.2015;10,25;10,30;10,10;10,10;37708,00
03.09.2015;10,15;10,20;10,11;10,20;44895,00
04.09.2015;10,20;10,20;10,03;10,03;24992,00
07.09.2015;10,19;10,20;10,13;10,16;7763,00
08.09.2015;10,18;10,35;10,18;10,35;36384,00
09.09.2015;10,40;10,80;10,40;10,61;16698,00
10.09.2015;10,62;10,74;10,60;10,60;13854,00
11.09.2015;10,65;10,78;10,60;10,65;11732,00
14.09.2015;10,83;10,83;10,58;10,60;19126,00
15.09.2015;10,65;10,70;10,57;10,70;11304,00
16.09.2015;10,75;10,97;10,75;10,76;30448,00
17.09.2015;10,50;10,58;10,35;10,47;13161,00
18.09.2015;10,50;10,50;10,30;10,30;10735,00
21.09.2015;10,30;10,35;10,20;10,20;15326,00
22.09.2015;10,32;10,32;10,00;10,02;19392,00
23.09.2015;10,25;10,25;10,01;10,02;20417,00
24.09.2015;10,05;10,10;9,80;9,90;19825,00
25.09.2015;9,98;10,06;9,98;10,00;7791,00
28.09.2015;10,08;10,10;9,94;9,94;11903,00
29.09.2015;9,95;10,00;9,87;9,87;11448,00
30.09.2015;9,95;9,99;9,90;9,90;18013,00
01.10.2015;9,96;10,15;9,96;10,07;11345,00
02.10.2015;10,06;10,07;9,94;9,94;12976,00
05.10.2015;10,00;10,00;9,95;9,96;15341,00
06.10.2015;9,96;9,98;9,92;9,92;17363,00
07.10.2015;10,05;10,07;9,99;10,03;6853,00
08.10.2015;10,02;10,10;10,02;10,09;10653,00
09.10.2015;10,09;10,11;10,09;10,11;12703,00
12.10.2015;10,15;10,20;10,11;10,11;11002,00
13.10.2015;10,20;10,20;10,10;10,10;5973,00
14.10.2015;10,20;10,20;10,10;10,12;9598,00
15.10.2015;10,12;10,12;10,06;10,06;7212,00
16.10.2015;10,06;10,10;10,05;10,07;3326,00
19.10.2015;10,10;10,10;10,04;10,04;14493,00
20.10.2015;10,07;10,23;10,06;10,08;17851,00
21.10.2015;10,12;10,15;10,08;10,08;8276,00
22.10.2015;10,24;10,24;10,08;10,13;7905,00
23.10.2015;10,18;10,18;10,08;10,08;14771,00
26.10.2015;10,08;10,13;10,02;10,03;19927,00
27.10.2015;10,10;10,10;10,02;10,03;5632,00
28.10.2015;10,02;10,05;10,00;10,00;14105,00
29.10.2015;10,00;10,09;10,00;10,05;9805,00
30.10.2015;10,05;10,05;9,99;9,99;22502,00
02.11.2015;10,07;10,07;10,00;10,04;14237,00
03.11.2015;10,08;10,08;9,99;9,99;14844,00
04.11.2015;10,08;10,10;10,01;10,05;14132,00
05.11.2015;10,10;10,17;10,05;10,05;11429,00
06.11.2015;10,05;10,17;10,03;10,03;11838,00
09.11.2015;10,05;10,12;10,03;10,03;10170,00
10.11.2015;10,04;10,09;10,02;10,07;4919,00
11.11.2015;10,10;10,14;10,01;10,01;16323,00
12.11.2015;10,08;10,15;10,04;10,08;16252,00
13.11.2015;10,00;10,07;10,00;10,01;17080,00
16.11.2015;10,02;10,05;9,95;9,95;28631,00
17.11.2015;10,07;10,10;10,04;10,06;15967,00
18.11.2015;10,06;10,20;10,06;10,16;18267,00
19.11.2015;10,16;10,19;10,10;10,11;17148,00
20.11.2015;10,11;10,11;10,01;10,01;18837,00
23.11.2015;10,05;10,10;10,03;10,06;10557,00
24.11.2015;10,10;10,12;10,02;10,08;10296,00
25.11.2015;10,08;10,10;10,01;10,01;19019,00
26.11.2015;10,09;10,10;10,02;10,10;20752,00
27.11.2015;10,09;10,14;10,06;10,12;30765,00
30.11.2015;10,15;10,26;10,14;10,25;13061,00
01.12.2015;10,27;10,44;10,27;10,30;17731,00
02.12.2015;10,39;10,39;10,30;10,30;14543,00
03.12.2015;10,30;10,39;10,27;10,30;19273,00
04.12.2015;10,39;10,47;10,31;10,31;9147,00
07.12.2015;10,36;10,53;10,36;10,52;20911,00
08.12.2015;10,54;10,59;10,40;10,59;9857,00
09.12.2015;10,59;10,59;10,50;10,57;3026,00
10.12.2015;10,56;10,58;10,50;10,54;9382,00
11.12.2015;10,55;10,55;10,30;10,47;17538,00
14.12.2015;10,50;10,50;10,30;10,47;11922,00
15.12.2015;10,40;10,44;10,24;10,31;14068,00
16.12.2015;10,40;10,50;10,31;10,48;16126,00
17.12.2015;10,30;10,30;9,97;10,02;52717,00
18.12.2015;10,09;10,09;9,85;9,90;33017,00
21.12.2015;9,99;9,99;9,66;9,70;37697,00
22.12.2015;9,70;9,70;9,44;9,50;42406,00
23.12.2015;9,50;9,57;9,35;9,43;63351,00
28.12.2015;9,40;9,40;9,24;9,32;73708,00
29.12.2015;9,26;9,32;9,23;9,26;53720,00
30.12.2015;9,25;9,50;9,24;9,50;66409,00
04.01.2016;9,52;9,62;9,52;9,56;52947,00
05.01.2016;9,72;9,72;9,50;9,50;28164,00
07.01.2016;9,57;9,57;9,25;9,33;42654,00
08.01.2016;9,50;9,50;9,29;9,33;26656,00
11.01.2016;9,50;9,50;9,25;9,32;33691,00
12.01.2016;9,40;9,40;9,30;9,37;28092,00
13.01.2016;9,38;9,39;9,32;9,32;48681,00
14.01.2016;9,32;9,32;9,23;9,26;40100,00
15.01.2016;9,27;9,32;9,13;9,14;46517,00
18.01.2016;9,26;9,26;9,01;9,13;31831,00
19.01.2016;9,13;9,20;9,13;9,13;23679,00
20.01.2016;9,13;9,13;8,68;8,72;51813,00
21.01.2016;8,75;8,76;8,61;8,70;55087,00
22.01.2016;8,84;9,08;8,84;9,04;30462,00
25.01.2016;9,18;9,18;8,92;8,93;27705,00
26.01.2016;9,00;9,15;8,80;8,89;50614,00
27.01.2016;8,95;9,07;8,78;8,80;32392,00
28.01.2016;8,90;8,98;8,85;8,95;16136,00
29.01.2016;8,98;9,07;8,90;8,98;30932,00
01.02.2016;9,00;9,20;9,00;9,15;20117,00
02.02.2016;9,15;9,31;9,01;9,01;18319,00
03.02.2016;9,10;9,10;8,96;9,00;19735,00
04.02.2016;9,01;9,14;9,01;9,12;7919,00
05.02.2016;9,14;9,15;9,06;9,13;10943,00
08.02.2016;9,14;9,15;9,00;9,00;20056,00
09.02.2016;9,05;9,05;8,75;8,76;22790,00
10.02.2016;8,90;8,97;8,78;8,85;20162,00
11.02.2016;8,96;8,96;8,74;8,76;22466,00
12.02.2016;8,80;9,15;8,80;9,02;10085,00
15.02.2016;9,18;9,28;8,91;8,94;24635,00
16.02.2016;8,94;9,11;8,80;8,91;19052,00
17.02.2016;8,95;9,25;8,95;9,22;12531,00
18.02.2016;9,35;9,50;9,32;9,47;45966,00
19.02.2016;9,48;9,48;9,40;9,47;18894,00
22.02.2016;9,47;9,48;9,35;9,36;15647,00
23.02.2016;9,40;9,48;9,40;9,44;11134,00
24.02.2016;9,44;9,47;9,35;9,35;7648,00
25.02.2016;9,48;9,48;9,32;9,35;16932,00
26.02.2016;9,40;9,47;9,40;9,46;15030,00
29.02.2016;9,48;9,51;9,42;9,47;17749,00
01.03.2016;9,48;9,49;9,42;9,47;13277,00
02.03.2016;9,50;9,96;9,50;9,68;21270,00
03.03.2016;9,72;9,80;9,67;9,67;20502,00
04.03.2016;9,70;9,75;9,67;9,69;31245,00
07.03.2016;9,75;9,90;9,75;9,88;14857,00
08.03.2016;9,89;9,89;9,80;9,81;16733,00
09.03.2016;9,90;9,95;9,88;9,93;19251,00
10.03.2016;9,95;9,95;9,84;9,88;17903,00
11.03.2016;9,95;10,00;9,95;9,98;25187,00
14.03.2016;9,98;10,09;9,98;10,03;20709,00
15.03.2016;10,09;10,09;10,04;10,09;16835,00
16.03.2016;10,09;10,12;10,08;10,08;15763,00
17.03.2016;10,11;10,12;10,00;10,05;20815,00
18.03.2016;10,10;10,10;9,95;10,04;16797,00
21.03.2016;10,08;10,08;9,87;9,91;44819,00
22.03.2016;9,80;9,80;9,55;9,62;57700,00
23.03.2016;9,50;9,50;9,14;9,17;24827,00
24.03.2016;9,20;9,20;9,01;9,05;9548,00
29.03.2016;9,05;9,20;9,01;9,02;8841,00
30.03.2016;9,05;9,15;9,03;9,11;7681,00
31.03.2016;9,14;9,14;9,05;9,10;12245,00
01.04.2016;9,11;9,14;8,94;8,94;11993,00
04.04.2016;9,00;9,13;8,99;8,99;10753,00
05.04.2016;9,00;9,05;8,94;8,94;10161,00
06.04.2016;8,99;9,02;8,96;8,98;9341,00
07.04.2016;9,00;9,01;8,92;8,92;10202,00
08.04.2016;9,00;9,01;8,92;8,98;8952,00
11.04.2016;9,00;9,01;8,96;8,96;13058,00
12.04.2016;8,93;8,99;8,91;8,92;13912,00
13.04.2016;8,98;9,01;8,90;8,98;28883,00
14.04.2016;8,99;9,00;8,93;9,00;22581,00
15.04.2016;9,00;9,00;8,96;8,98;11765,00
18.04.2016;9,00;9,00;8,95;8,96;24952,00
19.04.2016;9,00;9,06;8,97;9,02;32436,00
20.04.2016;9,05;9,13;9,04;9,13;15827,00
21.04.2016;9,16;9,19;9,08;9,08;9769,00
22.04.2016;9,08;9,16;9,06;9,09;8935,00
25.04.2016;9,15;9,15;9,02;9,03;10703,00
26.04.2016;9,09;9,12;9,04;9,06;12987,00
27.04.2016;9,09;9,11;9,01;9,07;27961,00
28.04.2016;9,08;9,10;8,90;9,08;21304,00
29.04.2016;9,10;9,12;9,00;9,12;11067,00
02.05.2016;9,07;9,10;8,99;9,01;29210,00
03.05.2016;9,10;9,10;8,96;9,00;13874,00
04.05.2016;9,00;9,10;8,88;8,88;23866,00
06.05.2016;8,88;8,92;8,70;8,70;32830,00
09.05.2016;8,70;8,93;8,66;8,79;11651,00
10.05.2016;8,80;8,94;8,80;8,93;12388,00
11.05.2016;8,96;9,00;8,96;8,97;12492,00
12.05.2016;9,00;9,00;8,83;8,83;7807,00
13.05.2016;8,99;8,99;8,94;8,98;8027,00
16.05.2016;9,00;9,00;8,90;8,95;8962,00
17.05.2016;8,92;8,99;8,92;8,95;7434,00
18.05.2016;8,95;8,99;8,90;8,90;8366,00
19.05.2016;8,93;8,99;8,90;8,98;7673,00
20.05.2016;8,98;8,98;8,75;8,88;20071,00
23.05.2016;8,94;8,94;8,75;8,89;12149,00
24.05.2016;8,88;8,88;8,80;8,81;17133,00
25.05.2016;8,81;8,93;8,81;8,84;9229,00
26.05.2016;8,80;8,90;8,80;8,87;40910,00
27.05.2016;8,87;8,89;8,82;8,87;32764,00
30.05.2016;8,88;8,93;8,81;8,90;21342,00
31.05.2016;8,80;8,90;8,80;8,88;12821,00
01.06.2016;8,85;8,94;8,83;8,94;28964,00
02.06.2016;9,00;9,02;8,83;8,95;16928,00
03.06.2016;8,90;8,95;8,83;8,87;24132,00
06.06.2016;8,90;8,90;8,81;8,85;10664,00
07.06.2016;8,85;8,87;8,82;8,82;15010,00
08.06.2016;8,83;8,89;8,79;8,81;25994,00
09.06.2016;8,89;8,89;8,80;8,83;15062,00
10.06.2016;8,80;8,84;8,79;8,83;16171,00
13.06.2016;8,80;8,88;8,77;8,80;18959,00
14.06.2016;8,81;8,85;8,72;8,75;13737,00
15.06.2016;8,71;8,78;8,70;8,74;16058,00
16.06.2016;8,80;8,80;8,59;8,60;19061,00
17.06.2016;8,60;8,67;8,56;8,56;24255,00
20.06.2016;8,55;8,76;8,55;8,76;19770,00
21.06.2016;8,72;8,72;8,54;8,62;17838,00
22.06.2016;8,57;8,60;8,48;8,50;17190,00
23.06.2016;8,46;8,46;8,23;8,26;32122,00
27.06.2016;7,98;8,26;7,90;8,00;35345,00
28.06.2016;8,00;8,18;7,96;8,00;26851,00
29.06.2016;8,10;8,22;8,06;8,10;12438,00
30.06.2016;8,14;8,22;8,14;8,19;8411,00
01.07.2016;8,20;8,30;8,19;8,30;13870,00
04.07.2016;8,30;8,30;8,22;8,30;10754,00
05.07.2016;8,25;8,29;8,13;8,14;13063,00
06.07.2016;8,10;8,15;8,10;8,12;8348,00
07.07.2016;8,12;8,15;8,08;8,14;5861,00
08.07.2016;8,15;8,24;8,15;8,17;13587,00
11.07.2016;8,24;8,58;8,17;8,52;58464,00
12.07.2016;8,66;8,66;8,44;8,44;10193,00
13.07.2016;8,45;8,45;8,41;8,41;6324,00
14.07.2016;8,44;8,54;8,38;8,45;10361,00
15.07.2016;8,48;8,49;8,37;8,40;18714,00
18.07.2016;8,40;8,52;8,40;8,52;11672,00
19.07.2016;8,51;8,55;8,46;8,51;12237,00
20.07.2016;8,55;8,68;8,55;8,60;6502,00
21.07.2016;8,61;8,70;8,60;8,61;5610,00
22.07.2016;8,70;8,74;8,65;8,73;6665,00
25.07.2016;8,72;8,73;8,65;8,73;11784,00
26.07.2016;8,90;8,91;8,66;8,77;21489,00
27.07.2016;8,90;8,91;8,80;8,87;9996,00
28.07.2016;8,87;8,90;8,77;8,80;9588,00
29.07.2016;8,77;8,80;8,76;8,76;2499,00
01.08.2016;8,80;8,90;8,77;8,84;10964,00
02.08.2016;8,86;8,86;8,70;8,70;5911,00
03.08.2016;8,70;8,82;8,68;8,72;7379,00
04.08.2016;8,72;8,84;8,72;8,77;4480,00
05.08.2016;8,78;8,84;8,78;8,84;3945,00
08.08.2016;8,85;9,16;8,84;9,02;11370,00
09.08.2016;8,95;9,02;8,95;8,95;4975,00
10.08.2016;9,00;9,10;9,00;9,00;9590,00
11.08.2016;9,00;9,08;9,00;9,08;11543,00
12.08.2016;9,05;9,29;9,05;9,11;10601,00
15.08.2016;9,29;9,29;8,97;9,12;10558,00
16.08.2016;9,12;9,12;8,91;9,05;17611,00
17.08.2016;9,10;9,10;9,05;9,06;2992,00
18.08.2016;8,61;8,73;8,34;8,51;96699,00
19.08.2016;8,49;8,77;8,12;8,36;85477,00
22.08.2016;8,36;8,37;8,25;8,31;26726,00
23.08.2016;8,30;8,30;8,23;8,30;21788,00
24.08.2016;8,23;8,30;8,22;8,28;23838,00
25.08.2016;8,26;8,30;8,23;8,29;9939,00
26.08.2016;8,29;8,29;8,21;8,22;20283,00
29.08.2016;8,25;8,26;8,18;8,25;29505,00
30.08.2016;8,27;8,30;8,24;8,28;25232,00
31.08.2016;8,28;8,32;8,24;8,29;16734,00
01.09.2016;8,35;8,35;8,29;8,33;24124,00
02.09.2016;8,33;8,38;8,31;8,38;16118,00
05.09.2016;8,35;8,49;8,33;8,48;19034,00
06.09.2016;8,48;8,52;8,36;8,42;27524,00
07.09.2016;8,40;8,44;8,35;8,40;7650,00
08.09.2016;8,41;8,43;8,30;8,30;11224,00
09.09.2016;8,28;8,28;8,11;8,14;54455,00
12.09.2016;8,13;8,13;7,95;8,00;51045,00
13.09.2016;8,00;8,04;7,95;7,95;21974,00
14.09.2016;7,95;7,96;7,78;7,78;42649,00
15.09.2016;7,80;7,95;7,78;7,86;26659,00
16.09.2016;7,80;7,87;7,62;7,67;30626,00
19.09.2016;7,65;7,65;7,06;7,12;158634,00
20.09.2016;7,00;7,09;6,81;6,90;156043,00
21.09.2016;6,88;7,10;6,88;7,10;107080,00
22.09.2016;6,98;6,98;6,78;6,91;60086,00
23.09.2016;6,91;6,94;6,85;6,92;25657,00
26.09.2016;6,90;6,92;6,89;6,90;30174,00
27.09.2016;6,90;6,91;6,87;6,89;32219,00
28.09.2016;6,89;6,93;6,88;6,90;19694,00
29.09.2016;6,94;7,05;6,90;6,90;29883,00
30.09.2016;6,89;6,94;6,86;6,94;44256,00
03.10.2016;6,95;7,15;6,95;7,04;44102,00
04.10.2016;7,04;7,06;6,91;6,92;34354,00
05.10.2016;6,91;6,92;6,88;6,90;17350,00
06.10.2016;6,89;6,89;6,80;6,81;43074,00
07.10.2016;6,85;6,86;6,74;6,74;20683,00
10.10.2016;6,75;6,81;6,66;6,66;24110,00
11.10.2016;6,65;6,65;6,41;6,52;64692,00
12.10.2016;6,32;6,41;6,26;6,32;98484,00
13.10.2016;6,30;6,34;6,25;6,30;25170,00
14.10.2016;6,28;6,53;6,28;6,48;24476,00
17.10.2016;6,53;6,82;6,48;6,75;54507,00
18.10.2016;6,80;6,84;6,75;6,80;21686,00
19.10.2016;6,80;6,82;6,72;6,74;17155,00
20.10.2016;6,70;6,78;6,70;6,71;5949,00
21.10.2016;6,71;6,75;6,61;6,63;10013,00
24.10.2016;6,62;6,71;6,59;6,64;13137,00
25.10.2016;6,64;6,64;6,50;6,59;19830,00
26.10.2016;6,55;6,60;6,45;6,48;15257,00
27.10.2016;6,46;6,49;6,44;6,44;16465,00
28.10.2016;6,41;6,48;6,35;6,38;20303,00
31.10.2016;6,37;6,45;6,36;6,41;17413,00
01.11.2016;6,40;6,41;6,31;6,33;15331,00
02.11.2016;6,33;6,33;6,26;6,28;22766,00
03.11.2016;6,26;6,27;6,15;6,26;27556,00
04.11.2016;6,26;6,26;6,10;6,25;26357,00
07.11.2016;6,25;6,25;6,12;6,14;27519,00
08.11.2016;6,14;6,20;6,12;6,20;14857,00
09.11.2016;6,15;6,20;6,06;6,20;28693,00
10.11.2016;6,14;6,25;6,14;6,22;18040,00
11.11.2016;6,21;6,26;6,20;6,20;12717,00
14.11.2016;6,30;6,35;6,22;6,22;24332,00
15.11.2016;6,28;6,29;6,22;6,25;14804,00
16.11.2016;6,29;6,39;6,25;6,38;14702,00
17.11.2016;6,20;6,20;6,09;6,13;50341,00
18.11.2016;6,10;6,10;5,95;6,00;82437,00
21.11.2016;5,98;5,98;5,76;5,87;64550,00
22.11.2016;5,86;5,87;5,80;5,86;44809,00
