date;open;high;low;close;volume
28.11.2013;4,80;5,00;4,80;4,97;8321,00
29.11.2013;4,97;4,97;4,84;4,89;4116,00
02.12.2013;4,80;4,80;4,56;4,73;29176,00
03.12.2013;4,75;4,75;4,67;4,67;26609,00
04.12.2013;4,69;4,70;4,60;4,60;1221,00
05.12.2013;4,70;4,70;4,70;4,70;1100,00
09.12.2013;4,83;4,83;4,68;4,68;1343,00
10.12.2013;4,68;4,68;4,68;4,68;0,00
11.12.2013;4,68;4,69;4,67;4,67;1300,00
12.12.2013;4,90;4,90;4,80;4,80;742,00
13.12.2013;4,81;4,81;4,80;4,80;216,00
16.12.2013;4,80;4,80;4,80;4,80;0,00
17.12.2013;4,65;4,66;4,65;4,66;524,00
18.12.2013;4,79;4,79;4,79;4,79;429,00
19.12.2013;4,79;4,79;4,75;4,75;3400,00
20.12.2013;4,60;4,60;4,40;4,40;51060,00
23.12.2013;4,60;4,61;4,60;4,60;258,00
27.12.2013;4,46;4,59;4,46;4,59;577,00
30.12.2013;4,47;4,47;4,38;4,38;1170,00
02.01.2014;4,46;4,46;4,46;4,46;100,00
03.01.2014;4,70;4,70;4,60;4,60;250,00
07.01.2014;4,60;4,60;4,60;4,60;0,00
08.01.2014;4,46;4,46;4,46;4,46;10,00
09.01.2014;4,60;4,60;4,53;4,60;6053,00
10.01.2014;4,60;4,60;4,60;4,60;40367,00
13.01.2014;4,61;4,61;4,60;4,60;1353,00
14.01.2014;4,60;4,60;4,60;4,60;0,00
15.01.2014;4,61;4,61;4,61;4,61;100,00
16.01.2014;4,61;4,61;4,61;4,61;0,00
17.01.2014;4,60;4,60;4,60;4,60;7465,00
20.01.2014;4,60;4,60;4,60;4,60;50,00
21.01.2014;4,40;4,40;4,40;4,40;50,00
22.01.2014;4,46;4,46;4,46;4,46;1000,00
23.01.2014;4,45;4,45;4,45;4,45;102,00
24.01.2014;4,40;4,40;4,40;4,40;100,00
27.01.2014;4,40;4,40;4,40;4,40;0,00
28.01.2014;4,40;4,40;4,35;4,35;300,00
29.01.2014;4,35;4,35;4,35;4,35;0,00
30.01.2014;4,35;4,35;4,30;4,30;1100,00
31.01.2014;4,50;4,50;4,24;4,40;805,00
03.02.2014;4,60;4,60;4,35;4,35;910,00
04.02.2014;4,33;4,33;4,33;4,33;100,00
05.02.2014;4,15;4,15;4,15;4,15;100,00
06.02.2014;4,30;4,30;4,25;4,25;1500,00
07.02.2014;4,28;4,28;4,12;4,16;2610,00
10.02.2014;4,10;4,30;4,10;4,30;4211,00
11.02.2014;4,28;4,28;4,28;4,28;1424,00
12.02.2014;4,28;4,28;4,28;4,28;0,00
13.02.2014;4,28;4,41;4,28;4,35;740,00
14.02.2014;4,35;4,35;4,35;4,35;0,00
17.02.2014;4,60;4,60;4,60;4,60;69,00
18.02.2014;4,60;4,60;4,60;4,60;0,00
19.02.2014;4,52;4,52;4,50;4,50;1000,00
20.02.2014;4,50;4,50;4,50;4,50;0,00
21.02.2014;4,60;4,60;4,60;4,60;750,00
24.02.2014;4,51;4,51;4,51;4,51;205,00
25.02.2014;4,51;4,51;4,51;4,51;0,00
26.02.2014;4,51;4,51;4,51;4,51;0,00
27.02.2014;4,47;4,47;4,46;4,46;100,00
28.02.2014;4,46;4,46;4,46;4,46;0,00
03.03.2014;4,50;4,50;4,50;4,50;200,00
04.03.2014;4,50;4,50;4,50;4,50;0,00
05.03.2014;4,51;4,70;4,51;4,70;25924,00
06.03.2014;4,70;4,70;4,67;4,69;119203,00
07.03.2014;4,65;4,65;4,60;4,60;1420,00
10.03.2014;4,60;4,60;4,60;4,60;0,00
11.03.2014;4,60;4,60;4,40;4,51;6020,00
12.03.2014;4,44;4,44;4,44;4,44;1000,00
13.03.2014;4,40;4,40;4,40;4,40;5000,00
14.03.2014;4,60;4,60;4,44;4,44;400,00
17.03.2014;4,54;4,54;4,54;4,54;200,00
18.03.2014;4,40;4,40;4,30;4,35;1100,00
19.03.2014;4,25;4,30;4,20;4,30;6280,00
20.03.2014;4,30;4,30;4,30;4,30;4650,00
21.03.2014;4,30;4,30;4,30;4,30;2300,00
24.03.2014;4,30;4,30;4,30;4,30;0,00
25.03.2014;4,30;4,30;4,30;4,30;0,00
26.03.2014;4,28;4,30;4,28;4,30;6250,00
27.03.2014;4,30;4,30;4,30;4,30;0,00
28.03.2014;4,30;4,30;4,30;4,30;1000,00
31.03.2014;4,22;4,22;4,22;4,22;40,00
01.04.2014;4,30;4,35;4,30;4,35;15090,00
02.04.2014;4,40;4,40;4,40;4,40;550,00
03.04.2014;4,07;4,07;4,00;4,00;200,00
04.04.2014;4,40;4,40;4,25;4,30;2340,00
07.04.2014;4,30;4,30;4,26;4,26;108,00
08.04.2014;4,26;4,26;4,26;4,26;0,00
09.04.2014;4,25;4,25;4,25;4,25;100,00
10.04.2014;4,25;4,25;4,25;4,25;1000,00
11.04.2014;4,17;4,24;4,17;4,24;500,00
14.04.2014;4,30;4,30;4,28;4,28;350,00
15.04.2014;4,28;4,28;4,28;4,28;120,00
16.04.2014;4,28;4,28;4,28;4,28;150,00
17.04.2014;4,28;4,28;4,28;4,28;0,00
22.04.2014;4,30;4,30;4,28;4,28;550,00
23.04.2014;4,28;4,30;4,28;4,30;50,00
24.04.2014;4,28;4,28;4,28;4,28;600,00
25.04.2014;4,28;4,28;4,28;4,28;0,00
28.04.2014;4,30;4,30;4,30;4,30;30,00
29.04.2014;4,30;4,30;4,30;4,30;0,00
30.04.2014;4,30;4,30;4,30;4,30;100,00
02.05.2014;4,30;4,30;4,30;4,30;0,00
05.05.2014;4,29;4,29;4,29;4,29;100,00
06.05.2014;4,29;4,29;4,22;4,22;383,00
07.05.2014;4,17;4,17;4,10;4,10;1250,00
08.05.2014;4,09;4,09;4,09;4,09;955,00
09.05.2014;4,23;4,38;4,23;4,38;12000,00
12.05.2014;4,31;4,35;4,31;4,35;41200,00
13.05.2014;4,30;4,35;4,30;4,35;1095,00
14.05.2014;4,34;4,34;4,30;4,30;1873,00
15.05.2014;4,30;4,30;4,30;4,30;1000,00
16.05.2014;4,26;4,26;4,25;4,25;3000,00
19.05.2014;4,25;4,25;4,25;4,25;0,00
20.05.2014;4,35;4,35;4,35;4,35;100,00
21.05.2014;4,35;4,35;4,35;4,35;0,00
22.05.2014;4,30;4,30;4,26;4,26;1531,00
23.05.2014;4,26;4,26;4,26;4,26;0,00
26.05.2014;4,20;4,20;4,20;4,20;479,00
27.05.2014;4,20;4,20;4,20;4,20;0,00
28.05.2014;4,20;4,20;4,20;4,20;80,00
30.05.2014;4,16;4,20;4,16;4,20;1000,00
02.06.2014;4,28;4,28;4,28;4,28;1000,00
03.06.2014;4,25;4,30;4,24;4,25;1813,00
04.06.2014;4,25;4,25;4,25;4,25;40,00
05.06.2014;4,30;4,30;4,30;4,30;500,00
06.06.2014;4,30;4,30;4,30;4,30;0,00
09.06.2014;4,23;4,23;4,23;4,23;35000,00
10.06.2014;4,25;4,30;4,25;4,30;200,00
11.06.2014;4,30;4,30;4,30;4,30;50,00
12.06.2014;4,26;4,30;4,26;4,26;1680,00
13.06.2014;4,30;4,30;4,28;4,30;800,00
16.06.2014;4,35;4,35;4,28;4,28;994,00
17.06.2014;4,30;4,30;4,28;4,28;783,00
18.06.2014;4,23;4,30;4,23;4,30;1700,00
19.06.2014;4,30;4,30;4,30;4,30;50,00
23.06.2014;4,40;4,52;4,40;4,52;2110,00
24.06.2014;4,52;4,52;4,52;4,52;0,00
25.06.2014;4,46;4,46;4,25;4,25;6729,00
26.06.2014;4,26;4,40;4,26;4,40;800,00
27.06.2014;4,40;4,40;4,40;4,40;0,00
30.06.2014;4,40;4,40;4,40;4,40;0,00
01.07.2014;4,26;4,27;4,26;4,26;30,00
02.07.2014;4,25;4,40;4,25;4,40;753,00
03.07.2014;4,40;4,40;4,40;4,40;850,00
04.07.2014;4,40;4,40;4,40;4,40;200,00
07.07.2014;4,40;4,40;4,40;4,40;500,00
08.07.2014;4,49;4,49;4,39;4,39;239,00
09.07.2014;4,31;4,40;4,31;4,40;2,00
10.07.2014;4,40;4,40;4,40;4,40;0,00
11.07.2014;4,40;4,40;4,40;4,40;0,00
14.07.2014;4,50;4,50;4,44;4,44;590,00
15.07.2014;4,45;4,45;4,40;4,40;1365,00
16.07.2014;4,40;4,40;4,40;4,40;0,00
17.07.2014;4,30;4,30;4,30;4,30;1,00
18.07.2014;4,30;4,30;4,30;4,30;0,00
21.07.2014;4,35;4,35;4,32;4,32;104,00
22.07.2014;4,32;4,32;4,32;4,32;0,00
23.07.2014;4,39;4,40;4,39;4,40;200,00
24.07.2014;4,34;4,34;4,30;4,30;1936,00
25.07.2014;4,30;4,30;4,30;4,30;0,00
28.07.2014;4,31;4,31;4,30;4,30;200,00
29.07.2014;4,40;4,41;4,35;4,41;180,00
30.07.2014;4,41;4,41;4,41;4,41;0,00
31.07.2014;4,40;4,40;4,32;4,32;606,00
01.08.2014;4,36;4,36;4,36;4,36;345,00
04.08.2014;4,36;4,42;4,36;4,42;301,00
05.08.2014;4,43;4,43;4,43;4,43;224,00
06.08.2014;4,43;4,43;4,43;4,43;0,00
07.08.2014;4,43;4,43;4,43;4,43;0,00
08.08.2014;4,24;4,35;4,24;4,35;190,00
11.08.2014;4,49;4,60;4,49;4,60;1558,00
12.08.2014;4,52;4,52;4,51;4,51;240,00
13.08.2014;4,51;4,51;4,51;4,51;500,00
14.08.2014;4,45;4,45;4,24;4,27;5130,00
15.08.2014;4,27;4,27;4,27;4,27;0,00
18.08.2014;4,31;4,31;4,31;4,31;500,00
19.08.2014;4,31;4,31;4,31;4,31;0,00
20.08.2014;4,40;4,59;4,28;4,40;1389,00
21.08.2014;4,46;4,59;4,46;4,59;1200,00
22.08.2014;4,59;4,59;4,59;4,59;250,00
25.08.2014;4,35;4,35;4,35;4,35;25027,00
26.08.2014;4,35;4,35;4,35;4,35;0,00
27.08.2014;4,39;4,39;4,39;4,39;146,00
28.08.2014;4,50;4,50;4,50;4,50;120,00
29.08.2014;4,40;4,44;4,40;4,44;852,00
01.09.2014;4,33;4,33;4,32;4,32;200,00
02.09.2014;4,33;4,33;4,33;4,33;130,00
03.09.2014;4,33;4,33;4,33;4,33;0,00
04.09.2014;4,44;4,44;4,30;4,30;1553,00
05.09.2014;4,30;4,30;4,30;4,30;0,00
08.09.2014;4,30;4,30;4,30;4,30;0,00
09.09.2014;4,30;4,30;4,30;4,30;0,00
10.09.2014;4,41;4,41;4,41;4,41;100,00
11.09.2014;4,41;4,41;4,40;4,41;507,00
12.09.2014;4,41;4,41;4,41;4,41;0,00
15.09.2014;4,41;4,41;4,41;4,41;0,00
16.09.2014;4,41;4,41;4,41;4,41;0,00
17.09.2014;4,41;4,41;4,41;4,41;0,00
18.09.2014;4,32;4,33;4,32;4,33;198,00
19.09.2014;4,33;4,33;4,33;4,33;0,00
22.09.2014;4,33;4,33;4,28;4,29;1608,00
23.09.2014;4,29;4,29;4,29;4,29;0,00
24.09.2014;4,15;4,15;4,10;4,10;297,00
25.09.2014;4,10;4,10;4,10;4,10;0,00
26.09.2014;4,20;4,20;4,20;4,20;70,00
29.09.2014;4,20;4,20;4,20;4,20;179,00
30.09.2014;4,44;4,44;4,14;4,15;871,00
01.10.2014;4,26;4,26;4,15;4,15;534,00
02.10.2014;4,28;4,30;4,18;4,30;3164,00
03.10.2014;4,40;4,40;4,11;4,28;771,00
06.10.2014;4,28;4,37;3,98;4,19;2459,00
07.10.2014;4,19;4,25;4,05;4,13;4738,00
08.10.2014;4,15;4,15;4,00;4,00;1354,00
09.10.2014;3,96;4,07;3,96;3,96;486,00
10.10.2014;4,09;4,09;3,96;3,96;2428,00
13.10.2014;4,23;4,23;4,22;4,22;1302,00
14.10.2014;4,22;4,22;4,22;4,22;0,00
15.10.2014;4,19;4,19;4,00;4,00;1091,00
16.10.2014;4,01;4,01;4,00;4,00;466,00
17.10.2014;4,10;4,15;4,10;4,10;1240,00
20.10.2014;4,10;4,10;4,10;4,10;0,00
21.10.2014;4,10;4,10;4,10;4,10;0,00
22.10.2014;4,17;4,17;4,17;4,17;253,00
23.10.2014;4,17;4,17;4,17;4,17;0,00
24.10.2014;3,60;3,87;3,60;3,75;10809,00
27.10.2014;4,00;4,00;3,87;3,87;1300,00
28.10.2014;3,87;3,87;3,87;3,87;0,00
29.10.2014;3,90;3,92;3,90;3,92;300,00
30.10.2014;3,91;3,91;3,81;3,81;101,00
31.10.2014;3,81;3,81;3,81;3,81;0,00
03.11.2014;3,92;3,92;3,92;3,92;500,00
04.11.2014;3,88;3,88;3,76;3,76;1699,00
05.11.2014;3,84;3,84;3,80;3,80;1900,00
06.11.2014;3,80;3,80;3,80;3,80;0,00
07.11.2014;3,80;3,80;3,66;3,66;2624,00
10.11.2014;3,66;3,80;3,66;3,80;400,00
11.11.2014;3,80;3,80;3,80;3,80;0,00
12.11.2014;3,81;3,81;3,80;3,80;814,00
13.11.2014;3,79;3,79;3,79;3,79;50,00
14.11.2014;3,79;3,79;3,79;3,79;60,00
17.11.2014;3,79;3,79;3,79;3,79;0,00
18.11.2014;3,88;4,01;3,67;3,68;96808,00
19.11.2014;3,71;3,71;3,64;3,69;8896,00
20.11.2014;3,69;3,82;3,69;3,74;42062,00
21.11.2014;3,77;3,80;3,68;3,69;19522,00
24.11.2014;3,75;3,75;3,67;3,70;14350,00
25.11.2014;3,70;3,70;3,60;3,60;9296,00
26.11.2014;3,67;3,67;3,62;3,62;3762,00
27.11.2014;3,66;3,66;3,65;3,66;8050,00
28.11.2014;3,64;3,65;3,63;3,63;5262,00
01.12.2014;3,63;3,64;3,60;3,60;5039,00
02.12.2014;3,63;3,63;3,57;3,57;149149,00
03.12.2014;3,68;3,68;3,63;3,63;20000,00
04.12.2014;3,63;3,65;3,63;3,65;10236,00
05.12.2014;3,67;3,67;3,60;3,60;2711,00
08.12.2014;3,65;3,65;3,60;3,60;4499,00
09.12.2014;3,55;3,55;3,54;3,54;1400,00
10.12.2014;3,55;3,55;3,55;3,55;1825,00
11.12.2014;3,63;3,63;3,55;3,55;3676,00
12.12.2014;3,50;3,50;3,47;3,47;6390,00
15.12.2014;3,64;3,64;3,59;3,59;7500,00
16.12.2014;3,51;3,51;3,43;3,45;4059,00
17.12.2014;3,44;3,46;3,44;3,46;600,00
18.12.2014;3,50;3,54;3,49;3,54;2726,00
19.12.2014;3,55;3,55;3,50;3,50;11562,00
22.12.2014;3,52;3,52;3,50;3,50;4975,00
23.12.2014;3,55;3,55;3,55;3,55;4223,00
29.12.2014;3,62;3,62;3,60;3,60;7400,00
30.12.2014;3,54;3,64;3,42;3,50;32765,00
02.01.2015;3,62;3,62;3,55;3,55;6200,00
05.01.2015;3,55;3,55;3,55;3,55;2000,00
07.01.2015;3,55;3,55;3,55;3,55;1030,00
08.01.2015;3,55;3,55;3,55;3,55;16142,00
09.01.2015;3,53;3,55;3,53;3,55;800,00
12.01.2015;3,55;3,55;3,54;3,54;6550,00
13.01.2015;3,55;3,55;3,54;3,54;4045,00
14.01.2015;3,54;3,54;3,54;3,54;1156,00
15.01.2015;3,52;3,53;3,49;3,50;5730,00
16.01.2015;3,51;3,51;3,49;3,49;9050,00
19.01.2015;3,56;3,56;3,51;3,51;3059,00
20.01.2015;3,60;3,60;3,48;3,48;15470,00
21.01.2015;3,55;3,55;3,49;3,49;13208,00
22.01.2015;3,51;3,51;3,50;3,50;7725,00
23.01.2015;3,55;3,55;3,48;3,50;12961,00
26.01.2015;3,60;3,60;3,48;3,48;62828,00
27.01.2015;3,53;3,82;3,50;3,69;30485,00
28.01.2015;3,69;3,81;3,69;3,81;8540,00
29.01.2015;3,81;3,81;3,68;3,72;5381,00
30.01.2015;3,75;3,85;3,75;3,81;9242,00
02.02.2015;3,85;3,88;3,79;3,79;14318,00
03.02.2015;3,75;3,86;3,75;3,84;4507,00
04.02.2015;3,85;3,90;3,85;3,88;7359,00
05.02.2015;3,94;3,95;3,90;3,95;13660,00
06.02.2015;3,90;3,96;3,90;3,96;6230,00
09.02.2015;3,98;3,98;3,90;3,90;6665,00
10.02.2015;3,90;3,98;3,90;3,90;7414,00
11.02.2015;3,90;3,90;3,85;3,90;1240,00
12.02.2015;3,94;3,94;3,87;3,93;1506,00
13.02.2015;3,95;3,96;3,91;3,95;3185,00
16.02.2015;3,96;4,00;3,96;3,97;8023,00
17.02.2015;3,90;3,96;3,87;3,95;5172,00
18.02.2015;4,00;4,09;4,00;4,00;9884,00
19.02.2015;4,01;4,16;4,01;4,14;10599,00
20.02.2015;4,20;4,40;4,19;4,25;54516,00
23.02.2015;4,33;4,53;4,32;4,38;54664,00
24.02.2015;4,36;4,40;4,32;4,39;19529,00
25.02.2015;4,45;4,45;4,33;4,39;7403,00
26.02.2015;4,39;4,39;4,33;4,37;9912,00
27.02.2015;4,36;4,37;4,35;4,35;2588,00
02.03.2015;4,35;4,37;4,27;4,32;4393,00
03.03.2015;4,31;4,32;4,25;4,25;4372,00
04.03.2015;4,21;4,28;4,20;4,20;5385,00
05.03.2015;4,27;4,31;4,23;4,30;4996,00
06.03.2015;4,41;4,41;4,35;4,35;6290,00
09.03.2015;4,40;4,41;4,37;4,39;11475,00
10.03.2015;4,39;4,43;4,36;4,36;3050,00
11.03.2015;4,41;4,43;4,38;4,43;2732,00
12.03.2015;4,43;4,43;4,38;4,42;2622,00
13.03.2015;4,46;4,49;4,40;4,44;8550,00
16.03.2015;4,48;4,50;4,48;4,50;3339,00
17.03.2015;4,55;4,59;4,55;4,58;2477,00
18.03.2015;4,58;4,67;4,50;4,50;11183,00
19.03.2015;4,60;4,62;4,56;4,56;3235,00
20.03.2015;4,60;4,63;4,57;4,57;2887,00
23.03.2015;4,60;4,69;4,58;4,58;11829,00
24.03.2015;4,58;4,66;4,58;4,60;10472,00
25.03.2015;4,70;4,70;4,59;4,59;14408,00
26.03.2015;4,62;4,62;4,44;4,57;19140,00
27.03.2015;4,55;4,64;4,55;4,58;6969,00
30.03.2015;4,58;4,58;4,47;4,47;18249,00
31.03.2015;4,53;4,53;4,42;4,42;6447,00
01.04.2015;4,42;4,45;4,39;4,42;5236,00
02.04.2015;4,44;4,48;4,44;4,44;534,00
07.04.2015;4,50;4,50;4,41;4,41;12887,00
08.04.2015;4,46;4,50;4,44;4,45;11590,00
09.04.2015;4,42;4,55;4,42;4,55;9120,00
10.04.2015;4,65;4,65;4,54;4,54;13461,00
13.04.2015;4,60;4,63;4,56;4,59;18974,00
14.04.2015;4,63;4,65;4,60;4,63;12291,00
15.04.2015;4,68;4,68;4,61;4,61;18676,00
16.04.2015;4,63;4,72;4,63;4,66;16996,00
17.04.2015;4,72;4,74;4,67;4,71;12201,00
20.04.2015;4,73;4,80;4,67;4,67;18792,00
21.04.2015;4,67;4,80;4,67;4,80;21222,00
22.04.2015;4,85;4,85;4,70;4,70;17992,00
23.04.2015;4,48;4,48;4,38;4,43;10531,00
24.04.2015;4,44;4,44;4,31;4,31;7808,00
27.04.2015;4,32;4,34;4,29;4,29;4693,00
28.04.2015;4,32;4,48;4,27;4,27;7493,00
29.04.2015;4,29;4,31;4,26;4,26;6537,00
30.04.2015;4,26;4,27;4,11;4,11;5278,00
04.05.2015;4,20;4,30;4,20;4,26;6110,00
05.05.2015;4,26;4,26;4,26;4,26;0,00
06.05.2015;4,27;4,37;4,24;4,25;4674,00
07.05.2015;4,27;4,27;4,19;4,22;4485,00
08.05.2015;4,30;4,39;4,28;4,32;23234,00
11.05.2015;4,44;4,50;4,41;4,48;155201,00
12.05.2015;4,48;4,51;4,46;4,50;5998,00
13.05.2015;4,48;4,57;4,46;4,50;34185,00
15.05.2015;4,50;4,50;4,42;4,46;6169,00
18.05.2015;4,46;4,48;4,43;4,48;6589,00
19.05.2015;4,48;4,50;4,43;4,50;195201,00
20.05.2015;4,50;4,50;4,45;4,50;6315,00
21.05.2015;4,50;4,50;4,47;4,49;900,00
22.05.2015;4,50;4,50;4,46;4,47;6832,00
25.05.2015;4,50;4,50;4,46;4,46;5170,00
26.05.2015;4,47;4,47;4,41;4,41;7187,00
27.05.2015;4,42;4,50;4,42;4,49;8825,00
28.05.2015;4,43;4,48;4,42;4,48;6224,00
29.05.2015;4,43;4,46;4,43;4,46;3746,00
01.06.2015;4,48;4,48;4,40;4,40;3975,00
02.06.2015;4,40;4,45;4,40;4,45;1780,00
03.06.2015;4,45;4,47;4,42;4,42;3650,00
04.06.2015;4,42;4,46;4,40;4,46;1760,00
05.06.2015;4,44;4,44;4,41;4,42;2378,00
08.06.2015;4,42;4,48;4,38;4,38;7620,00
09.06.2015;4,38;4,42;4,33;4,35;3362,00
10.06.2015;4,38;4,41;4,36;4,41;3180,00
11.06.2015;4,48;4,48;4,43;4,43;1220,00
12.06.2015;4,47;4,47;4,44;4,45;2730,00
15.06.2015;4,45;4,45;4,40;4,40;3970,00
16.06.2015;4,48;4,48;4,39;4,40;4511,00
17.06.2015;4,37;4,37;4,37;4,37;100,00
18.06.2015;4,47;4,47;4,43;4,45;1820,00
22.06.2015;4,43;4,47;4,40;4,46;3225,00
23.06.2015;4,45;4,45;4,40;4,45;5630,00
24.06.2015;4,45;4,45;4,38;4,38;2050,00
25.06.2015;4,48;4,48;4,38;4,39;2259,00
26.06.2015;4,39;4,42;4,33;4,36;70063,00
29.06.2015;4,35;4,36;4,29;4,29;37624,00
30.06.2015;4,29;4,37;4,29;4,37;500,00
01.07.2015;4,37;4,37;4,37;4,37;973,00
02.07.2015;4,48;4,50;4,42;4,42;5490,00
03.07.2015;4,42;4,42;4,42;4,42;0,00
06.07.2015;4,49;4,49;4,38;4,38;4702,00
07.07.2015;4,39;4,48;4,35;4,35;7668,00
08.07.2015;4,37;4,48;4,37;4,40;6430,00
09.07.2015;4,42;4,48;4,42;4,48;352,00
10.07.2015;4,49;4,50;4,46;4,50;6191,00
13.07.2015;4,50;4,50;4,48;4,48;2215,00
14.07.2015;4,48;4,50;4,46;4,46;2912,00
15.07.2015;4,46;4,46;4,46;4,46;500,00
16.07.2015;4,50;4,50;4,47;4,47;4060,00
17.07.2015;4,47;4,47;4,47;4,47;0,00
20.07.2015;4,47;4,47;4,47;4,47;2100,00
21.07.2015;4,45;4,45;4,45;4,45;100,00
22.07.2015;4,45;4,50;4,45;4,48;4994,00
23.07.2015;4,48;4,50;4,48;4,48;6285,00
24.07.2015;4,48;4,50;4,45;4,45;1660,00
27.07.2015;4,45;4,46;4,44;4,44;1360,00
28.07.2015;4,43;4,43;4,43;4,43;680,00
29.07.2015;4,46;4,46;4,46;4,46;100,00
30.07.2015;4,43;4,47;4,43;4,43;836,00
31.07.2015;4,46;4,47;4,45;4,45;1210,00
03.08.2015;4,45;4,46;4,42;4,46;1825,00
04.08.2015;4,40;4,50;4,40;4,43;21882,00
05.08.2015;4,44;4,50;4,43;4,50;2293,00
06.08.2015;4,50;4,50;4,50;4,50;8390,00
07.08.2015;4,50;4,50;4,37;4,38;8038,00
10.08.2015;4,38;4,40;4,36;4,36;2910,00
11.08.2015;4,38;4,38;4,38;4,38;1321,00
12.08.2015;4,38;4,38;4,32;4,32;1500,00
13.08.2015;4,40;4,40;4,40;4,40;863,00
14.08.2015;4,33;4,33;4,30;4,30;1620,00
17.08.2015;4,30;4,30;4,26;4,26;2735,00
18.08.2015;4,27;4,28;4,26;4,26;2520,00
19.08.2015;4,26;4,26;4,26;4,26;0,00
20.08.2015;4,26;4,26;4,26;4,26;2300,00
21.08.2015;4,26;4,26;4,24;4,25;2996,00
24.08.2015;4,20;4,20;4,00;4,00;6533,00
25.08.2015;3,75;4,28;3,75;4,02;41514,00
26.08.2015;4,02;4,15;4,02;4,15;876,00
27.08.2015;4,16;4,16;4,15;4,15;850,00
28.08.2015;4,16;4,24;4,16;4,24;1420,00
31.08.2015;4,24;4,24;4,15;4,15;1401,00
01.09.2015;4,02;4,16;4,01;4,16;1100,00
02.09.2015;4,16;4,24;4,16;4,24;1012,00
03.09.2015;4,24;4,25;4,15;4,25;4155,00
04.09.2015;4,20;4,20;4,06;4,06;512,00
07.09.2015;4,15;4,15;4,12;4,12;140,00
08.09.2015;4,15;4,15;4,15;4,15;170,00
09.09.2015;4,20;4,20;4,20;4,20;120,00
10.09.2015;4,16;4,20;4,16;4,20;1200,00
11.09.2015;4,15;4,15;4,15;4,15;261,00
14.09.2015;4,22;4,22;4,16;4,16;2446,00
15.09.2015;4,09;4,25;4,09;4,20;2099,00
16.09.2015;4,23;4,24;4,23;4,24;800,00
17.09.2015;4,24;4,24;4,24;4,24;230,00
18.09.2015;4,18;4,18;4,18;4,18;80,00
21.09.2015;4,20;4,25;4,20;4,25;104,00
22.09.2015;4,25;4,27;4,20;4,20;3396,00
23.09.2015;4,06;4,06;4,00;4,03;5580,00
24.09.2015;4,03;4,06;3,95;3,96;1504,00
25.09.2015;3,99;3,99;3,98;3,98;900,00
28.09.2015;3,97;3,97;3,76;3,83;1928080,00
29.09.2015;3,83;3,83;3,79;3,79;1460,00
30.09.2015;3,80;3,86;3,80;3,86;1897,00
01.10.2015;3,95;3,95;3,90;3,90;2300,00
02.10.2015;3,92;3,97;3,92;3,92;2815,00
05.10.2015;4,06;4,06;4,02;4,02;1788,00
06.10.2015;4,02;4,06;3,86;3,87;10243,00
07.10.2015;3,94;4,29;3,94;3,96;3852,00
08.10.2015;3,96;3,96;3,96;3,96;0,00
09.10.2015;4,00;4,05;3,98;4,05;1380,00
12.10.2015;3,99;4,07;3,99;3,99;4987,00
13.10.2015;4,01;4,01;4,01;4,01;410,00
14.10.2015;4,00;4,01;4,00;4,01;600,00
15.10.2015;4,01;4,02;4,01;4,01;1666,00
16.10.2015;4,01;4,01;4,01;4,01;1600,00
19.10.2015;4,01;4,01;4,01;4,01;100,00
20.10.2015;4,00;4,01;4,00;4,00;700,00
21.10.2015;4,00;4,00;4,00;4,00;0,00
22.10.2015;4,02;4,02;4,02;4,02;100,00
23.10.2015;4,02;4,02;4,01;4,01;1000,00
26.10.2015;4,01;4,08;4,00;4,00;5602,00
27.10.2015;4,00;4,08;4,00;4,08;6520,00
28.10.2015;4,05;4,05;3,98;3,98;2305,00
29.10.2015;3,99;3,99;3,99;3,99;150,00
30.10.2015;3,98;4,00;3,93;4,00;1982,00
02.11.2015;4,02;4,03;4,00;4,03;2058,00
03.11.2015;4,03;4,09;4,03;4,03;2004,00
04.11.2015;4,00;4,08;4,00;4,08;2730,00
05.11.2015;4,09;4,23;4,05;4,15;3304,00
06.11.2015;4,20;4,45;4,20;4,40;25396,00
09.11.2015;4,46;4,56;4,46;4,53;43157,00
10.11.2015;4,53;4,54;4,47;4,47;52114,00
11.11.2015;4,54;4,58;4,54;4,58;4290,00
12.11.2015;4,54;4,57;4,45;4,45;7889,00
13.11.2015;4,46;4,47;4,45;4,45;5838,00
16.11.2015;4,40;4,58;4,37;4,55;9936,00
17.11.2015;4,55;4,55;4,52;4,52;5159,00
18.11.2015;4,52;4,52;4,50;4,50;1710,00
19.11.2015;4,56;4,56;4,50;4,50;1525,00
20.11.2015;4,50;4,54;4,50;4,54;2135,00
23.11.2015;4,54;4,60;4,54;4,59;14721,00
24.11.2015;4,53;4,57;4,42;4,47;9951,00
25.11.2015;4,48;4,52;4,47;4,47;2859,00
26.11.2015;4,60;4,80;4,60;4,77;50310,00
27.11.2015;4,79;4,79;4,69;4,70;11136,00
30.11.2015;4,93;4,93;4,80;4,80;20869,00
01.12.2015;4,82;4,85;4,78;4,82;35254,00
02.12.2015;4,82;4,99;4,82;4,99;19839,00
03.12.2015;4,99;4,99;4,86;4,94;12251,00
04.12.2015;4,96;4,96;4,86;4,92;2914,00
07.12.2015;4,95;5,05;4,95;5,01;16303,00
08.12.2015;5,01;5,12;5,00;5,00;11260,00
09.12.2015;5,04;5,04;4,99;4,99;5234,00
10.12.2015;4,99;5,02;4,91;4,96;3346,00
11.12.2015;5,04;5,04;4,97;5,00;4451,00
14.12.2015;5,01;5,01;4,91;5,00;4001,00
15.12.2015;5,01;5,04;4,99;4,99;10816,00
16.12.2015;5,00;5,11;5,00;5,09;2906,00
17.12.2015;5,11;5,15;5,04;5,04;6311,00
18.12.2015;5,17;5,17;5,05;5,05;3516,00
21.12.2015;5,18;5,18;4,97;5,09;3229,00
22.12.2015;5,11;5,11;5,01;5,08;2358,00
23.12.2015;5,08;5,09;5,01;5,08;2336,00
28.12.2015;5,00;5,08;5,00;5,00;2160,00
29.12.2015;4,98;5,05;4,95;4,99;3157,00
30.12.2015;5,06;5,06;5,01;5,01;4644,00
04.01.2016;5,10;5,10;4,95;4,95;5562,00
05.01.2016;5,10;5,10;4,99;4,99;1482,00
07.01.2016;4,95;5,00;4,93;4,93;7355,00
08.01.2016;4,93;4,98;4,87;4,90;3159,00
11.01.2016;4,88;4,90;4,87;4,87;3105,00
12.01.2016;4,85;4,89;4,80;4,82;6346,00
13.01.2016;4,82;4,86;4,82;4,83;3725,00
14.01.2016;4,83;4,88;4,52;4,58;16776,00
15.01.2016;4,72;4,74;4,50;4,50;9587,00
18.01.2016;4,69;4,69;4,52;4,52;5541,00
19.01.2016;4,58;4,68;4,58;4,68;3011,00
20.01.2016;4,61;4,61;4,45;4,45;7023,00
21.01.2016;4,32;4,44;4,32;4,44;3170,00
22.01.2016;4,61;4,61;4,55;4,60;2115,00
25.01.2016;4,69;4,69;4,69;4,69;400,00
26.01.2016;4,60;4,63;4,60;4,63;1715,00
27.01.2016;4,65;4,67;4,65;4,67;917,00
28.01.2016;4,67;4,67;4,65;4,67;595,00
29.01.2016;4,65;4,70;4,65;4,65;1022,00
01.02.2016;4,65;4,65;4,65;4,65;263,00
02.02.2016;4,65;4,68;4,65;4,68;287,00
03.02.2016;4,65;4,68;4,55;4,55;3207,00
04.02.2016;4,52;4,52;4,52;4,52;210,00
05.02.2016;4,52;4,52;4,50;4,50;4854,00
08.02.2016;4,57;4,57;4,38;4,38;2437,00
09.02.2016;4,38;4,55;4,38;4,40;1614,00
10.02.2016;4,39;4,53;4,39;4,46;5801,00
11.02.2016;4,53;4,53;4,28;4,35;4306,00
12.02.2016;4,34;4,34;4,30;4,34;2417,00
15.02.2016;4,35;4,49;4,34;4,40;25032,00
16.02.2016;4,49;4,49;4,48;4,49;1376,00
17.02.2016;4,45;4,55;4,45;4,55;10441,00
18.02.2016;4,51;4,65;4,51;4,58;1534,00
19.02.2016;4,60;4,60;4,59;4,59;2452,00
22.02.2016;4,59;4,99;4,59;4,90;17332,00
23.02.2016;4,96;5,00;4,75;4,77;8731,00
24.02.2016;4,83;5,05;4,83;4,90;17511,00
25.02.2016;4,80;4,93;4,80;4,83;9739,00
26.02.2016;4,95;4,98;4,95;4,98;4599,00
29.02.2016;5,10;5,11;5,00;5,10;3885,00
01.03.2016;5,10;5,10;5,01;5,08;1274,00
02.03.2016;5,11;5,11;4,91;5,08;6953,00
03.03.2016;5,08;5,08;5,08;5,08;1600,00
04.03.2016;5,07;5,07;4,96;5,07;985,00
07.03.2016;5,08;5,11;5,02;5,10;4273,00
08.03.2016;5,11;5,11;4,95;5,05;5198,00
09.03.2016;5,05;5,08;5,00;5,08;8764,00
10.03.2016;5,08;5,08;4,95;5,02;2932,00
11.03.2016;5,01;5,05;5,00;5,01;2295,00
14.03.2016;5,01;5,01;4,98;4,98;1896,00
15.03.2016;5,02;5,02;5,02;5,02;202,00
16.03.2016;5,08;5,08;5,00;5,04;5719,00
17.03.2016;5,00;5,09;4,98;4,98;5202,00
18.03.2016;5,00;5,00;4,97;4,98;3031,00
21.03.2016;5,03;5,08;5,03;5,08;5434,00
22.03.2016;5,10;5,10;5,09;5,09;310,00
23.03.2016;5,09;5,09;5,04;5,04;1576,00
24.03.2016;5,00;5,03;5,00;5,03;2053,00
29.03.2016;5,10;5,10;4,97;4,97;4662,00
30.03.2016;5,07;5,07;5,00;5,07;2479,00
31.03.2016;5,07;5,07;5,04;5,05;6207,00
01.04.2016;5,05;5,05;5,00;5,00;2221,00
04.04.2016;4,70;5,04;4,70;4,98;4335,00
05.04.2016;4,98;5,06;4,98;5,06;2514,00
06.04.2016;5,06;5,09;5,05;5,09;3261,00
07.04.2016;5,07;5,07;4,95;4,95;750,00
08.04.2016;5,04;5,04;5,00;5,00;3682,00
11.04.2016;5,01;5,02;4,96;5,00;9122,00
12.04.2016;4,95;5,02;4,93;5,02;3522,00
13.04.2016;5,06;5,06;5,00;5,00;17169,00
14.04.2016;5,00;5,11;5,00;5,09;11485,00
15.04.2016;5,10;5,24;5,10;5,19;8994,00
18.04.2016;5,19;5,21;5,10;5,10;4545,00
19.04.2016;5,17;5,19;5,13;5,19;1492,00
20.04.2016;5,22;5,30;5,16;5,17;11563,00
21.04.2016;5,20;5,50;5,18;5,19;13515,00
22.04.2016;5,35;5,35;5,21;5,21;10631,00
25.04.2016;5,35;5,43;5,35;5,36;12184,00
26.04.2016;5,41;5,49;5,37;5,38;18171,00
27.04.2016;5,48;5,48;5,40;5,42;8731,00
28.04.2016;5,30;5,30;5,06;5,25;3478,00
29.04.2016;5,35;5,35;5,35;5,35;2261,00
02.05.2016;5,35;5,40;5,35;5,35;3649,00
03.05.2016;5,37;5,38;5,35;5,38;2513,00
04.05.2016;5,36;5,38;5,35;5,35;2651,00
06.05.2016;5,36;5,47;5,36;5,47;4128,00
09.05.2016;5,47;5,70;5,47;5,57;6194,00
10.05.2016;5,10;5,24;4,91;5,15;53885,00
11.05.2016;5,24;5,31;5,24;5,29;5630,00
12.05.2016;5,30;5,31;5,29;5,29;5331,00
13.05.2016;5,29;5,30;5,29;5,30;414,00
16.05.2016;5,30;5,30;5,30;5,30;245,00
17.05.2016;5,30;5,30;5,05;5,05;572,00
18.05.2016;5,25;5,25;5,10;5,15;168,00
19.05.2016;5,00;5,00;4,95;4,95;1117,00
20.05.2016;4,90;5,34;4,90;5,34;4699,00
23.05.2016;5,34;5,34;5,05;5,05;1619,00
24.05.2016;5,06;5,06;5,06;5,06;248,00
25.05.2016;5,02;5,05;4,92;5,03;2690,00
26.05.2016;4,96;4,97;4,96;4,97;705,00
27.05.2016;4,95;5,00;4,95;4,98;3510,00
30.05.2016;4,97;4,98;4,93;4,93;5754,00
31.05.2016;4,93;4,95;4,91;4,91;2126,00
01.06.2016;4,76;4,91;4,76;4,81;3156,00
02.06.2016;4,83;4,83;4,78;4,79;7064,00
03.06.2016;4,79;4,79;4,79;4,79;500,00
06.06.2016;4,79;4,79;4,73;4,73;4136,00
07.06.2016;4,79;4,79;4,75;4,78;3461,00
08.06.2016;4,75;4,76;4,62;4,63;14129,00
09.06.2016;4,64;4,80;4,60;4,80;13740,00
10.06.2016;4,80;4,80;4,64;4,71;1906,00
13.06.2016;4,60;4,80;4,55;4,80;4490,00
14.06.2016;4,90;5,02;4,89;4,90;14932,00
15.06.2016;4,91;5,00;4,91;4,92;4474,00
16.06.2016;4,90;4,90;4,90;4,90;4895,00
17.06.2016;4,98;4,98;4,94;4,98;15582,00
20.06.2016;4,98;5,02;4,95;4,98;1304,00
21.06.2016;5,01;5,01;5,00;5,00;700,00
22.06.2016;5,00;5,00;4,96;4,96;1100,00
23.06.2016;4,95;4,95;4,80;4,82;2211,00
27.06.2016;4,76;4,83;4,70;4,82;8055,00
28.06.2016;4,92;5,00;4,92;5,00;2358,00
29.06.2016;5,00;5,03;4,95;5,02;5575,00
30.06.2016;5,03;5,06;4,96;4,99;1757,00
01.07.2016;4,96;5,07;4,95;5,07;3125,00
04.07.2016;5,07;5,29;5,07;5,20;1392,00
05.07.2016;5,11;5,11;5,02;5,02;1560,00
06.07.2016;5,34;5,34;5,09;5,20;2212,00
07.07.2016;5,20;5,20;5,10;5,10;2854,00
08.07.2016;5,30;5,30;5,17;5,17;4082,00
11.07.2016;5,17;5,17;5,11;5,16;1064,00
12.07.2016;5,03;5,18;5,03;5,10;2279,00
13.07.2016;5,12;5,15;5,12;5,12;2187,00
14.07.2016;5,12;5,13;5,12;5,13;1391,00
15.07.2016;5,14;5,14;5,10;5,13;4284,00
18.07.2016;5,10;5,15;5,10;5,14;2755,00
19.07.2016;5,15;5,15;5,01;5,02;3988,00
20.07.2016;5,08;5,08;5,01;5,01;3565,00
21.07.2016;4,97;5,06;4,97;5,03;3382,00
22.07.2016;4,98;5,06;4,98;5,06;2975,00
25.07.2016;5,10;5,12;5,02;5,02;2202,00
26.07.2016;5,10;5,12;5,10;5,10;1324,00
27.07.2016;5,02;5,07;5,02;5,03;2558,00
28.07.2016;5,10;5,11;5,09;5,11;1531,00
29.07.2016;5,11;5,14;5,11;5,14;638,00
01.08.2016;5,14;5,14;5,11;5,13;4022,00
02.08.2016;5,11;5,14;5,10;5,14;1450,00
03.08.2016;5,13;5,13;5,07;5,07;3507,00
04.08.2016;5,15;5,15;5,12;5,12;2125,00
05.08.2016;5,15;5,16;5,12;5,16;3027,00
08.08.2016;5,16;5,40;5,16;5,40;15020,00
09.08.2016;5,50;5,55;5,23;5,40;6029984,00
10.08.2016;5,40;5,47;5,19;5,33;11258,00
11.08.2016;5,39;5,39;5,29;5,30;1853,00
12.08.2016;5,31;5,35;5,31;5,35;396,00
15.08.2016;5,37;5,39;5,33;5,33;1642,00
16.08.2016;5,26;5,29;5,26;5,28;816,00
17.08.2016;5,29;5,29;5,27;5,27;510,00
18.08.2016;5,22;5,29;5,22;5,25;4514,00
19.08.2016;5,25;5,35;5,20;5,35;1220,00
22.08.2016;5,33;5,33;5,22;5,32;1645,00
23.08.2016;5,32;5,32;5,30;5,30;490,00
24.08.2016;5,30;5,30;5,22;5,22;4082,00
25.08.2016;5,22;5,27;5,21;5,27;5108,00
26.08.2016;5,22;5,23;5,21;5,23;1201,00
29.08.2016;5,27;5,35;5,27;5,35;6499,00
30.08.2016;5,24;5,34;5,24;5,30;2383,00
31.08.2016;5,26;5,34;5,26;5,34;6283,00
01.09.2016;5,30;5,32;5,30;5,30;1510,00
02.09.2016;5,30;5,31;5,28;5,28;7501,00
05.09.2016;5,28;5,37;5,28;5,35;1649,00
06.09.2016;5,34;5,35;5,31;5,31;2306,00
07.09.2016;5,31;5,39;5,31;5,32;3018,00
08.09.2016;5,32;5,36;5,32;5,32;2532,00
09.09.2016;5,34;5,38;5,33;5,38;1339,00
12.09.2016;5,21;5,29;5,19;5,29;7725,00
13.09.2016;5,29;5,38;5,29;5,29;5332,00
14.09.2016;5,31;5,33;5,29;5,32;1790,00
15.09.2016;5,33;5,35;5,33;5,33;2352,00
16.09.2016;5,30;5,30;5,29;5,30;1056,00
19.09.2016;5,43;5,44;5,42;5,42;270,00
20.09.2016;5,40;5,44;5,39;5,39;1703,00
21.09.2016;5,50;5,50;5,37;5,37;1107,00
22.09.2016;5,39;5,43;5,39;5,41;3793,00
23.09.2016;5,45;5,49;5,43;5,45;2628,00
26.09.2016;5,49;5,49;5,38;5,38;9959,00
27.09.2016;5,39;5,49;5,38;5,49;1480,00
28.09.2016;5,49;5,49;5,38;5,41;218935,00
29.09.2016;5,42;5,42;5,38;5,41;646,00
30.09.2016;5,39;5,49;5,30;5,49;34474,00
03.10.2016;5,50;5,71;5,50;5,62;13840,00
04.10.2016;5,69;5,80;5,59;5,73;54650,00
05.10.2016;5,88;6,09;5,73;5,90;23875,00
06.10.2016;5,88;6,17;5,88;5,98;9596,00
07.10.2016;6,00;6,28;5,95;6,17;18886,00
10.10.2016;6,17;6,50;6,17;6,32;25539,00
11.10.2016;6,31;6,31;6,14;6,14;8383,00
12.10.2016;6,15;6,15;5,96;6,00;1991,00
13.10.2016;5,90;5,99;5,84;5,86;4286,00
14.10.2016;5,89;6,06;5,89;6,06;4130,00
17.10.2016;6,15;6,15;6,06;6,08;645,00
18.10.2016;6,10;6,40;6,10;6,15;5977,00
19.10.2016;6,20;6,20;6,09;6,09;2206,00
20.10.2016;6,15;6,15;6,10;6,10;219,00
21.10.2016;6,10;6,13;6,06;6,08;3564,00
24.10.2016;6,10;6,16;6,01;6,01;3515,00
25.10.2016;5,95;6,01;5,91;5,94;718,00
26.10.2016;5,98;6,30;5,84;6,20;5606,00
27.10.2016;6,19;6,19;6,09;6,09;760,00
28.10.2016;5,98;6,00;5,95;5,99;882,00
31.10.2016;6,00;6,14;6,00;6,00;1332,00
01.11.2016;6,00;6,09;5,96;6,04;3103,00
02.11.2016;6,12;6,12;5,80;5,87;1231,00
03.11.2016;6,04;6,14;6,04;6,14;8219,00
04.11.2016;6,13;6,13;5,95;5,99;1865,00
07.11.2016;6,17;6,17;5,99;6,01;7395,00
08.11.2016;5,99;5,99;5,90;5,94;6411,00
09.11.2016;5,51;6,07;5,51;6,06;7111,00
10.11.2016;6,06;6,08;5,97;5,97;2425,00
11.11.2016;6,12;6,17;5,94;6,02;2681,00
14.11.2016;6,01;6,01;5,95;5,96;930,00
15.11.2016;5,95;5,96;5,90;5,90;3096,00
16.11.2016;6,00;6,19;6,00;6,18;1462,00
17.11.2016;6,15;6,15;6,15;6,15;244,00
18.11.2016;6,19;6,19;6,10;6,10;156,00
21.11.2016;6,20;6,38;6,20;6,28;7938,00
22.11.2016;6,28;6,30;6,23;6,23;4716,00
