date;open;high;low;close;volume
12.06.2007;8,20;8,61;8,11;8,20;8706646,00
13.06.2007;8,20;8,31;8,16;8,28;649730,00
14.06.2007;8,42;8,69;8,36;8,65;735071,00
15.06.2007;8,82;8,94;8,65;8,68;809082,00
18.06.2007;8,79;8,84;8,61;8,61;768433,00
19.06.2007;8,69;8,78;8,68;8,68;909387,00
20.06.2007;8,73;8,78;8,69;8,69;495308,00
21.06.2007;8,66;8,69;8,49;8,69;229410,00
25.06.2007;8,69;8,69;8,50;8,56;161632,00
26.06.2007;8,61;8,61;8,40;8,45;150060,00
27.06.2007;8,42;8,45;8,28;8,31;303772,00
28.06.2007;8,37;8,51;8,36;8,46;231520,00
29.06.2007;8,47;8,53;8,36;8,36;152195,00
02.07.2007;8,40;8,49;8,28;8,45;142295,00
03.07.2007;8,46;8,53;8,32;8,35;153862,00
04.07.2007;8,38;8,45;8,29;8,29;122292,00
05.07.2007;8,29;8,45;8,29;8,45;149422,00
06.07.2007;8,43;8,44;8,34;8,36;63952,00
09.07.2007;8,45;8,45;8,32;8,33;78748,00
10.07.2007;8,35;8,39;8,31;8,32;165597,00
11.07.2007;8,32;8,33;8,27;8,30;139794,00
12.07.2007;8,28;8,28;8,25;8,25;367112,00
13.07.2007;8,27;8,28;8,24;8,24;404072,00
16.07.2007;8,26;8,28;8,10;8,12;154542,00
17.07.2007;8,11;8,20;8,07;8,07;187559,00
18.07.2007;8,11;8,11;7,92;8,04;378286,00
19.07.2007;8,05;8,07;7,97;8,06;176902,00
20.07.2007;8,07;8,11;7,98;7,99;52098,00
23.07.2007;7,99;8,11;7,94;8,03;44607,00
24.07.2007;8,03;8,05;7,93;7,93;102742,00
25.07.2007;7,95;7,95;7,75;7,75;37623,00
26.07.2007;7,74;7,82;7,62;7,70;48237,00
27.07.2007;7,66;7,87;7,59;7,70;447518,00
30.07.2007;7,63;7,74;7,55;7,55;255151,00
31.07.2007;7,66;7,78;7,64;7,64;132564,00
01.08.2007;7,74;7,74;7,48;7,55;162565,00
02.08.2007;7,54;7,62;7,54;7,62;56983,00
03.08.2007;7,66;7,66;7,52;7,52;40352,00
06.08.2007;7,52;7,64;7,33;7,49;35792,00
07.08.2007;7,45;7,47;7,37;7,40;446609,00
08.08.2007;7,41;7,41;6,96;7,05;495481,00
09.08.2007;7,07;7,07;6,77;6,77;404041,00
10.08.2007;6,69;6,69;5,80;6,28;760177,00
13.08.2007;6,41;6,71;6,38;6,71;302637,00
14.08.2007;6,71;6,71;6,35;6,43;475641,00
15.08.2007;6,41;6,43;6,05;6,17;127457,00
16.08.2007;6,17;6,28;6,06;6,27;152605,00
17.08.2007;6,28;6,67;6,28;6,50;487333,00
20.08.2007;6,66;6,66;6,53;6,58;285036,00
21.08.2007;6,59;6,61;6,34;6,38;176150,00
22.08.2007;6,38;6,49;6,38;6,42;371942,00
23.08.2007;6,53;6,62;6,53;6,62;192617,00
24.08.2007;6,58;6,65;6,56;6,65;90759,00
27.08.2007;6,67;6,77;6,62;6,74;42488,00
28.08.2007;6,70;6,70;6,60;6,60;11933,00
29.08.2007;6,58;6,62;6,46;6,61;25032,00
30.08.2007;6,65;6,68;6,62;6,65;82272,00
31.08.2007;6,71;6,79;6,65;6,72;167884,00
03.09.2007;6,85;6,91;6,71;6,81;469133,00
04.09.2007;6,79;6,83;6,78;6,83;310856,00
05.09.2007;6,91;7,05;6,79;6,96;104215,00
06.09.2007;6,84;6,96;6,84;6,91;114520,00
07.09.2007;6,95;7,01;6,79;6,80;121184,00
10.09.2007;6,76;6,81;6,63;6,81;22392,00
11.09.2007;6,91;6,91;6,71;6,72;41772,00
12.09.2007;6,83;6,83;6,63;6,63;110009,00
13.09.2007;6,65;6,79;6,62;6,79;55152,00
14.09.2007;6,71;6,75;6,62;6,72;57212,00
17.09.2007;6,79;6,79;6,57;6,57;143770,00
18.09.2007;6,57;6,71;6,56;6,71;19518,00
19.09.2007;6,88;6,90;6,68;6,75;48023,00
20.09.2007;6,77;6,80;6,68;6,71;8132,00
21.09.2007;6,75;6,75;6,68;6,71;12367,00
24.09.2007;6,77;6,79;6,70;6,70;12210,00
25.09.2007;6,79;6,79;6,58;6,59;12492,00
26.09.2007;6,62;6,71;6,58;6,71;26797,00
27.09.2007;6,71;6,74;6,59;6,71;8822,00
28.09.2007;6,71;6,76;6,62;6,71;15168,00
01.10.2007;6,65;6,71;6,59;6,71;71772,00
02.10.2007;6,63;6,79;6,62;6,79;56732,00
03.10.2007;6,79;6,82;6,75;6,75;70785,00
04.10.2007;6,75;6,75;6,62;6,63;31442,00
05.10.2007;6,64;6,71;6,62;6,63;9825,00
08.10.2007;6,65;6,75;6,62;6,62;22622,00
09.10.2007;6,62;6,71;6,60;6,61;16088,00
10.10.2007;6,68;6,68;6,59;6,61;25553,00
11.10.2007;6,62;6,66;6,61;6,62;52635,00
12.10.2007;6,62;6,68;6,60;6,62;84319,00
15.10.2007;6,62;6,62;6,58;6,59;350726,00
16.10.2007;6,62;6,62;6,37;6,38;39553,00
17.10.2007;6,46;6,46;6,23;6,27;32298,00
18.10.2007;6,32;6,37;6,17;6,29;25085,00
19.10.2007;6,21;6,50;6,16;6,50;50852,00
22.10.2007;6,42;6,42;6,19;6,21;110939,00
23.10.2007;6,25;6,29;6,15;6,29;47130,00
24.10.2007;6,34;6,34;6,21;6,34;25407,00
25.10.2007;6,38;6,43;6,26;6,37;25012,00
26.10.2007;6,43;6,50;6,24;6,34;86852,00
29.10.2007;6,34;6,46;6,22;6,22;37893,00
30.10.2007;6,23;6,40;6,14;6,16;165749,00
31.10.2007;6,21;6,24;6,13;6,21;33137,00
01.11.2007;6,29;6,29;6,17;6,19;71518,00
02.11.2007;6,21;6,22;6,14;6,14;84390,00
05.11.2007;6,15;6,17;6,05;6,09;53852,00
06.11.2007;6,10;6,12;6,00;6,09;70453,00
07.11.2007;6,09;6,09;6,05;6,09;14218,00
08.11.2007;6,05;6,09;6,04;6,04;22610,00
09.11.2007;6,01;6,12;5,99;6,02;33930,00
12.11.2007;6,05;6,05;5,80;5,95;132684,00
13.11.2007;6,00;6,04;5,51;5,64;306159,00
14.11.2007;5,76;5,76;5,37;5,47;397672,00
15.11.2007;5,43;5,47;5,10;5,22;155729,00
16.11.2007;5,22;5,22;5,06;5,13;106274,00
19.11.2007;5,13;5,13;4,81;4,81;224850,00
20.11.2007;4,82;4,97;4,80;4,84;365109,00
21.11.2007;4,88;4,88;4,64;4,65;227720,00
22.11.2007;4,72;4,76;4,47;4,64;265796,00
23.11.2007;4,55;4,80;4,55;4,80;310601,00
26.11.2007;4,80;4,89;4,55;4,58;338841,00
27.11.2007;4,64;4,84;4,55;4,60;89180,00
28.11.2007;4,60;4,65;4,48;4,64;130434,00
29.11.2007;4,72;4,76;4,50;4,63;98797,00
30.11.2007;4,59;4,68;4,51;4,64;588628,00
03.12.2007;4,64;4,71;4,55;4,65;166992,00
04.12.2007;4,64;4,70;4,55;4,56;95577,00
05.12.2007;4,60;4,64;4,51;4,53;394907,00
07.12.2007;4,55;4,55;4,51;4,53;28618,00
10.12.2007;4,54;4,55;4,47;4,52;367549,00
11.12.2007;4,55;4,68;4,55;4,68;2607345,00
12.12.2007;4,62;4,64;4,55;4,60;612176,00
13.12.2007;4,60;4,64;4,50;4,64;149470,00
14.12.2007;4,63;4,63;4,53;4,55;80627,00
17.12.2007;4,55;4,55;4,38;4,38;105592,00
18.12.2007;4,36;4,41;4,31;4,39;245770,00
19.12.2007;4,39;4,41;4,19;4,22;685103,00
20.12.2007;4,22;4,22;4,16;4,18;173457,00
21.12.2007;4,21;4,26;4,11;4,16;243132,00
27.12.2007;4,17;4,18;3,95;4,04;343174,00
28.12.2007;4,02;4,16;3,91;4,16;447233,00
02.01.2008;4,16;4,29;3,97;4,18;83113,00
03.01.2008;4,27;4,39;4,14;4,26;21943,00
04.01.2008;4,28;4,31;4,18;4,23;43158,00
07.01.2008;4,23;4,23;4,10;4,22;46137,00
08.01.2008;4,18;4,33;4,18;4,30;471221,00
09.01.2008;4,22;4,22;4,08;4,12;132119,00
10.01.2008;4,12;4,26;4,10;4,26;327616,00
11.01.2008;4,22;4,22;4,08;4,22;58005,00
14.01.2008;4,18;4,22;4,08;4,22;24988,00
15.01.2008;4,21;4,21;4,06;4,14;28322,00
16.01.2008;4,07;4,14;4,06;4,14;22390,00
17.01.2008;4,22;4,22;4,10;4,18;68935,00
18.01.2008;4,22;4,44;3,87;4,26;1296743,00
21.01.2008;4,12;4,26;3,89;4,26;133187,00
22.01.2008;4,00;4,24;3,97;4,13;37762,00
23.01.2008;4,14;4,26;3,97;4,16;49547,00
24.01.2008;4,16;4,60;4,09;4,55;319924,00
25.01.2008;4,55;4,89;4,47;4,84;353459,00
28.01.2008;4,55;4,80;4,31;4,56;76008,00
29.01.2008;4,60;4,88;4,53;4,88;520904,00
30.01.2008;4,75;5,20;4,64;5,20;172504,00
31.01.2008;5,18;5,26;4,92;5,00;118689,00
01.02.2008;5,02;5,22;4,93;5,18;207069,00
04.02.2008;5,26;5,47;4,89;5,42;405737,00
05.02.2008;5,35;5,35;4,98;5,04;184125,00
06.02.2008;4,90;5,17;4,89;5,13;349147,00
07.02.2008;4,99;4,99;4,84;4,97;148712,00
08.02.2008;5,12;5,12;4,80;4,93;52550,00
11.02.2008;4,89;4,97;4,85;4,91;72900,00
12.02.2008;4,76;4,91;4,47;4,89;504849,00
13.02.2008;4,84;4,84;4,47;4,55;72052,00
14.02.2008;4,62;4,72;4,53;4,62;61052,00
15.02.2008;4,60;4,68;4,48;4,48;125434,00
18.02.2008;4,55;4,59;4,47;4,48;59288,00
19.02.2008;4,60;4,60;4,47;4,47;49203,00
20.02.2008;4,47;4,55;4,47;4,47;9767,00
21.02.2008;4,51;4,55;4,36;4,48;15865,00
22.02.2008;4,54;4,54;4,50;4,50;9295,00
25.02.2008;4,50;4,71;4,36;4,64;274504,00
26.02.2008;4,65;4,87;4,51;4,80;149744,00
27.02.2008;4,80;4,93;4,65;4,88;433228,00
28.02.2008;4,73;4,84;4,72;4,74;111745,00
29.02.2008;4,68;4,76;4,60;4,72;169440,00
03.03.2008;4,68;4,68;4,43;4,43;51763,00
04.03.2008;4,47;4,47;4,41;4,41;55140,00
05.03.2008;4,43;4,63;4,40;4,50;54790,00
06.03.2008;4,55;4,55;4,50;4,52;37000,00
07.03.2008;4,53;4,53;4,47;4,47;27053,00
10.03.2008;4,47;4,58;4,39;4,40;47210,00
11.03.2008;4,40;4,47;4,35;4,37;33768,00
12.03.2008;4,47;4,64;4,30;4,43;86559,00
13.03.2008;4,51;4,55;4,31;4,53;35263,00
14.03.2008;4,54;4,55;4,39;4,55;35573,00
17.03.2008;4,39;4,55;4,39;4,55;9478,00
18.03.2008;4,54;4,55;4,41;4,54;7230,00
19.03.2008;4,47;4,55;4,39;4,47;5750,00
20.03.2008;4,47;4,55;4,47;4,55;6842,00
25.03.2008;4,62;4,71;4,49;4,55;28347,00
26.03.2008;4,55;4,66;4,55;4,55;13493,00
27.03.2008;4,55;4,55;4,54;4,54;7515,00
28.03.2008;4,52;4,55;4,47;4,55;21443,00
31.03.2008;4,70;4,70;4,36;4,60;26932,00
01.04.2008;4,64;4,80;4,55;4,80;72432,00
02.04.2008;4,64;4,84;4,64;4,84;29360,00
03.04.2008;4,72;4,77;4,64;4,76;79178,00
04.04.2008;4,72;4,72;4,51;4,62;84722,00
07.04.2008;4,74;4,74;4,64;4,68;14865,00
08.04.2008;4,58;4,73;4,57;4,67;25238,00
09.04.2008;4,68;4,76;4,64;4,76;13730,00
10.04.2008;4,60;4,76;4,52;4,76;16650,00
11.04.2008;4,84;4,84;4,55;4,80;86139,00
14.04.2008;4,72;4,84;4,55;4,84;27705,00
15.04.2008;4,57;4,76;4,56;4,76;17167,00
16.04.2008;4,80;4,80;4,54;4,58;1704892,00
17.04.2008;4,56;4,56;4,50;4,50;5812,00
18.04.2008;4,50;4,55;4,47;4,51;33022,00
21.04.2008;4,51;4,59;4,45;4,45;325,00
22.04.2008;4,47;4,62;4,39;4,55;94407,00
23.04.2008;4,62;4,64;4,46;4,64;11738,00
24.04.2008;4,50;4,71;4,50;4,64;18787,00
25.04.2008;4,72;4,80;4,65;4,70;41132,00
28.04.2008;4,79;4,90;4,72;4,80;24768,00
29.04.2008;4,73;4,84;4,73;4,77;11467,00
30.04.2008;4,80;4,95;4,74;4,80;449986,00
02.05.2008;4,89;4,89;4,80;4,80;8123,00
05.05.2008;4,76;4,84;4,72;4,81;11537,00
06.05.2008;4,72;4,80;4,71;4,72;66880,00
07.05.2008;4,72;4,76;4,71;4,71;35788,00
08.05.2008;4,72;4,84;4,72;4,80;9208,00
09.05.2008;4,76;4,79;4,70;4,77;11887,00
12.05.2008;4,80;4,80;4,60;4,64;47288,00
13.05.2008;4,89;4,91;4,77;4,78;594301,00
14.05.2008;4,88;5,05;4,72;4,80;57892,00
15.05.2008;4,80;4,84;4,73;4,84;38602,00
16.05.2008;4,89;5,05;4,84;5,05;194660,00
19.05.2008;5,18;5,18;4,93;4,94;570916,00
20.05.2008;5,00;5,12;4,84;4,87;51603,00
21.05.2008;4,87;4,87;4,79;4,79;34243,00
22.05.2008;4,79;4,79;4,70;4,70;11223,00
23.05.2008;4,67;4,80;4,64;4,80;56600,00
26.05.2008;4,79;4,79;4,68;4,79;6175,00
27.05.2008;4,73;4,73;4,73;4,73;2001671,00
28.05.2008;4,77;4,77;4,67;4,71;9777,00
29.05.2008;4,71;4,71;4,64;4,70;5388,00
30.05.2008;4,70;4,72;4,61;4,71;16375,00
02.06.2008;4,72;4,72;4,68;4,72;3482,00
03.06.2008;4,72;4,72;4,64;4,72;10133,00
04.06.2008;4,64;4,70;4,60;4,69;23753,00
05.06.2008;4,61;4,68;4,61;4,68;2505,00
06.06.2008;4,60;4,64;4,60;4,63;2562,00
09.06.2008;4,60;4,60;4,55;4,55;9223,00
10.06.2008;4,55;4,55;4,44;4,44;24185,00
11.06.2008;4,47;4,60;4,40;4,52;159615,00
12.06.2008;4,43;4,55;4,43;4,55;56692,00
13.06.2008;4,45;4,55;4,45;4,55;3757,00
16.06.2008;4,55;4,55;4,51;4,51;268,00
17.06.2008;4,49;4,55;4,41;4,55;10572,00
18.06.2008;4,50;4,55;4,50;4,55;500,00
19.06.2008;4,55;4,55;4,43;4,55;13847,00
23.06.2008;4,40;4,51;4,31;4,43;3730,00
24.06.2008;4,47;4,47;4,22;4,26;7327,00
25.06.2008;4,31;4,36;4,22;4,35;12998,00
26.06.2008;4,39;4,39;4,27;4,27;862,00
27.06.2008;4,27;4,31;4,15;4,28;24873,00
30.06.2008;4,26;4,37;4,24;4,37;8503,00
01.07.2008;4,24;4,36;4,22;4,36;4352,00
02.07.2008;4,36;4,36;4,23;4,24;2408,00
03.07.2008;4,15;4,15;3,99;4,14;11770,00
04.07.2008;4,23;4,24;4,04;4,07;18327,00
07.07.2008;4,16;4,24;4,14;4,14;7325,00
08.07.2008;4,12;4,14;4,09;4,14;9892,00
09.07.2008;4,22;4,22;4,06;4,08;27488,00
10.07.2008;4,08;4,22;4,06;4,08;127667,00
11.07.2008;4,10;4,14;3,97;4,00;15992,00
14.07.2008;3,95;4,06;3,93;3,97;40453,00
15.07.2008;3,97;3,97;3,85;3,89;42350,00
16.07.2008;4,06;4,10;3,85;4,10;26355,00
17.07.2008;4,13;4,27;3,93;4,15;271839,00
18.07.2008;4,10;4,27;4,10;4,26;10240,00
21.07.2008;4,22;4,50;4,11;4,35;24785,00
22.07.2008;4,33;4,35;4,22;4,35;13592,00
23.07.2008;4,31;4,35;4,31;4,35;16072,00
24.07.2008;4,27;4,31;4,22;4,30;5713,00
25.07.2008;4,25;4,25;4,04;4,13;30013,00
28.07.2008;4,22;4,22;4,08;4,10;10395,00
29.07.2008;4,12;4,18;4,06;4,14;11315,00
30.07.2008;4,12;4,24;4,10;4,14;119500,00
31.07.2008;4,30;4,30;4,06;4,10;35792,00
01.08.2008;4,02;4,12;3,85;4,10;8655,00
04.08.2008;4,22;4,22;4,06;4,10;1100,00
05.08.2008;4,22;4,22;4,02;4,22;14362,00
06.08.2008;4,09;4,17;4,06;4,14;37350,00
07.08.2008;4,13;4,14;4,10;4,13;3933,00
08.08.2008;4,18;4,18;4,14;4,14;1833,00
11.08.2008;4,14;4,14;4,14;4,14;1947,00
12.08.2008;4,16;4,16;4,07;4,13;8373,00
13.08.2008;4,13;4,13;4,07;4,07;6308,00
14.08.2008;4,07;4,10;4,03;4,10;4422,00
15.08.2008;4,10;4,10;4,10;4,10;5795,00
18.08.2008;4,13;4,13;4,13;4,13;833,00
19.08.2008;4,20;4,21;4,03;4,10;518641,00
20.08.2008;4,14;4,14;4,02;4,02;19260,00
21.08.2008;3,95;4,06;3,95;3,97;11550,00
22.08.2008;4,00;4,07;3,97;3,97;2640,00
25.08.2008;4,06;4,06;4,03;4,06;5735,00
26.08.2008;4,06;4,06;3,97;3,97;893,00
27.08.2008;3,97;3,98;3,87;3,97;6003,00
28.08.2008;3,93;3,97;3,93;3,97;537,00
29.08.2008;4,00;4,13;3,99;4,06;45408,00
01.09.2008;4,06;4,06;4,05;4,05;113,00
02.09.2008;3,97;4,22;3,97;4,02;301686,00
03.09.2008;3,99;4,10;3,99;4,09;9583,00
04.09.2008;4,06;4,09;4,00;4,09;10000,00
05.09.2008;4,06;4,08;3,89;4,08;37837,00
08.09.2008;3,97;4,22;3,89;4,14;218892,00
09.09.2008;3,97;4,21;3,97;4,06;105314,00
10.09.2008;4,14;4,14;4,02;4,02;8987,00
11.09.2008;4,06;4,09;4,02;4,09;10042,00
12.09.2008;4,06;4,09;3,99;4,06;3155,00
15.09.2008;4,01;4,06;3,89;4,01;7353,00
16.09.2008;3,97;3,98;3,83;3,89;42312,00
17.09.2008;3,89;3,89;3,61;3,81;178109,00
18.09.2008;3,81;3,81;3,60;3,64;40057,00
19.09.2008;3,66;3,84;3,56;3,84;182599,00
22.09.2008;3,89;3,89;3,89;3,89;333,00
23.09.2008;3,72;3,73;3,54;3,67;56583,00
24.09.2008;3,62;3,76;3,62;3,72;42523,00
25.09.2008;3,60;3,68;3,48;3,68;74875,00
26.09.2008;3,64;3,64;3,23;3,50;1483765,00
29.09.2008;3,49;3,60;3,30;3,50;419121,00
30.09.2008;3,33;3,48;3,33;3,47;77492,00
01.10.2008;3,40;3,40;3,34;3,39;31155,00
02.10.2008;3,39;3,39;3,31;3,38;11083,00
03.10.2008;3,38;3,38;3,28;3,37;55400,00
06.10.2008;3,31;3,31;3,19;3,30;49783,00
07.10.2008;3,23;3,26;3,15;3,26;21310,00
08.10.2008;3,23;3,39;2,82;3,27;166217,00
09.10.2008;3,02;3,23;3,02;3,13;61707,00
10.10.2008;3,02;3,12;2,81;3,12;61642,00
13.10.2008;3,11;3,48;3,11;3,47;67135,00
14.10.2008;3,47;3,85;3,30;3,81;64132,00
15.10.2008;3,73;3,73;3,39;3,70;25570,00
16.10.2008;3,35;3,73;3,35;3,63;20450,00
17.10.2008;3,64;3,64;3,44;3,48;27633,00
20.10.2008;3,59;3,59;3,44;3,48;24793,00
21.10.2008;3,48;3,54;3,32;3,32;17657,00
22.10.2008;3,37;3,37;3,06;3,06;37168,00
23.10.2008;3,15;3,15;3,05;3,12;3440,00
24.10.2008;3,06;3,20;2,91;2,98;59863,00
27.10.2008;3,02;3,02;2,65;2,94;31567,00
28.10.2008;2,90;3,11;2,88;3,11;28760,00
29.10.2008;3,20;3,27;3,11;3,27;11293,00
30.10.2008;3,27;3,31;3,23;3,29;44402,00
31.10.2008;3,29;3,29;3,06;3,28;12690,00
03.11.2008;3,28;3,28;3,23;3,26;12533,00
04.11.2008;3,26;3,31;3,23;3,31;13722,00
05.11.2008;3,35;3,35;3,19;3,19;9400,00
06.11.2008;3,14;3,15;3,06;3,15;5283,00
07.11.2008;3,05;3,15;3,05;3,15;5383,00
10.11.2008;3,15;3,26;3,15;3,26;2767,00
11.11.2008;3,11;3,15;3,07;3,11;26697,00
12.11.2008;3,22;3,24;3,11;3,11;10813,00
13.11.2008;3,21;3,21;3,09;3,10;3475,00
14.11.2008;3,15;3,20;3,06;3,06;11975,00
17.11.2008;3,07;3,07;2,86;2,86;13725,00
18.11.2008;2,86;2,86;2,86;2,86;133,00
19.11.2008;2,87;2,87;2,87;2,87;1600,00
20.11.2008;2,89;2,90;2,82;2,86;44320,00
21.11.2008;2,86;2,86;2,65;2,65;4392,00
24.11.2008;3,00;3,00;2,85;2,85;583,00
25.11.2008;2,77;2,86;2,49;2,86;20340,00
26.11.2008;2,86;2,91;2,82;2,90;61400,00
27.11.2008;2,90;2,97;2,82;2,97;52083,00
28.11.2008;2,97;2,97;2,90;2,90;13175,00
01.12.2008;2,93;2,93;2,90;2,90;333,00
02.12.2008;2,90;2,90;2,82;2,86;542,00
03.12.2008;2,86;2,86;2,82;2,83;1267,00
04.12.2008;2,82;2,82;2,74;2,82;99517,00
05.12.2008;2,81;2,81;2,61;2,80;113667,00
08.12.2008;2,80;2,80;2,80;2,80;2500,00
09.12.2008;2,80;2,80;2,73;2,73;15850,00
10.12.2008;2,77;2,82;2,65;2,66;8417,00
11.12.2008;2,61;2,67;2,58;2,65;7150,00
12.12.2008;2,57;2,57;2,51;2,56;40150,00
15.12.2008;2,51;2,56;2,34;2,53;40333,00
16.12.2008;2,40;2,65;2,37;2,64;72583,00
17.12.2008;2,65;2,77;2,57;2,57;67245,00
18.12.2008;2,57;2,65;2,51;2,51;35900,00
19.12.2008;2,57;2,57;2,48;2,49;24160,00
22.12.2008;2,53;2,57;2,48;2,57;97212,00
23.12.2008;2,53;2,66;2,53;2,66;39300,00
29.12.2008;2,58;2,77;2,58;2,73;38668,00
30.12.2008;2,77;2,90;2,65;2,87;111724,00
02.01.2009;2,91;2,98;2,73;2,98;227785,00
05.01.2009;3,06;3,15;3,06;3,06;17000,00
07.01.2009;2,90;3,19;2,90;3,16;35150,00
08.01.2009;3,11;3,11;3,11;3,11;383,00
09.01.2009;3,15;3,39;3,15;3,19;20882,00
12.01.2009;3,56;3,56;2,99;3,31;56608,00
13.01.2009;3,31;3,31;2,99;3,23;31598,00
14.01.2009;3,23;3,23;3,07;3,23;4307,00
15.01.2009;3,15;3,15;3,15;3,15;167,00
16.01.2009;3,27;3,30;3,15;3,30;1112,00
19.01.2009;3,30;3,30;3,28;3,28;283,00
20.01.2009;3,28;3,28;3,28;3,28;0,00
21.01.2009;3,26;3,26;3,08;3,22;3608,00
22.01.2009;3,22;3,38;3,19;3,35;33375,00
23.01.2009;3,35;3,35;3,11;3,35;26972,00
26.01.2009;3,35;3,46;3,14;3,31;71153,00
27.01.2009;3,23;3,30;3,16;3,30;11000,00
28.01.2009;3,31;3,45;3,31;3,44;28113,00
29.01.2009;3,44;3,44;3,44;3,44;0,00
30.01.2009;3,30;3,57;3,30;3,57;45078,00
02.02.2009;3,60;3,60;3,47;3,55;20335,00
03.02.2009;3,40;3,55;3,39;3,55;43853,00
04.02.2009;3,40;3,81;3,40;3,81;24415,00
05.02.2009;3,48;3,77;3,48;3,77;15850,00
06.02.2009;3,77;3,93;3,73;3,83;37938,00
09.02.2009;3,73;3,97;3,73;3,93;79825,00
10.02.2009;3,93;3,93;3,74;3,93;11117,00
11.02.2009;3,81;3,81;3,52;3,60;136877,00
12.02.2009;3,68;3,68;3,06;3,18;147182,00
13.02.2009;3,18;3,18;2,90;2,90;680178,00
16.02.2009;2,98;2,98;2,62;2,66;365557,00
17.02.2009;2,66;2,69;2,46;2,48;577624,00
18.02.2009;2,61;2,67;2,44;2,46;142494,00
19.02.2009;2,47;2,58;2,45;2,54;36503,00
20.02.2009;2,53;2,53;2,47;2,48;18797,00
23.02.2009;2,55;2,55;2,48;2,48;5000,00
24.02.2009;2,51;2,52;2,40;2,51;16875,00
25.02.2009;2,50;2,52;2,45;2,51;18917,00
26.02.2009;2,52;2,52;2,46;2,50;22100,00
27.02.2009;2,47;2,51;2,47;2,50;37180,00
02.03.2009;2,50;2,50;2,44;2,48;21138,00
03.03.2009;2,44;2,48;2,44;2,44;15133,00
04.03.2009;2,48;2,55;2,40;2,55;26450,00
05.03.2009;2,54;2,54;2,44;2,44;7917,00
06.03.2009;2,56;2,56;2,42;2,43;1367,00
09.03.2009;2,43;2,43;2,29;2,40;31142,00
10.03.2009;2,32;2,51;2,32;2,51;21210,00
11.03.2009;2,52;2,52;2,44;2,45;15967,00
12.03.2009;2,48;2,48;2,36;2,48;8658,00
13.03.2009;2,48;2,52;2,40;2,48;1762,00
16.03.2009;2,36;2,54;2,36;2,53;28975,00
17.03.2009;2,44;2,46;2,44;2,44;9500,00
18.03.2009;2,46;2,53;2,43;2,48;12000,00
19.03.2009;2,56;2,57;2,44;2,48;36333,00
20.03.2009;2,48;2,48;2,42;2,48;14933,00
23.03.2009;2,52;2,52;2,44;2,46;13417,00
24.03.2009;2,48;2,48;2,46;2,46;24833,00
25.03.2009;2,48;2,48;2,48;2,48;11667,00
26.03.2009;2,48;2,58;2,48;2,57;12683,00
27.03.2009;2,48;2,57;2,48;2,57;20750,00
30.03.2009;2,48;2,55;2,48;2,54;8400,00
31.03.2009;2,53;2,57;2,36;2,48;18472,00
01.04.2009;2,48;2,48;2,48;2,48;1750,00
02.04.2009;2,55;2,55;2,48;2,53;11583,00
03.04.2009;2,54;2,59;2,53;2,57;19390,00
06.04.2009;2,61;2,65;2,61;2,61;12417,00
07.04.2009;2,65;2,75;2,61;2,63;16142,00
08.04.2009;2,64;2,64;2,64;2,64;333,00
09.04.2009;2,64;2,64;2,57;2,59;10267,00
14.04.2009;2,64;2,64;2,57;2,62;7567,00
15.04.2009;2,61;2,61;2,39;2,39;2185546,00
16.04.2009;2,39;2,43;2,35;2,36;112649,00
17.04.2009;2,39;2,40;2,28;2,36;111614,00
20.04.2009;2,38;2,39;2,28;2,36;71833,00
21.04.2009;2,36;2,36;2,32;2,36;13833,00
22.04.2009;2,36;2,36;2,35;2,36;26583,00
23.04.2009;2,36;2,37;2,30;2,34;46650,00
24.04.2009;2,38;2,44;2,35;2,44;536716,00
27.04.2009;2,45;2,52;2,44;2,51;512396,00
28.04.2009;2,55;2,55;2,44;2,48;33062,00
29.04.2009;2,48;2,48;2,48;2,48;52655,00
30.04.2009;2,53;2,56;2,50;2,55;109802,00
04.05.2009;2,57;2,73;2,57;2,72;124247,00
05.05.2009;2,75;2,77;2,67;2,69;97284,00
06.05.2009;2,70;2,83;2,70;2,83;66492,00
07.05.2009;2,83;3,01;2,83;2,89;90742,00
08.05.2009;2,94;3,01;2,94;2,98;22767,00
11.05.2009;3,01;3,07;2,82;2,89;27595,00
12.05.2009;2,82;2,86;2,67;2,73;35375,00
13.05.2009;2,77;2,86;2,70;2,70;45655,00
14.05.2009;2,70;2,81;2,62;2,73;80737,00
15.05.2009;2,84;3,05;2,84;3,05;58578,00
18.05.2009;3,02;3,19;3,01;3,06;60853,00
19.05.2009;3,13;3,19;3,11;3,19;39322,00
20.05.2009;3,19;3,31;3,19;3,30;61540,00
22.05.2009;3,22;3,27;3,22;3,26;18000,00
25.05.2009;3,26;3,35;3,20;3,31;70668,00
26.05.2009;3,31;3,38;3,20;3,31;36543,00
27.05.2009;3,33;3,33;3,29;3,30;14250,00
28.05.2009;3,31;3,31;3,24;3,31;49758,00
29.05.2009;3,31;3,39;3,28;3,39;158630,00
01.06.2009;3,41;3,44;3,41;3,44;25388,00
02.06.2009;3,46;3,47;3,43;3,44;29793,00
03.06.2009;3,45;3,46;3,31;3,39;35018,00
04.06.2009;3,41;3,55;3,41;3,43;663688,00
05.06.2009;3,48;3,52;3,39;3,39;18437,00
08.06.2009;3,40;3,40;3,38;3,39;8728,00
09.06.2009;3,39;3,40;3,35;3,35;12917,00
10.06.2009;3,39;3,44;3,33;3,43;39372,00
11.06.2009;3,43;3,48;3,39;3,48;14097,00
12.06.2009;3,52;3,68;3,46;3,64;66565,00
15.06.2009;3,52;3,63;3,48;3,56;70025,00
16.06.2009;3,49;3,64;3,49;3,64;19478,00
17.06.2009;3,55;3,55;3,48;3,52;15143,00
18.06.2009;3,51;3,59;3,51;3,55;152807,00
22.06.2009;3,55;3,55;3,40;3,51;9858,00
23.06.2009;3,39;3,48;3,32;3,39;99154,00
24.06.2009;3,39;3,43;3,35;3,43;35248,00
25.06.2009;3,39;3,41;3,35;3,41;45485,00
26.06.2009;3,41;3,60;3,41;3,58;148914,00
29.06.2009;3,60;3,60;3,44;3,44;20015,00
30.06.2009;3,52;3,56;3,46;3,46;8765,00
01.07.2009;3,52;3,59;3,52;3,56;12637,00
02.07.2009;3,52;3,52;3,52;3,52;1600,00
03.07.2009;3,49;3,49;3,42;3,42;947,00
06.07.2009;3,54;3,54;3,42;3,42;15555,00
07.07.2009;3,52;3,52;3,36;3,39;27850,00
08.07.2009;3,45;3,45;3,36;3,38;11457,00
09.07.2009;3,33;3,33;3,26;3,31;32193,00
10.07.2009;3,31;3,31;3,31;3,31;17783,00
13.07.2009;3,31;3,31;3,27;3,31;9038,00
14.07.2009;3,31;3,31;3,31;3,31;3833,00
15.07.2009;3,35;3,35;3,27;3,31;25333,00
16.07.2009;3,31;3,31;3,29;3,31;1592,00
17.07.2009;3,31;3,31;3,27;3,31;2500,00
20.07.2009;3,30;3,30;3,30;3,30;3167,00
21.07.2009;3,31;3,31;3,23;3,23;101407,00
22.07.2009;3,23;3,23;3,11;3,15;57087,00
23.07.2009;3,13;3,35;3,11;3,31;287282,00
24.07.2009;3,42;3,44;3,39;3,40;27168,00
27.07.2009;3,46;3,59;3,44;3,56;99247,00
28.07.2009;3,59;3,59;3,52;3,56;113687,00
29.07.2009;3,56;3,63;3,56;3,63;78717,00
30.07.2009;3,56;3,85;3,56;3,85;68967,00
31.07.2009;3,85;4,02;3,85;3,93;79083,00
03.08.2009;3,93;4,10;3,93;4,07;22155,00
04.08.2009;4,06;4,10;3,97;4,10;25745,00
05.08.2009;4,13;4,38;4,13;4,22;39022,00
06.08.2009;4,25;4,30;4,19;4,26;28810,00
07.08.2009;4,17;4,18;4,06;4,18;18325,00
10.08.2009;4,14;4,18;4,07;4,15;56297,00
11.08.2009;4,16;4,18;4,07;4,07;18075,00
12.08.2009;4,07;4,07;3,75;3,91;176529,00
13.08.2009;3,93;4,16;3,92;4,07;87094,00
14.08.2009;4,25;4,26;4,06;4,14;50972,00
17.08.2009;4,19;4,19;3,86;3,97;21073,00
18.08.2009;4,09;4,09;4,03;4,07;6425,00
19.08.2009;4,09;4,09;3,97;4,03;6830,00
20.08.2009;4,03;4,17;4,03;4,17;7367,00
21.08.2009;4,14;4,18;4,11;4,18;6237,00
24.08.2009;4,18;4,22;4,18;4,19;13102,00
25.08.2009;4,22;4,22;4,07;4,07;10550,00
26.08.2009;4,14;4,16;4,11;4,13;369661,00
27.08.2009;4,13;4,13;4,04;4,09;41617,00
28.08.2009;4,10;4,12;4,02;4,12;33985,00
31.08.2009;4,11;4,11;4,03;4,10;37982,00
01.09.2009;4,10;4,10;3,97;4,10;5500,00
02.09.2009;3,97;4,07;3,94;3,94;13583,00
03.09.2009;4,09;4,10;4,06;4,06;4410,00
04.09.2009;4,10;4,14;4,06;4,12;8272,00
07.09.2009;4,09;4,14;4,03;4,12;34985,00
08.09.2009;4,14;4,18;4,06;4,14;88539,00
09.09.2009;4,14;4,18;4,14;4,14;21243,00
10.09.2009;4,18;4,31;4,17;4,30;37703,00
11.09.2009;4,29;4,55;4,29;4,49;28560,00
14.09.2009;4,55;4,55;4,43;4,47;9450,00
15.09.2009;4,39;4,55;4,39;4,55;49003,00
16.09.2009;4,54;4,65;4,51;4,65;41540,00
17.09.2009;4,77;4,92;4,77;4,80;34982,00
18.09.2009;4,82;4,84;4,64;4,76;45375,00
21.09.2009;4,76;4,76;4,59;4,76;9950,00
22.09.2009;4,76;4,76;4,65;4,73;21220,00
23.09.2009;4,68;4,80;4,68;4,79;20910,00
24.09.2009;4,70;4,72;4,64;4,68;19937,00
25.09.2009;4,68;4,69;4,60;4,69;13023,00
28.09.2009;4,56;4,68;4,52;4,68;49107,00
29.09.2009;4,68;4,68;4,57;4,57;6950,00
30.09.2009;4,64;4,75;4,57;4,67;15803,00
01.10.2009;4,64;4,69;4,58;4,58;8515,00
02.10.2009;4,55;4,55;4,45;4,46;7070,00
05.10.2009;4,39;4,65;4,39;4,65;8700,00
06.10.2009;4,64;4,65;4,55;4,64;11833,00
07.10.2009;4,64;4,65;4,47;4,65;12902,00
08.10.2009;4,64;4,65;4,49;4,65;13870,00
09.10.2009;4,65;4,68;4,65;4,65;8333,00
12.10.2009;4,64;4,75;4,64;4,74;10218,00
13.10.2009;4,72;4,72;4,66;4,66;1163,00
14.10.2009;4,66;4,72;4,66;4,72;167,00
15.10.2009;4,69;4,72;4,59;4,72;14447,00
16.10.2009;4,59;4,64;4,59;4,60;1775,00
19.10.2009;4,51;4,63;4,51;4,63;30090,00
20.10.2009;4,59;4,65;4,58;4,65;2333,00
21.10.2009;4,58;4,62;4,56;4,62;4650,00
22.10.2009;4,54;4,64;4,53;4,60;45257,00
23.10.2009;4,55;4,60;4,43;4,47;27247,00
26.10.2009;4,47;4,49;4,43;4,43;3002,00
27.10.2009;4,43;4,47;4,43;4,43;4352,00
28.10.2009;4,43;4,57;4,31;4,35;5852,00
29.10.2009;4,35;4,55;4,35;4,47;4433,00
30.10.2009;4,49;4,49;4,36;4,36;3587,00
02.11.2009;4,45;4,45;4,30;4,30;7195,00
03.11.2009;4,31;4,31;3,94;4,26;23987,00
04.11.2009;4,16;4,44;4,16;4,35;11617,00
05.11.2009;4,21;4,42;4,21;4,42;7457,00
06.11.2009;4,42;4,42;4,31;4,39;5423,00
09.11.2009;4,36;4,45;4,35;4,41;11100,00
10.11.2009;4,41;4,49;4,40;4,49;11778,00
11.11.2009;4,47;4,47;4,34;4,39;18925,00
12.11.2009;4,39;4,46;4,36;4,46;45843,00
13.11.2009;4,45;4,45;4,34;4,42;7197,00
16.11.2009;4,43;4,46;4,39;4,42;5258,00
17.11.2009;4,42;4,42;4,32;4,35;13730,00
18.11.2009;4,35;4,44;4,32;4,34;26205,00
19.11.2009;4,35;4,35;4,31;4,35;9167,00
20.11.2009;4,35;4,35;4,31;4,31;4875,00
23.11.2009;4,31;4,36;4,31;4,31;2590,00
24.11.2009;4,31;4,31;4,17;4,17;49295,00
25.11.2009;4,22;4,22;4,16;4,18;20447,00
26.11.2009;4,20;4,20;4,06;4,07;15437,00
27.11.2009;4,06;4,10;4,02;4,10;14315,00
30.11.2009;4,11;4,27;3,99;4,24;104822,00
01.12.2009;4,24;4,35;4,22;4,30;24910,00
02.12.2009;4,26;4,39;4,26;4,37;18742,00
03.12.2009;4,22;4,45;4,22;4,45;43582,00
04.12.2009;4,45;4,45;4,35;4,35;13020,00
07.12.2009;4,39;4,47;4,39;4,45;8485,00
08.12.2009;4,41;4,41;4,26;4,31;7633,00
09.12.2009;4,31;4,32;4,24;4,24;6757,00
10.12.2009;4,26;4,39;4,21;4,36;7048,00
11.12.2009;4,36;4,46;4,31;4,42;19478,00
14.12.2009;4,43;4,43;4,33;4,41;7395,00
15.12.2009;4,39;4,40;4,29;4,40;7803,00
16.12.2009;4,40;4,47;4,40;4,41;36713,00
17.12.2009;4,46;4,51;4,42;4,47;30780,00
18.12.2009;4,47;4,51;4,43;4,43;17228,00
21.12.2009;4,47;4,47;4,43;4,47;14483,00
22.12.2009;4,47;4,47;4,39;4,41;7492,00
23.12.2009;4,43;4,47;4,41;4,47;60388,00
28.12.2009;4,41;4,47;4,41;4,41;11513,00
29.12.2009;4,46;4,89;4,46;4,80;68690,00
30.12.2009;4,80;4,94;4,80;4,88;47528,00
04.01.2010;4,88;4,97;4,84;4,97;48887,00
05.01.2010;4,96;5,04;4,90;4,99;3255460,00
07.01.2010;4,97;4,99;4,91;4,91;23183,00
08.01.2010;4,89;4,93;4,87;4,89;27773,00
11.01.2010;4,93;4,93;4,84;4,91;10138,00
12.01.2010;4,92;4,92;4,74;4,88;8720,00
13.01.2010;4,88;4,88;4,84;4,88;4052,00
14.01.2010;4,92;4,93;4,91;4,93;23938,00
15.01.2010;4,93;4,93;4,89;4,93;9277,00
18.01.2010;4,91;4,93;4,89;4,93;22153,00
19.01.2010;4,93;4,93;4,91;4,93;111199,00
20.01.2010;4,93;4,93;4,87;4,87;34695,00
21.01.2010;4,93;4,93;4,78;4,92;10927,00
22.01.2010;4,90;4,93;4,84;4,93;17640,00
25.01.2010;4,89;4,90;4,76;4,76;15953,00
26.01.2010;4,80;4,88;4,73;4,77;37428,00
27.01.2010;4,80;4,91;4,77;4,88;20285,00
28.01.2010;4,89;4,95;4,83;4,87;16747,00
29.01.2010;4,93;4,93;4,80;4,80;20443,00
01.02.2010;4,89;4,89;4,80;4,84;7075,00
02.02.2010;4,80;4,87;4,78;4,84;24068,00
03.02.2010;4,84;4,89;4,72;4,89;19310,00
04.02.2010;4,88;4,89;4,55;4,72;40143,00
05.02.2010;4,76;4,89;4,76;4,89;34190,00
08.02.2010;4,80;4,89;4,80;4,89;18293,00
09.02.2010;4,84;4,84;4,76;4,76;4172,00
10.02.2010;4,80;4,89;4,80;4,89;8518,00
11.02.2010;4,89;4,89;4,72;4,72;34408,00
12.02.2010;4,80;4,84;4,72;4,84;69188,00
15.02.2010;4,84;4,84;4,76;4,76;4225,00
16.02.2010;4,77;4,77;4,76;4,76;1150,00
17.02.2010;4,77;4,80;4,77;4,77;2580,00
18.02.2010;4,77;4,78;4,77;4,78;517,00
19.02.2010;4,84;4,86;4,83;4,84;6333,00
22.02.2010;4,86;4,89;4,76;4,80;4100,00
23.02.2010;4,80;4,80;4,76;4,80;28947,00
24.02.2010;4,80;4,80;4,72;4,76;1680923,00
25.02.2010;4,72;4,80;4,72;4,75;3235,00
26.02.2010;4,74;4,74;4,71;4,72;6675,00
01.03.2010;4,72;4,72;4,66;4,72;5833,00
02.03.2010;4,72;4,72;4,68;4,72;12253,00
03.03.2010;4,70;4,84;4,70;4,84;31898,00
04.03.2010;4,80;4,88;4,74;4,76;31860,00
05.03.2010;4,76;4,85;4,76;4,76;25938,00
08.03.2010;4,83;4,83;4,74;4,75;8165,00
09.03.2010;4,80;4,80;4,75;4,75;7047,00
10.03.2010;4,84;4,87;4,80;4,84;10068,00
11.03.2010;4,87;4,95;4,87;4,93;73167,00
12.03.2010;4,93;5,00;4,93;4,99;21867,00
15.03.2010;5,00;5,00;4,89;4,97;13465,00
16.03.2010;5,00;5,00;4,87;4,94;3194450,00
17.03.2010;4,94;4,97;4,92;4,97;4500,00
18.03.2010;4,97;4,97;4,89;4,89;20475,00
19.03.2010;4,89;4,89;4,89;4,89;4983,00
22.03.2010;4,93;5,25;4,93;5,06;349211,00
23.03.2010;5,09;5,42;5,09;5,16;95544,00
24.03.2010;5,18;5,37;5,18;5,25;18885,00
25.03.2010;5,37;5,37;5,28;5,33;39895,00
26.03.2010;5,34;5,34;5,18;5,24;13668,00
29.03.2010;5,24;5,32;5,13;5,28;12173,00
30.03.2010;5,28;5,31;5,18;5,31;4613,00
31.03.2010;5,18;5,32;5,18;5,31;8283,00
01.04.2010;5,30;5,39;5,30;5,37;14738,00
06.04.2010;5,38;5,51;5,38;5,51;128957,00
07.04.2010;5,55;5,91;5,51;5,66;282776,00
08.04.2010;5,66;5,76;5,57;5,69;17647,00
09.04.2010;5,71;5,79;5,60;5,78;8343,00
12.04.2010;5,78;5,91;5,76;5,77;25392,00
13.04.2010;5,77;5,88;5,76;5,80;12555,00
14.04.2010;5,80;5,84;5,76;5,80;27078,00
15.04.2010;5,83;5,83;5,71;5,71;4662,00
16.04.2010;5,71;5,77;5,60;5,68;9057,00
19.04.2010;5,60;5,76;5,55;5,76;8062,00
20.04.2010;5,75;5,84;5,71;5,84;9532,00
21.04.2010;5,80;5,80;5,65;5,80;18880,00
22.04.2010;5,80;5,80;5,71;5,71;1985,00
23.04.2010;5,71;5,71;5,59;5,71;50093,00
26.04.2010;5,71;5,71;5,62;5,67;41982,00
27.04.2010;5,71;5,71;5,55;5,55;76790,00
28.04.2010;5,47;5,47;5,36;5,46;56420,00
29.04.2010;5,45;5,47;5,38;5,47;16392,00
30.04.2010;5,47;5,71;5,47;5,71;21765,00
03.05.2010;5,71;5,80;5,67;5,80;71200,00
04.05.2010;5,80;5,80;5,55;5,55;16523,00
05.05.2010;5,38;5,38;5,09;5,32;49937,00
06.05.2010;5,22;5,30;5,03;5,28;59065,00
07.05.2010;5,22;5,33;5,01;5,16;76010,00
10.05.2010;5,16;5,79;5,13;5,78;68817,00
11.05.2010;5,80;5,80;5,38;5,63;692795,00
12.05.2010;5,55;5,79;5,55;5,71;5267,00
14.05.2010;5,67;5,70;5,55;5,63;3190906,00
17.05.2010;5,55;5,55;5,22;5,22;783,00
18.05.2010;5,30;5,51;5,30;5,48;2125,00
19.05.2010;5,51;5,67;5,22;5,31;132055,00
20.05.2010;5,49;5,55;5,15;5,15;17723,00
21.05.2010;5,09;5,41;5,09;5,26;20038,00
24.05.2010;5,22;5,30;5,22;5,26;6770,00
25.05.2010;5,13;5,26;4,97;5,09;65715,00
26.05.2010;5,10;5,38;5,05;5,05;159412,00
27.05.2010;5,22;5,25;5,14;5,24;8003,00
28.05.2010;5,32;5,51;5,32;5,42;14765,00
31.05.2010;5,40;5,50;5,40;5,42;16088,00
01.06.2010;5,42;5,50;5,42;5,46;3515,00
02.06.2010;5,45;5,45;5,28;5,35;2738,00
03.06.2010;5,42;5,49;5,42;5,49;5417,00
04.06.2010;5,38;5,59;5,28;5,30;39780,00
07.06.2010;5,13;5,51;5,13;5,51;5078,00
08.06.2010;5,55;5,55;5,55;5,55;642,00
09.06.2010;5,51;5,51;5,45;5,47;1488,00
10.06.2010;5,42;5,47;5,42;5,47;1333,00
11.06.2010;5,31;5,47;5,30;5,47;4357,00
14.06.2010;5,28;5,38;5,28;5,38;6527,00
15.06.2010;5,39;5,44;5,30;5,38;15037,00
16.06.2010;5,42;5,42;5,34;5,39;7182,00
17.06.2010;5,39;5,53;5,32;5,53;36093,00
18.06.2010;5,53;5,53;5,31;5,33;6968,00
21.06.2010;5,50;5,51;5,38;5,47;17522,00
22.06.2010;5,47;5,48;5,38;5,48;2990,00
23.06.2010;5,51;5,54;5,33;5,49;22073,00
24.06.2010;5,49;5,49;5,48;5,48;3720,00
28.06.2010;5,48;5,48;5,30;5,38;2255,00
29.06.2010;5,31;5,31;5,18;5,18;12890,00
30.06.2010;5,10;5,26;5,09;5,10;5672,00
01.07.2010;5,13;5,13;4,99;5,00;1562,00
02.07.2010;5,13;5,26;4,97;4,97;33618,00
05.07.2010;5,11;5,11;5,01;5,09;2162,00
06.07.2010;5,13;5,18;5,03;5,15;17730,00
07.07.2010;5,16;5,29;5,13;5,29;5732,00
08.07.2010;5,29;5,29;5,18;5,18;14028,00
09.07.2010;5,26;5,26;5,18;5,21;3283,00
12.07.2010;5,18;5,28;5,09;5,22;29098,00
13.07.2010;5,21;5,22;5,20;5,22;22685,00
14.07.2010;5,29;5,29;5,05;5,16;25497,00
15.07.2010;5,28;5,28;5,06;5,09;47272,00
16.07.2010;5,18;5,18;5,07;5,13;18092,00
19.07.2010;5,05;5,05;4,98;5,00;27950,00
20.07.2010;4,97;5,13;4,97;5,13;17667,00
21.07.2010;5,22;5,26;5,09;5,26;2882,00
22.07.2010;5,30;5,30;5,09;5,30;19148,00
23.07.2010;5,34;5,34;5,09;5,09;22772,00
26.07.2010;5,13;5,21;5,11;5,13;94010,00
27.07.2010;5,13;5,30;5,10;5,30;17797,00
28.07.2010;5,30;5,30;5,22;5,30;1428,00
29.07.2010;5,22;5,30;5,19;5,30;17708,00
30.07.2010;5,30;5,30;5,13;5,13;12242,00
02.08.2010;5,13;5,36;5,08;5,36;9842,00
03.08.2010;5,38;5,42;5,26;5,42;20798,00
04.08.2010;5,42;5,42;5,31;5,41;6293,00
05.08.2010;5,41;5,41;5,13;5,37;39492,00
06.08.2010;5,38;5,42;5,38;5,40;304189,00
09.08.2010;5,22;5,32;5,22;5,31;6420,00
10.08.2010;5,28;5,32;5,22;5,32;24658,00
11.08.2010;5,26;5,27;5,18;5,18;23460,00
12.08.2010;5,16;5,33;5,16;5,22;23217,00
13.08.2010;5,22;5,22;5,18;5,22;15543,00
16.08.2010;5,13;5,18;5,13;5,13;49228,00
17.08.2010;5,17;5,22;5,14;5,22;5988,00
18.08.2010;5,21;5,21;5,14;5,18;22917,00
19.08.2010;5,20;5,22;5,12;5,13;12548,00
20.08.2010;5,13;5,13;5,09;5,09;17583,00
23.08.2010;5,09;5,09;5,06;5,06;1868,00
24.08.2010;5,06;5,07;4,81;4,81;10935,00
25.08.2010;4,98;5,09;4,91;4,91;6037,00
26.08.2010;4,91;4,97;4,81;4,81;33013,00
27.08.2010;4,97;4,97;4,78;4,80;51245,00
30.08.2010;4,89;5,01;4,88;4,97;96309,00
31.08.2010;4,89;5,00;4,89;5,00;14883,00
01.09.2010;5,11;5,18;4,97;5,18;23497,00
02.09.2010;5,13;5,14;4,96;5,04;2928,00
03.09.2010;5,05;5,08;5,05;5,08;3067,00
06.09.2010;5,16;5,17;5,07;5,07;8755,00
07.09.2010;5,05;5,16;5,02;5,13;4832,00
08.09.2010;4,97;5,20;4,97;5,13;4642,00
09.09.2010;5,09;5,22;5,09;5,22;11995,00
10.09.2010;5,09;5,13;5,05;5,06;41063,00
13.09.2010;5,06;5,17;5,00;5,09;34527,00
14.09.2010;5,05;5,05;4,86;5,04;20962,00
15.09.2010;4,99;5,08;4,97;5,02;20148,00
16.09.2010;5,02;5,02;5,00;5,00;1833,00
17.09.2010;5,05;5,13;5,05;5,12;16367,00
20.09.2010;5,09;5,11;5,07;5,10;34833,00
21.09.2010;5,09;5,10;5,02;5,03;196757,00
22.09.2010;5,01;5,01;4,94;4,94;6638,00
23.09.2010;4,98;4,98;4,85;4,85;92144,00
24.09.2010;4,96;5,00;4,93;5,00;5473,00
27.09.2010;5,06;5,06;4,92;5,04;19365,00
28.09.2010;5,05;5,12;4,98;5,06;8768,00
29.09.2010;5,00;5,09;5,00;5,09;15348,00
30.09.2010;5,09;5,09;5,07;5,09;3927,00
01.10.2010;5,11;5,54;5,11;5,35;387762,00
04.10.2010;5,35;5,57;5,35;5,47;133087,00
05.10.2010;5,57;5,62;5,40;5,47;36135,00
06.10.2010;5,56;5,71;5,56;5,69;161912,00
07.10.2010;5,75;5,75;5,66;5,71;23435,00
08.10.2010;5,71;5,71;5,63;5,65;19038,00
11.10.2010;5,65;5,71;5,64;5,71;73727,00
12.10.2010;5,71;5,71;5,64;5,65;24370,00
13.10.2010;5,69;5,69;5,59;5,63;12185,00
14.10.2010;5,67;5,67;5,59;5,66;94442,00
15.10.2010;5,65;5,65;5,59;5,63;1298,00
18.10.2010;5,63;5,63;5,39;5,53;8963,00
19.10.2010;5,47;5,51;5,38;5,51;12915,00
20.10.2010;5,38;5,51;5,38;5,47;8917,00
21.10.2010;5,47;5,48;5,46;5,47;7567,00
22.10.2010;5,47;5,55;5,34;5,55;253307,00
25.10.2010;5,47;5,55;5,47;5,51;34300,00
26.10.2010;5,51;5,51;5,39;5,39;11862,00
27.10.2010;5,51;5,51;5,42;5,51;13147,00
28.10.2010;5,40;5,50;5,40;5,50;9142,00
29.10.2010;5,51;5,51;5,39;5,51;8227,00
01.11.2010;5,42;5,45;5,38;5,38;9438,00
02.11.2010;5,40;5,51;5,38;5,51;21953,00
03.11.2010;5,51;5,51;5,42;5,51;10115,00
04.11.2010;5,53;5,64;5,44;5,55;53627,00
05.11.2010;5,55;5,66;5,51;5,51;26115,00
08.11.2010;5,57;5,66;5,51;5,55;5957,00
09.11.2010;5,51;5,67;5,51;5,67;19038,00
10.11.2010;5,67;5,67;5,55;5,67;15338,00
11.11.2010;5,58;5,70;5,56;5,59;11332,00
12.11.2010;5,53;5,57;5,52;5,57;1145,00
15.11.2010;5,57;5,57;5,56;5,56;3417,00
16.11.2010;5,51;5,56;5,47;5,47;5680,00
17.11.2010;5,38;5,52;5,22;5,37;37093,00
18.11.2010;5,34;5,34;5,13;5,22;101494,00
19.11.2010;5,34;5,34;5,22;5,22;6975,00
22.11.2010;5,17;5,17;4,99;5,01;10837,00
23.11.2010;5,13;5,13;5,01;5,03;20870,00
24.11.2010;5,04;5,13;5,03;5,06;7842,00
25.11.2010;5,09;5,13;5,06;5,07;8710,00
26.11.2010;5,09;5,37;5,09;5,25;6510,00
29.11.2010;5,22;5,25;5,13;5,14;12845,00
30.11.2010;5,14;5,41;5,13;5,41;18252,00
01.12.2010;5,40;5,47;5,22;5,47;13190,00
02.12.2010;5,39;5,47;5,34;5,47;240965,00
03.12.2010;5,38;5,50;5,29;5,50;32118,00
07.12.2010;5,38;5,55;5,32;5,55;16717,00
08.12.2010;5,55;5,58;5,47;5,47;3108,00
09.12.2010;5,51;5,51;5,48;5,51;1827,00
10.12.2010;5,47;5,60;5,42;5,60;60192,00
13.12.2010;5,59;5,59;5,40;5,51;13448,00
14.12.2010;5,51;5,52;5,43;5,47;16592,00
15.12.2010;5,47;5,48;5,45;5,47;300264,00
16.12.2010;5,47;5,51;5,38;5,47;20553,00
17.12.2010;5,45;5,45;5,38;5,40;200267,00
20.12.2010;5,39;5,40;5,38;5,39;92674,00
21.12.2010;5,39;5,46;5,38;5,46;5697,00
22.12.2010;5,40;5,42;5,34;5,38;32815,00
23.12.2010;5,35;5,45;5,35;5,40;32207,00
27.12.2010;5,42;5,53;5,42;5,51;8248,00
28.12.2010;5,51;5,51;5,47;5,47;10642,00
29.12.2010;5,47;5,47;5,39;5,47;56635,00
30.12.2010;5,47;5,53;5,45;5,49;15015,00
03.01.2011;5,55;5,62;5,49;5,61;10770,00
04.01.2011;5,61;5,62;5,50;5,55;10325,00
05.01.2011;5,48;5,57;5,47;5,57;9440,00
07.01.2011;5,54;5,54;5,47;5,47;2802,00
10.01.2011;5,47;5,54;5,47;5,47;6205,00
11.01.2011;5,47;5,47;5,41;5,46;19963,00
12.01.2011;5,46;5,46;5,31;5,42;11568,00
13.01.2011;5,38;5,40;5,38;5,38;8470,00
14.01.2011;5,38;5,42;5,38;5,38;10493,00
17.01.2011;5,42;5,45;5,36;5,45;7528,00
18.01.2011;5,46;5,46;5,37;5,42;15067,00
19.01.2011;5,42;5,59;5,42;5,49;76048,00
20.01.2011;5,59;5,59;5,47;5,59;45817,00
21.01.2011;5,58;5,59;5,58;5,59;1165411,00
24.01.2011;5,59;5,63;5,55;5,58;46970,00
25.01.2011;5,66;5,66;5,61;5,64;126765,00
26.01.2011;5,67;5,71;5,65;5,66;49105,00
27.01.2011;5,73;5,73;5,63;5,68;84962,00
28.01.2011;5,69;5,73;5,64;5,72;502488,00
31.01.2011;5,71;5,71;5,61;5,61;114294,00
01.02.2011;5,74;5,76;5,70;5,76;63470,00
02.02.2011;5,76;5,76;5,67;5,68;26962,00
03.02.2011;5,71;5,75;5,71;5,75;23957,00
04.02.2011;5,76;5,76;5,64;5,76;34390,00
07.02.2011;5,76;5,84;5,71;5,84;48252,00
08.02.2011;5,84;5,88;5,78;5,78;133125,00
09.02.2011;5,80;5,89;5,78;5,86;38540,00
10.02.2011;5,86;6,04;5,82;5,96;83779,00
11.02.2011;5,94;6,13;5,94;6,05;100250,00
14.02.2011;6,09;6,13;6,05;6,09;98439,00
15.02.2011;6,13;6,13;6,03;6,05;28480,00
16.02.2011;6,05;6,15;6,05;6,15;61993,00
17.02.2011;6,15;6,15;5,83;6,05;47460,00
18.02.2011;6,09;6,09;5,86;5,92;21035,00
21.02.2011;5,95;5,95;5,80;5,80;20115,00
22.02.2011;5,80;5,80;5,48;5,71;34018,00
23.02.2011;5,80;5,80;5,49;5,49;25093,00
24.02.2011;5,51;5,71;5,51;5,64;7390,00
25.02.2011;5,70;5,70;5,66;5,70;7697,00
28.02.2011;5,70;5,70;5,57;5,67;10340,00
01.03.2011;5,70;5,76;5,65;5,76;11698,00
02.03.2011;5,71;5,78;5,61;5,78;18625,00
03.03.2011;5,78;5,80;5,71;5,73;17387,00
04.03.2011;5,71;5,84;5,64;5,64;41207,00
07.03.2011;5,78;5,78;5,58;5,58;2873,00
08.03.2011;5,55;5,60;5,51;5,51;8865,00
09.03.2011;5,54;5,63;5,51;5,51;7383,00
10.03.2011;5,51;5,52;5,38;5,47;26705,00
11.03.2011;5,47;5,55;5,47;5,55;11067,00
14.03.2011;5,55;5,58;5,55;5,55;615,00
15.03.2011;5,47;5,47;4,80;5,31;121534,00
16.03.2011;5,35;5,68;5,34;5,34;14210,00
17.03.2011;5,34;5,34;5,30;5,30;750,00
18.03.2011;5,57;5,62;5,57;5,62;14283,00
21.03.2011;5,62;5,63;5,59;5,63;27197,00
22.03.2011;5,63;5,80;5,61;5,70;8883,00
23.03.2011;5,81;5,81;5,67;5,67;2583,00
24.03.2011;5,63;5,76;5,61;5,73;42573,00
25.03.2011;5,76;5,76;5,71;5,71;87102,00
28.03.2011;5,69;5,69;5,61;5,69;27110,00
29.03.2011;5,59;5,63;5,51;5,63;14762,00
30.03.2011;5,55;5,63;5,52;5,59;10698,00
31.03.2011;5,53;5,71;5,53;5,59;17220,00
01.04.2011;5,78;5,78;5,63;5,71;3643,00
04.04.2011;5,58;5,67;5,57;5,67;15768,00
05.04.2011;5,67;5,67;5,62;5,62;4508,00
06.04.2011;5,67;5,71;5,62;5,70;56467,00
07.04.2011;5,71;5,71;5,63;5,63;3747,00
08.04.2011;5,71;5,71;5,63;5,70;4913,00
11.04.2011;5,71;5,78;5,71;5,77;7966784,00
12.04.2011;5,77;5,77;5,71;5,76;13962,00
13.04.2011;5,78;5,80;5,74;5,80;11145,00
14.04.2011;5,76;5,78;5,70;5,78;26523,00
15.04.2011;5,76;5,76;5,67;5,76;2312,00
18.04.2011;5,76;5,79;5,74;5,79;5400,00
19.04.2011;5,76;5,76;5,59;5,74;5350,00
20.04.2011;5,74;5,74;5,59;5,62;4323,00
21.04.2011;5,68;5,68;5,67;5,67;92,00
26.04.2011;5,67;5,71;5,63;5,70;6787,00
27.04.2011;5,63;5,70;5,60;5,61;7532,00
28.04.2011;5,69;5,72;5,61;5,72;14970,00
29.04.2011;5,71;5,74;5,71;5,74;8928,00
02.05.2011;5,67;5,68;5,63;5,67;1725,00
03.05.2011;5,69;5,78;5,69;5,78;38845,00
04.05.2011;5,73;5,73;5,55;5,66;33020,00
05.05.2011;5,65;5,65;5,55;5,55;32500,00
06.05.2011;5,56;5,61;5,55;5,61;6778,00
09.05.2011;5,64;5,65;5,52;5,55;5762,00
10.05.2011;5,51;5,51;5,47;5,47;7738,00
11.05.2011;5,51;5,51;5,51;5,51;97,00
12.05.2011;5,51;5,51;5,36;5,51;6418,00
13.05.2011;5,43;5,51;5,38;5,46;3567,00
16.05.2011;5,47;5,47;5,38;5,47;5122,00
17.05.2011;5,38;5,45;5,38;5,45;1650,00
18.05.2011;5,47;5,47;5,35;5,41;26057,00
19.05.2011;5,41;5,41;5,38;5,38;3047,00
20.05.2011;5,35;5,41;5,35;5,38;6405,00
23.05.2011;5,35;5,35;5,18;5,30;25517,00
24.05.2011;5,34;5,34;5,22;5,22;16152,00
25.05.2011;5,18;5,22;5,16;5,17;25473,00
26.05.2011;5,22;5,22;5,07;5,18;23083,00
27.05.2011;5,13;5,24;5,09;5,22;67320,00
30.05.2011;5,13;5,18;5,10;5,13;3890,00
31.05.2011;5,12;5,20;5,10;5,20;50923,00
01.06.2011;5,22;5,22;5,13;5,13;16718,00
03.06.2011;5,26;5,26;5,13;5,14;3370,00
06.06.2011;5,10;5,17;5,02;5,02;15642,00
07.06.2011;5,05;5,13;5,05;5,13;1143,00
08.06.2011;5,16;5,17;5,01;5,01;6733,00
09.06.2011;4,94;5,01;4,91;4,97;13158,00
10.06.2011;4,97;5,13;4,96;5,13;16170,00
13.06.2011;5,05;5,05;5,01;5,05;4688,00
14.06.2011;5,01;5,11;4,97;5,03;8268,00
15.06.2011;4,99;5,01;4,82;4,97;36403,00
16.06.2011;4,97;4,97;4,68;4,83;39828,00
17.06.2011;4,70;4,88;4,64;4,80;24653,00
20.06.2011;4,80;4,84;4,69;4,73;11748,00
21.06.2011;4,73;4,79;4,72;4,74;6667,00
22.06.2011;4,81;5,04;4,81;4,83;12245,00
23.06.2011;4,90;4,90;4,74;4,74;6838,00
27.06.2011;4,65;4,73;4,65;4,72;6445,00
28.06.2011;4,72;4,76;4,65;4,76;21117,00
29.06.2011;4,74;4,89;4,74;4,89;5620,00
30.06.2011;4,91;5,13;4,84;4,97;18340,00
01.07.2011;5,06;5,24;5,06;5,11;3397,00
04.07.2011;5,22;5,27;5,13;5,21;3838,00
05.07.2011;5,03;5,04;5,03;5,04;1137,00
06.07.2011;5,06;5,22;4,97;5,22;4087,00
07.07.2011;5,22;5,30;5,22;5,30;968,00
08.07.2011;5,18;5,28;5,13;5,28;10027,00
11.07.2011;5,10;5,18;5,02;5,07;5692,00
12.07.2011;4,99;5,04;4,64;5,04;16052,00
13.07.2011;5,04;5,04;4,93;4,93;4992,00
14.07.2011;4,95;5,04;4,93;5,04;2435,00
15.07.2011;4,93;4,93;4,93;4,93;55,00
18.07.2011;4,95;4,95;4,80;4,93;1022,00
19.07.2011;4,93;4,97;4,80;4,84;8382,00
20.07.2011;4,82;4,96;4,82;4,96;4017,00
21.07.2011;4,97;4,97;4,88;4,89;18518,00
22.07.2011;4,85;4,93;4,85;4,93;118,00
25.07.2011;4,93;4,93;4,93;4,93;368,00
26.07.2011;4,93;4,93;4,93;4,93;0,00
27.07.2011;4,86;4,93;4,85;4,93;3167,00
28.07.2011;4,97;4,97;4,75;4,75;2983,00
29.07.2011;4,89;4,89;4,68;4,68;11327,00
01.08.2011;4,69;4,74;4,64;4,64;2615,00
02.08.2011;4,66;4,70;4,55;4,59;9540,00
03.08.2011;4,54;4,54;3,97;4,30;23715,00
04.08.2011;4,10;4,10;3,89;4,06;18152,00
05.08.2011;3,65;3,92;3,31;3,73;40937,00
08.08.2011;3,73;3,88;3,44;3,44;24715,00
09.08.2011;3,42;3,57;3,26;3,49;39902,00
10.08.2011;3,73;3,88;3,54;3,54;63630,00
11.08.2011;3,60;3,80;3,52;3,57;29068,00
12.08.2011;3,64;3,73;3,64;3,64;24705,00
15.08.2011;3,73;3,89;3,73;3,89;9738,00
16.08.2011;3,89;4,30;3,64;4,20;19703,00
17.08.2011;4,35;4,49;4,29;4,33;18673,00
18.08.2011;4,35;4,35;3,95;3,95;7325,00
19.08.2011;3,95;3,95;3,65;3,73;53973,00
22.08.2011;3,72;3,75;3,60;3,66;28448,00
23.08.2011;3,69;3,85;3,63;3,63;8605,00
24.08.2011;3,66;3,73;3,66;3,68;2840,00
25.08.2011;3,69;3,80;3,63;3,63;24388,00
26.08.2011;3,53;3,62;3,53;3,56;1265,00
29.08.2011;3,56;3,60;3,53;3,53;8732,00
30.08.2011;3,73;3,73;3,56;3,56;11933,00
31.08.2011;3,58;3,73;3,58;3,73;19983,00
01.09.2011;3,68;3,85;3,61;3,65;10065,00
02.09.2011;3,61;3,68;3,46;3,52;34578,00
05.09.2011;3,52;3,53;3,36;3,36;11302,00
06.09.2011;3,53;3,53;3,36;3,39;6682,00
07.09.2011;3,37;3,59;3,37;3,52;2825,00
08.09.2011;3,44;3,49;3,44;3,46;2672,00
09.09.2011;3,38;3,46;3,38;3,39;15203,00
12.09.2011;3,38;3,39;3,25;3,26;8877,00
13.09.2011;3,17;3,31;3,17;3,19;5557,00
14.09.2011;3,19;3,35;3,19;3,31;155877,00
15.09.2011;3,31;3,48;3,31;3,48;1937,00
16.09.2011;3,55;3,55;3,31;3,44;1480,00
19.09.2011;3,44;3,46;3,34;3,34;5103,00
20.09.2011;3,31;3,48;3,31;3,47;8830,00
21.09.2011;3,52;3,52;3,48;3,52;2667,00
22.09.2011;3,48;3,48;3,33;3,35;17643,00
23.09.2011;3,44;3,44;3,35;3,39;10857,00
26.09.2011;3,39;3,48;3,35;3,35;22893,00
27.09.2011;3,39;3,48;3,39;3,48;250207,00
28.09.2011;3,45;3,56;3,39;3,52;17437,00
29.09.2011;3,48;3,68;3,46;3,68;4145,00
30.09.2011;3,68;3,73;3,66;3,71;4670,00
03.10.2011;3,64;3,64;3,48;3,54;6832,00
04.10.2011;3,54;3,54;3,39;3,39;6402,00
05.10.2011;3,34;3,62;3,34;3,62;4555,00
06.10.2011;3,46;3,73;3,46;3,47;5665,00
07.10.2011;3,49;3,61;3,40;3,40;6717,00
10.10.2011;3,48;3,48;3,35;3,48;18648,00
11.10.2011;3,39;3,59;3,39;3,59;21393,00
12.10.2011;3,52;3,64;3,44;3,64;13053,00
13.10.2011;3,49;3,68;3,49;3,66;8383,00
14.10.2011;3,52;3,54;3,50;3,50;2292,00
17.10.2011;3,52;3,66;3,44;3,44;9470,00
18.10.2011;3,32;3,49;3,32;3,40;173550,00
19.10.2011;3,40;3,48;3,34;3,35;14253,00
20.10.2011;3,40;3,44;3,40;3,44;3482,00
21.10.2011;3,36;3,39;3,36;3,39;583,00
24.10.2011;3,39;3,52;3,39;3,48;39907,00
25.10.2011;3,52;3,64;3,52;3,60;8392,00
26.10.2011;3,60;3,73;3,52;3,68;5308,00
27.10.2011;3,73;3,97;3,73;3,97;27278,00
28.10.2011;4,07;4,30;3,85;3,88;46413,00
31.10.2011;3,85;3,85;3,65;3,65;13543,00
01.11.2011;3,68;3,73;3,67;3,67;5878,00
02.11.2011;3,73;3,90;3,56;3,60;6482,00
03.11.2011;3,77;3,78;3,73;3,78;8805,00
04.11.2011;3,80;3,80;3,56;3,78;6078,00
07.11.2011;3,73;3,73;3,64;3,68;6362,00
08.11.2011;3,80;3,80;3,66;3,66;4042,00
09.11.2011;3,68;3,72;3,64;3,64;17950,00
10.11.2011;3,64;3,64;3,64;3,64;7163,00
11.11.2011;3,64;3,76;3,64;3,69;17967,00
14.11.2011;3,76;3,76;3,75;3,75;1962,00
15.11.2011;3,75;3,75;3,70;3,73;9435,00
16.11.2011;3,69;3,73;3,69;3,73;3333,00
17.11.2011;3,70;3,72;3,60;3,68;2113,00
18.11.2011;3,60;3,60;3,49;3,50;7350,00
21.11.2011;3,56;3,56;3,44;3,48;8743,00
22.11.2011;3,48;3,59;3,48;3,59;19038,00
23.11.2011;3,56;3,59;3,56;3,59;2115,00
24.11.2011;3,59;3,59;3,56;3,56;453,00
25.11.2011;3,60;3,60;3,39;3,60;18037,00
28.11.2011;3,60;3,61;3,51;3,51;1712,00
29.11.2011;3,52;3,52;3,45;3,48;4917,00
30.11.2011;3,47;3,61;3,40;3,58;6583,00
01.12.2011;3,63;3,63;3,41;3,41;7792,00
02.12.2011;3,44;3,54;3,44;3,53;11218,00
05.12.2011;3,36;3,61;3,35;3,58;14622,00
07.12.2011;3,51;3,68;3,49;3,54;8525,00
08.12.2011;3,55;3,55;3,49;3,54;1910,00
09.12.2011;3,52;3,55;3,52;3,55;14447,00
12.12.2011;3,56;3,56;3,48;3,48;17813,00
13.12.2011;3,48;3,56;3,48;3,56;248,00
14.12.2011;3,49;3,49;3,37;3,37;5585,00
15.12.2011;3,37;3,37;3,30;3,30;5217,00
16.12.2011;3,28;3,41;3,28;3,35;3290,00
19.12.2011;3,30;3,35;3,26;3,35;4655,00
20.12.2011;3,31;3,44;3,28;3,35;4000,00
21.12.2011;3,36;3,42;3,36;3,42;12850,00
22.12.2011;3,39;3,43;3,34;3,43;6408,00
23.12.2011;3,43;3,43;3,29;3,39;4108,00
27.12.2011;3,34;3,35;3,27;3,27;16867,00
28.12.2011;3,30;3,30;3,22;3,29;9170,00
29.12.2011;3,28;3,30;3,20;3,23;25938,00
30.12.2011;3,25;3,35;3,20;3,31;18997,00
02.01.2012;3,35;3,44;3,35;3,43;9300,00
03.01.2012;3,54;3,54;3,39;3,39;26348,00
04.01.2012;3,48;3,48;3,31;3,36;115404,00
05.01.2012;3,39;3,39;3,30;3,30;77932,00
09.01.2012;3,31;3,39;3,31;3,38;9393,00
10.01.2012;3,35;3,39;3,35;3,39;32603,00
11.01.2012;3,39;3,48;3,39;3,48;16668,00
12.01.2012;3,44;3,48;3,39;3,44;169150,00
13.01.2012;3,48;3,55;3,48;3,55;8528,00
16.01.2012;3,55;3,55;3,44;3,47;3183,00
17.01.2012;3,47;3,56;3,47;3,56;8917,00
18.01.2012;3,60;3,64;3,60;3,64;7060,00
19.01.2012;3,65;3,72;3,63;3,72;3470,00
20.01.2012;3,63;3,65;3,55;3,65;7993,00
23.01.2012;3,57;3,63;3,57;3,63;4132,00
24.01.2012;3,74;3,89;3,64;3,68;5085,00
25.01.2012;3,73;3,73;3,65;3,73;1365,00
26.01.2012;3,73;3,73;3,69;3,69;5513,00
27.01.2012;3,69;3,77;3,61;3,61;6567,00
30.01.2012;3,61;3,64;3,61;3,64;1883,00
31.01.2012;3,68;3,72;3,60;3,61;4965,00
01.02.2012;3,60;3,71;3,60;3,66;8685,00
02.02.2012;3,72;3,77;3,72;3,73;10070,00
03.02.2012;3,84;3,84;3,78;3,82;3808,00
06.02.2012;3,77;3,82;3,65;3,73;11238,00
07.02.2012;3,68;3,86;3,68;3,81;9295,00
08.02.2012;3,73;3,85;3,73;3,81;11148,00
09.02.2012;3,81;3,86;3,81;3,85;2565,00
10.02.2012;3,82;3,86;3,78;3,86;5448,00
13.02.2012;4,04;4,04;3,88;3,89;40648,00
14.02.2012;3,92;3,96;3,89;3,91;12552,00
15.02.2012;3,93;3,97;3,92;3,94;37267,00
16.02.2012;4,02;4,05;3,89;3,91;97767,00
17.02.2012;3,92;3,97;3,92;3,96;78973,00
20.02.2012;3,97;3,98;3,91;3,97;42875,00
21.02.2012;3,96;3,97;3,94;3,97;16192,00
22.02.2012;3,97;3,97;3,91;3,95;180867,00
23.02.2012;3,93;3,94;3,82;3,89;10648,00
24.02.2012;3,89;3,92;3,88;3,92;9678,00
27.02.2012;3,93;3,93;3,73;3,80;11023,00
28.02.2012;3,81;3,81;3,68;3,68;2145,00
29.02.2012;3,73;3,85;3,73;3,85;12168,00
01.03.2012;3,88;3,88;3,78;3,84;5052,00
02.03.2012;3,77;3,79;3,77;3,79;643,00
05.03.2012;3,73;3,79;3,73;3,79;2325,00
06.03.2012;3,71;3,71;3,65;3,65;4248,00
07.03.2012;3,66;3,68;3,66;3,68;4987,00
08.03.2012;3,77;3,78;3,73;3,73;2983,00
09.03.2012;3,78;3,78;3,71;3,71;2768,00
12.03.2012;3,68;3,72;3,67;3,67;5565,00
13.03.2012;3,68;3,73;3,66;3,66;4833,00
14.03.2012;3,67;3,80;3,67;3,80;8700,00
15.03.2012;3,73;3,78;3,73;3,76;6375,00
16.03.2012;3,71;3,71;3,68;3,68;341472,00
19.03.2012;3,80;3,80;3,68;3,76;5800,00
20.03.2012;3,68;3,68;3,68;3,68;3247,00
21.03.2012;3,67;3,67;3,67;3,67;333,00
22.03.2012;3,61;3,61;3,54;3,54;14887,00
23.03.2012;3,49;3,63;3,49;3,63;1685,00
26.03.2012;3,63;3,63;3,59;3,60;5645,00
27.03.2012;3,59;3,60;3,57;3,60;6367,00
28.03.2012;3,56;3,60;3,56;3,59;1212,00
29.03.2012;3,59;3,63;3,50;3,60;3968,00
30.03.2012;3,56;3,60;3,50;3,50;2860,00
02.04.2012;3,64;3,71;3,46;3,71;11308,00
03.04.2012;3,49;3,64;3,49;3,54;15180,00
04.04.2012;3,59;3,63;3,49;3,63;16562,00
05.04.2012;3,59;3,68;3,59;3,68;3680,00
10.04.2012;3,59;3,59;3,58;3,58;1367,00
11.04.2012;3,56;3,64;3,47;3,48;5100,00
12.04.2012;3,48;3,58;3,48;3,58;2285,00
13.04.2012;3,56;3,56;3,48;3,56;4447,00
16.04.2012;3,54;3,56;3,49;3,49;7498,00
17.04.2012;3,54;3,60;3,53;3,60;10567,00
18.04.2012;3,63;3,64;3,56;3,64;10582,00
19.04.2012;3,69;3,72;3,54;3,72;6032,00
20.04.2012;3,68;3,68;3,56;3,56;338566,00
23.04.2012;3,60;3,60;3,57;3,57;4247,00
24.04.2012;3,56;3,60;3,49;3,52;16710,00
25.04.2012;3,53;3,53;3,48;3,48;3825,00
26.04.2012;3,48;3,56;3,48;3,48;2158,00
27.04.2012;3,54;3,54;3,43;3,44;13760,00
30.04.2012;3,44;3,53;3,44;3,53;31207,00
02.05.2012;3,49;3,63;3,49;3,63;16573,00
03.05.2012;3,48;3,58;3,48;3,49;3692,00
04.05.2012;3,48;3,48;3,40;3,40;21322,00
07.05.2012;3,39;3,46;3,36;3,40;7107,00
08.05.2012;3,40;3,52;3,40;3,41;7893,00
09.05.2012;3,46;3,48;3,31;3,35;4423,00
10.05.2012;3,43;3,43;3,23;3,29;10265,00
11.05.2012;3,30;3,35;3,29;3,29;3240,00
14.05.2012;3,30;3,39;3,29;3,29;3807,00
15.05.2012;3,31;3,43;3,30;3,30;4570,00
16.05.2012;3,27;3,28;3,02;3,23;86500,00
18.05.2012;3,06;3,15;3,02;3,11;14203,00
21.05.2012;3,06;3,15;2,99;3,06;34240,00
22.05.2012;3,05;3,11;3,05;3,05;8337,00
23.05.2012;3,05;3,09;2,87;2,98;31782,00
24.05.2012;2,94;2,94;2,90;2,90;23670,00
25.05.2012;2,89;2,96;2,87;2,96;31405,00
28.05.2012;2,93;2,98;2,88;2,88;20315,00
29.05.2012;2,88;2,91;2,82;2,82;43423,00
30.05.2012;2,91;2,91;2,80;2,82;18932,00
31.05.2012;2,80;2,91;2,67;2,78;257006,00
01.06.2012;2,78;2,87;2,70;2,77;54082,00
04.06.2012;2,72;2,83;2,66;2,83;5630,00
05.06.2012;2,74;2,85;2,74;2,74;1720,00
06.06.2012;2,90;2,90;2,82;2,84;6747,00
07.06.2012;2,84;2,96;2,67;2,92;48328,00
08.06.2012;2,82;2,89;2,82;2,89;472,00
11.06.2012;2,86;2,89;2,74;2,74;5238,00
12.06.2012;2,76;2,82;2,71;2,75;9860,00
13.06.2012;2,76;2,82;2,66;2,66;3225,00
14.06.2012;2,69;2,79;2,69;2,69;11562,00
15.06.2012;2,67;2,78;2,66;2,67;11653,00
18.06.2012;2,68;2,73;2,68;2,69;1507,00
19.06.2012;2,69;2,78;2,69;2,73;172890,00
20.06.2012;2,74;2,77;2,74;2,74;760,00
21.06.2012;2,77;2,85;2,77;2,77;2460,00
25.06.2012;2,74;2,74;2,67;2,68;17287,00
26.06.2012;2,69;2,72;2,66;2,71;7488,00
27.06.2012;2,66;2,72;2,66;2,67;151225,00
28.06.2012;2,67;2,69;2,67;2,68;5878,00
29.06.2012;2,67;2,77;2,67;2,73;13095,00
02.07.2012;2,75;2,79;2,75;2,79;692,00
03.07.2012;2,78;2,79;2,74;2,75;4067,00
04.07.2012;2,76;2,79;2,76;2,76;2427,00
05.07.2012;2,76;2,79;2,71;2,73;8267,00
06.07.2012;2,73;2,79;2,70;2,71;1623,00
09.07.2012;2,67;2,77;2,66;2,67;3720,00
10.07.2012;2,67;2,73;2,62;2,73;12813,00
11.07.2012;2,73;2,73;2,73;2,73;45,00
12.07.2012;2,62;2,80;2,62;2,72;10285,00
13.07.2012;2,69;2,78;2,69;2,70;4980,00
16.07.2012;2,73;2,73;2,69;2,69;6438,00
17.07.2012;2,68;2,73;2,68;2,68;23070,00
18.07.2012;2,68;2,72;2,67;2,72;31230,00
19.07.2012;2,69;2,72;2,67;2,71;33300,00
20.07.2012;2,69;2,71;2,66;2,66;3645,00
23.07.2012;2,65;2,77;2,65;2,72;13393,00
24.07.2012;2,72;2,72;2,69;2,70;7350,00
25.07.2012;2,71;2,73;2,70;2,70;3768,00
26.07.2012;2,70;2,73;2,70;2,73;68225,00
27.07.2012;2,76;2,78;2,75;2,78;19287,00
30.07.2012;2,71;2,81;2,71;2,77;1862,00
31.07.2012;2,77;2,80;2,77;2,80;1767,00
01.08.2012;2,77;2,77;2,74;2,74;1632,00
02.08.2012;2,78;2,82;2,76;2,82;16437,00
03.08.2012;2,82;2,89;2,82;2,89;2000,00
06.08.2012;2,85;2,85;2,77;2,83;9963,00
07.08.2012;2,83;2,85;2,83;2,83;1740,00
08.08.2012;2,87;2,91;2,80;2,82;26210,00
09.08.2012;2,82;2,84;2,81;2,84;7943,00
10.08.2012;2,82;2,82;2,81;2,81;2147,00
13.08.2012;2,82;2,85;2,77;2,85;4598,00
14.08.2012;2,83;2,83;2,83;2,83;717,00
15.08.2012;2,80;2,82;2,80;2,81;907,00
16.08.2012;2,82;2,86;2,77;2,86;6973,00
17.08.2012;2,86;2,94;2,82;2,94;16837,00
20.08.2012;3,06;3,06;2,98;3,00;9735,00
21.08.2012;2,99;2,99;2,88;2,95;8268,00
22.08.2012;2,95;3,15;2,95;3,05;99897,00
23.08.2012;3,10;3,20;3,10;3,19;2848,00
24.08.2012;3,18;3,18;3,12;3,12;4762,00
27.08.2012;3,15;3,15;3,11;3,12;8657,00
28.08.2012;3,12;3,12;3,11;3,11;10183,00
29.08.2012;3,10;3,10;3,08;3,08;42805,00
30.08.2012;3,08;3,08;2,98;2,98;4103,00
31.08.2012;3,06;3,06;2,98;2,98;4565,00
03.09.2012;3,00;3,02;2,98;2,98;4395,00
04.09.2012;2,98;3,00;2,98;3,00;2473,00
05.09.2012;2,98;2,99;2,94;2,94;2488,00
06.09.2012;2,91;2,94;2,90;2,91;7467,00
07.09.2012;2,94;3,00;2,94;2,98;4118,00
10.09.2012;3,01;3,14;2,90;3,07;33170,00
11.09.2012;2,99;2,99;2,89;2,98;4245,00
12.09.2012;2,98;2,98;2,98;2,98;4885,00
13.09.2012;3,01;3,01;2,98;3,01;1717,00
14.09.2012;3,01;3,11;3,01;3,10;30987,00
17.09.2012;3,11;3,11;2,98;3,00;4950,00
18.09.2012;3,00;3,00;3,00;3,00;0,00
19.09.2012;3,06;3,06;3,01;3,02;7333,00
20.09.2012;3,02;3,02;3,02;3,02;0,00
21.09.2012;3,02;3,02;2,98;2,98;4693,00
24.09.2012;2,98;2,98;2,90;2,98;1735,00
25.09.2012;2,98;2,98;2,98;2,98;1032,00
26.09.2012;2,90;2,90;2,90;2,90;1317,00
27.09.2012;2,94;2,94;2,85;2,85;5757,00
28.09.2012;2,90;2,90;2,85;2,85;1167,00
01.10.2012;2,82;2,85;2,82;2,82;61490,00
02.10.2012;2,82;2,88;2,82;2,87;3365,00
03.10.2012;2,82;2,86;2,82;2,86;2783,00
04.10.2012;2,86;2,86;2,86;2,86;0,00
05.10.2012;2,82;2,89;2,78;2,86;3973,00
08.10.2012;2,81;2,83;2,77;2,82;4662,00
09.10.2012;2,82;2,82;2,82;2,82;1167,00
10.10.2012;2,82;2,82;2,76;2,77;5450,00
11.10.2012;2,77;2,77;2,76;2,76;502,00
12.10.2012;2,77;2,84;2,77;2,79;10685,00
15.10.2012;2,78;2,80;2,76;2,76;10055,00
16.10.2012;2,76;2,76;2,71;2,71;18205,00
17.10.2012;2,73;2,81;2,71;2,71;7507,00
18.10.2012;2,76;2,76;2,73;2,73;147874,00
19.10.2012;2,73;2,73;2,71;2,71;3248,00
22.10.2012;2,77;2,77;2,77;2,77;883,00
23.10.2012;2,71;2,73;2,70;2,73;4973,00
24.10.2012;2,76;2,76;2,76;2,76;833,00
25.10.2012;2,79;2,79;2,76;2,77;3607,00
26.10.2012;2,70;2,77;2,69;2,76;4980,00
29.10.2012;2,74;2,78;2,74;2,74;1700,00
30.10.2012;2,73;2,75;2,64;2,68;5197,00
31.10.2012;2,73;2,79;2,73;2,79;6300,00
01.11.2012;2,79;2,80;2,75;2,80;2917,00
02.11.2012;2,75;2,82;2,75;2,82;9330,00
05.11.2012;2,82;2,82;2,77;2,82;9908,00
06.11.2012;2,82;2,82;2,72;2,73;14280,00
07.11.2012;2,73;2,79;2,72;2,79;14800,00
08.11.2012;2,73;2,73;2,61;2,68;31815,00
09.11.2012;2,71;2,73;2,66;2,66;4812,00
12.11.2012;2,72;2,72;2,71;2,71;917,00
13.11.2012;2,68;2,74;2,64;2,64;23492,00
14.11.2012;2,73;2,73;2,48;2,62;44497,00
15.11.2012;2,62;2,68;2,62;2,67;5802,00
16.11.2012;2,65;2,73;2,65;2,73;12652,00
19.11.2012;2,69;2,77;2,69;2,77;7235,00
20.11.2012;2,70;2,73;2,70;2,73;3255,00
21.11.2012;2,69;2,73;2,67;2,70;5933,00
22.11.2012;2,77;2,77;2,65;2,72;65458,00
23.11.2012;2,68;2,72;2,68;2,72;5083,00
26.11.2012;2,71;2,71;2,68;2,68;4053,00
27.11.2012;2,67;2,71;2,67;2,70;10990,00
28.11.2012;2,70;2,70;2,68;2,69;2568,00
29.11.2012;2,73;2,73;2,68;2,73;11253,00
30.11.2012;2,73;2,77;2,66;2,77;32893,00
03.12.2012;2,77;2,77;2,77;2,77;1667,00
04.12.2012;2,79;2,79;2,67;2,73;8613,00
05.12.2012;2,73;2,75;2,67;2,75;18013,00
07.12.2012;2,72;2,79;2,72;2,79;18887,00
10.12.2012;2,79;2,79;2,71;2,74;21978,00
11.12.2012;2,74;2,79;2,73;2,76;49648,00
12.12.2012;2,76;2,76;2,72;2,72;4783,00
13.12.2012;2,73;2,73;2,69;2,73;10820,00
14.12.2012;2,72;2,80;2,72;2,80;15047,00
17.12.2012;2,80;2,80;2,72;2,72;18242,00
18.12.2012;2,70;2,73;2,69;2,73;26040,00
19.12.2012;2,73;2,73;2,69;2,69;13858,00
20.12.2012;2,73;2,73;2,69;2,69;8845,00
21.12.2012;2,69;2,72;2,67;2,67;44883,00
27.12.2012;2,69;2,74;2,58;2,74;38342,00
28.12.2012;2,67;2,76;2,67;2,70;16747,00
02.01.2013;2,72;2,79;2,72;2,77;22425,00
03.01.2013;2,74;2,78;2,72;2,78;23880,00
04.01.2013;2,79;2,79;2,77;2,79;6177,00
07.01.2013;2,87;2,87;2,79;2,79;9250,00
08.01.2013;2,85;2,85;2,80;2,82;18800,00
09.01.2013;2,82;2,82;2,82;2,82;7133,00
10.01.2013;2,86;2,86;2,79;2,79;7968,00
11.01.2013;2,82;2,83;2,79;2,80;10680,00
14.01.2013;2,84;2,84;2,81;2,82;8075,00
15.01.2013;2,85;2,86;2,79;2,80;20473,00
16.01.2013;2,79;2,82;2,79;2,82;1083,00
17.01.2013;2,82;2,83;2,79;2,82;11500,00
18.01.2013;2,82;2,83;2,80;2,83;6802,00
21.01.2013;2,86;2,87;2,82;2,86;13685,00
22.01.2013;2,86;2,86;2,82;2,82;2250,00
23.01.2013;2,85;2,86;2,82;2,85;9385,00
24.01.2013;2,85;2,86;2,83;2,85;30167,00
25.01.2013;2,85;2,86;2,83;2,86;19155,00
28.01.2013;2,86;2,86;2,80;2,82;23108,00
29.01.2013;2,82;2,82;2,79;2,79;15755,00
30.01.2013;2,80;2,86;2,77;2,85;14875,00
31.01.2013;2,84;2,86;2,82;2,83;6063,00
01.02.2013;2,82;2,82;2,82;2,82;5578,00
04.02.2013;2,82;2,85;2,82;2,82;4010,00
05.02.2013;2,82;2,87;2,78;2,86;10463,00
06.02.2013;2,82;2,85;2,79;2,79;3900,00
07.02.2013;2,79;2,89;2,79;2,83;7683,00
08.02.2013;2,82;2,87;2,82;2,82;7068,00
11.02.2013;2,88;2,88;2,83;2,86;20603,00
12.02.2013;2,86;2,94;2,84;2,94;30562,00
13.02.2013;2,83;2,85;2,80;2,85;30905,00
14.02.2013;2,89;2,89;2,81;2,82;7883,00
15.02.2013;2,83;2,84;2,82;2,82;29750,00
18.02.2013;2,82;2,89;2,82;2,82;10077,00
19.02.2013;2,85;2,85;2,82;2,82;5988,00
20.02.2013;2,82;2,85;2,81;2,85;10715,00
21.02.2013;2,82;2,86;2,80;2,86;29648,00
22.02.2013;2,83;2,85;2,82;2,85;7188,00
25.02.2013;2,86;2,89;2,86;2,89;6818,00
26.02.2013;2,86;2,89;2,82;2,82;4965,00
27.02.2013;2,83;2,85;2,79;2,79;27742,00
28.02.2013;2,78;2,83;2,76;2,83;15583,00
01.03.2013;2,83;2,83;2,77;2,78;2997,00
04.03.2013;2,82;2,90;2,78;2,86;17840,00
05.03.2013;2,90;2,91;2,82;2,86;32195,00
06.03.2013;2,87;2,87;2,86;2,86;7683,00
07.03.2013;2,86;2,87;2,84;2,87;7498,00
08.03.2013;2,86;2,87;2,85;2,87;11533,00
11.03.2013;2,87;2,87;2,78;2,78;13500,00
12.03.2013;2,81;2,86;2,80;2,86;2270,00
13.03.2013;2,85;2,86;2,82;2,86;2148,00
14.03.2013;2,86;2,88;2,86;2,88;3177,00
15.03.2013;2,87;2,87;2,82;2,87;3095,00
18.03.2013;2,82;2,86;2,81;2,86;6418,00
19.03.2013;2,86;2,86;2,82;2,86;2300,00
20.03.2013;2,83;2,86;2,83;2,85;683,00
21.03.2013;2,82;2,84;2,82;2,84;20350,00
22.03.2013;2,85;2,85;2,82;2,83;7400,00
25.03.2013;2,82;2,82;2,81;2,81;12442,00
26.03.2013;2,77;2,80;2,77;2,80;8407,00
27.03.2013;2,80;2,82;2,77;2,77;4900,00
28.03.2013;2,78;2,78;2,78;2,78;1667,00
02.04.2013;2,82;2,82;2,77;2,77;5258,00
03.04.2013;2,76;2,85;2,74;2,83;11492,00
04.04.2013;2,77;2,80;2,76;2,80;7548,00
05.04.2013;2,77;2,77;2,76;2,76;6833,00
08.04.2013;2,75;2,76;2,73;2,73;12520,00
09.04.2013;2,71;2,77;2,71;2,77;1867,00
10.04.2013;2,75;2,77;2,75;2,77;3493,00
11.04.2013;2,73;2,77;2,71;2,77;9143,00
12.04.2013;2,77;2,77;2,72;2,73;6935,00
15.04.2013;2,70;2,73;2,70;2,73;4098,00
16.04.2013;2,73;2,73;2,73;2,73;167,00
17.04.2013;2,72;2,72;2,64;2,69;8880,00
18.04.2013;2,69;2,69;2,44;2,61;36758,00
19.04.2013;2,61;2,61;2,53;2,61;2550,00
22.04.2013;2,61;2,61;2,57;2,57;1525,00
23.04.2013;2,57;2,58;2,53;2,58;10157,00
24.04.2013;2,61;2,65;2,54;2,54;3638,00
25.04.2013;2,53;2,63;2,53;2,62;4828,00
26.04.2013;2,62;2,62;2,61;2,61;1167,00
29.04.2013;2,62;2,62;2,60;2,62;2693,00
30.04.2013;2,63;2,65;2,62;2,65;11793,00
02.05.2013;2,65;2,65;2,62;2,65;12667,00
03.05.2013;2,72;2,72;2,72;2,72;417,00
06.05.2013;2,71;2,71;2,62;2,62;7178,00
07.05.2013;2,71;2,71;2,62;2,68;7895,00
08.05.2013;2,68;2,70;2,67;2,67;14050,00
10.05.2013;2,71;2,75;2,69;2,73;9467,00
13.05.2013;2,72;2,72;2,70;2,70;1423336,00
14.05.2013;2,70;2,73;2,70;2,70;3928,00
15.05.2013;2,69;2,69;2,67;2,67;5383,00
16.05.2013;2,67;2,67;2,65;2,65;3033,00
17.05.2013;2,65;2,68;2,65;2,67;5943,00
20.05.2013;2,67;2,69;2,65;2,65;15445,00
21.05.2013;2,69;2,69;2,59;2,62;21872,00
22.05.2013;2,62;2,65;2,59;2,63;3023,00
23.05.2013;2,63;2,65;2,57;2,57;22215,00
24.05.2013;2,65;2,65;2,61;2,62;3848,00
27.05.2013;2,63;2,63;2,63;2,63;1817,00
28.05.2013;2,62;2,62;2,58;2,61;2867,00
29.05.2013;2,62;2,65;2,61;2,62;5233,00
30.05.2013;2,57;2,57;2,57;2,57;833,00
31.05.2013;2,64;2,64;2,53;2,53;41338,00
03.06.2013;2,53;2,53;2,53;2,53;0,00
04.06.2013;2,57;2,57;2,57;2,57;5000,00
05.06.2013;2,57;2,57;2,52;2,52;4823,00
06.06.2013;2,59;2,59;2,59;2,59;500,00
07.06.2013;2,57;2,57;2,57;2,57;5833,00
10.06.2013;2,60;2,60;2,55;2,55;3958,00
11.06.2013;2,60;2,62;2,55;2,55;2392,00
12.06.2013;2,55;2,55;2,55;2,55;333,00
13.06.2013;2,55;2,68;2,55;2,65;19185,00
14.06.2013;2,67;2,68;2,63;2,65;9110,00
17.06.2013;2,67;2,69;2,62;2,64;24072,00
18.06.2013;2,65;2,66;2,64;2,65;12328,00
19.06.2013;2,64;2,71;2,64;2,71;14040,00
20.06.2013;2,67;2,69;2,66;2,67;39017,00
24.06.2013;2,64;2,67;2,60;2,67;5502,00
25.06.2013;2,61;2,61;2,61;2,61;292,00
26.06.2013;2,67;2,67;2,62;2,66;2405,00
27.06.2013;2,66;2,71;2,66;2,71;5262,00
28.06.2013;2,71;2,72;2,69;2,72;1167,00
01.07.2013;2,73;2,75;2,73;2,73;7337,00
02.07.2013;2,73;2,73;2,64;2,64;17162,00
03.07.2013;2,65;2,72;2,65;2,72;5263,00
04.07.2013;2,69;2,69;2,69;2,69;1283,00
05.07.2013;2,72;2,72;2,69;2,69;27427,00
08.07.2013;2,65;2,70;2,65;2,70;1683,00
09.07.2013;2,70;2,72;2,70;2,72;2367,00
10.07.2013;2,65;2,69;2,65;2,69;37017,00
11.07.2013;2,70;2,70;2,67;2,68;4967,00
12.07.2013;2,67;2,70;2,65;2,69;54662,00
15.07.2013;2,69;2,72;2,69;2,72;7667,00
16.07.2013;2,72;2,74;2,72;2,74;30425,00
17.07.2013;2,75;2,75;2,75;2,75;1500,00
18.07.2013;2,74;2,74;2,72;2,72;2000,00
19.07.2013;2,72;2,72;2,69;2,69;2002,00
22.07.2013;2,69;2,73;2,69;2,70;3737,00
23.07.2013;2,70;2,70;2,69;2,69;6358,00
24.07.2013;2,69;2,69;2,69;2,69;1333,00
25.07.2013;2,69;2,69;2,69;2,69;0,00
26.07.2013;2,69;2,73;2,69;2,69;720,00
29.07.2013;2,73;2,73;2,73;2,73;83,00
30.07.2013;2,72;2,73;2,72;2,72;1510,00
31.07.2013;2,73;2,73;2,67;2,67;12195,00
01.08.2013;3,04;3,44;3,04;3,31;295967,00
02.08.2013;3,32;3,35;3,23;3,30;54988,00
05.08.2013;3,31;3,35;3,25;3,25;29727,00
06.08.2013;3,27;3,27;3,20;3,23;36585,00
07.08.2013;3,20;3,31;3,20;3,30;18895,00
08.08.2013;3,30;3,37;3,25;3,29;17452,00
09.08.2013;3,24;3,39;3,24;3,32;30443,00
12.08.2013;3,31;3,39;3,31;3,39;18733,00
13.08.2013;3,40;3,41;3,31;3,33;61562,00
14.08.2013;3,41;3,41;3,33;3,35;16917,00
15.08.2013;3,35;3,35;3,31;3,35;30137,00
16.08.2013;3,35;3,35;3,33;3,34;7538,00
19.08.2013;3,34;3,35;3,33;3,35;35050,00
20.08.2013;3,32;3,33;3,31;3,33;9400,00
21.08.2013;3,31;3,35;3,31;3,35;9970,00
22.08.2013;3,35;3,35;3,31;3,33;12193,00
23.08.2013;3,31;3,34;3,31;3,34;17627,00
26.08.2013;3,39;3,45;3,36;3,45;93209,00
27.08.2013;3,48;3,68;3,48;3,61;108247,00
28.08.2013;3,67;3,89;3,64;3,74;156227,00
29.08.2013;3,81;3,88;3,81;3,85;58368,00
30.08.2013;3,88;3,91;3,83;3,88;97510,00
02.09.2013;3,90;3,91;3,84;3,87;50008,00
03.09.2013;3,87;3,87;3,53;3,63;111982,00
04.09.2013;3,67;3,83;3,64;3,83;33682,00
05.09.2013;3,81;3,81;3,76;3,77;24830,00
06.09.2013;3,80;3,80;3,68;3,73;15640,00
09.09.2013;3,77;3,77;3,64;3,71;9778,00
10.09.2013;3,71;3,78;3,69;3,75;26792,00
11.09.2013;3,78;3,83;3,78;3,81;24385,00
12.09.2013;3,81;3,84;3,77;3,84;25068,00
13.09.2013;3,84;3,84;3,75;3,77;15938,00
16.09.2013;3,81;3,83;3,74;3,75;18595,00
17.09.2013;3,79;3,79;3,73;3,75;2933,00
18.09.2013;3,75;3,78;3,73;3,78;9685,00
19.09.2013;3,81;3,84;3,68;3,73;33283,00
20.09.2013;3,80;3,80;3,68;3,68;19870,00
23.09.2013;3,71;3,72;3,68;3,68;3570,00
24.09.2013;3,68;3,73;3,63;3,73;19203,00
25.09.2013;3,72;3,72;3,63;3,66;10517,00
26.09.2013;3,70;3,73;3,68;3,73;9983,00
27.09.2013;3,74;3,74;3,73;3,73;14863,00
30.09.2013;3,73;3,73;3,63;3,65;20837,00
01.10.2013;3,66;3,69;3,63;3,69;13698,00
02.10.2013;3,63;3,67;3,62;3,62;16237,00
03.10.2013;3,60;3,67;3,60;3,66;4250,00
04.10.2013;3,65;3,65;3,54;3,62;15688,00
07.10.2013;3,56;3,56;3,49;3,54;17540,00
08.10.2013;3,56;3,62;3,52;3,52;10205,00
09.10.2013;3,52;3,60;3,52;3,60;18238,00
10.10.2013;3,53;3,60;3,53;3,54;8960,00
11.10.2013;3,54;3,54;3,39;3,42;23133,00
14.10.2013;3,39;3,43;3,38;3,39;17280,00
15.10.2013;3,40;3,49;3,40;3,49;22065,00
16.10.2013;3,44;3,48;3,44;3,48;6312,00
17.10.2013;3,42;3,45;3,39;3,39;24685,00
18.10.2013;3,39;3,41;3,34;3,35;8725,00
21.10.2013;3,43;3,43;3,32;3,34;6922,00
22.10.2013;3,33;3,39;3,31;3,31;13837,00
23.10.2013;3,33;3,37;3,28;3,37;26878,00
24.10.2013;3,39;3,44;3,39;3,39;9998,00
25.10.2013;3,44;3,44;3,42;3,42;360,00
28.10.2013;3,44;3,60;3,44;3,59;15015,00
29.10.2013;3,52;3,52;3,45;3,51;19845,00
30.10.2013;3,44;3,53;3,44;3,47;22727,00
31.10.2013;3,64;3,64;3,35;3,39;52853,00
01.11.2013;3,44;3,44;3,38;3,42;12965,00
04.11.2013;3,44;3,44;3,38;3,39;16300,00
05.11.2013;3,39;3,45;3,39;3,39;8992,00
06.11.2013;3,39;3,44;3,38;3,38;8548,00
07.11.2013;3,44;3,44;3,37;3,39;12467,00
08.11.2013;3,39;3,41;3,38;3,40;10610,00
11.11.2013;3,39;3,42;3,37;3,42;5183,00
12.11.2013;3,40;3,45;3,40;3,40;18963,00
13.11.2013;3,40;3,46;3,40;3,46;9360,00
14.11.2013;3,52;3,52;3,41;3,44;16915,00
15.11.2013;3,47;3,48;3,42;3,46;7227,00
18.11.2013;3,48;3,48;3,47;3,48;4517,00
19.11.2013;3,51;3,51;3,49;3,49;2235,00
20.11.2013;3,51;3,51;3,44;3,49;10975,00
21.11.2013;3,44;3,44;3,40;3,40;34282,00
22.11.2013;3,41;3,44;3,41;3,43;15292,00
25.11.2013;3,44;3,47;3,39;3,43;26583,00
26.11.2013;3,42;3,42;3,39;3,42;19328,00
27.11.2013;3,44;3,44;3,39;3,39;19733,00
28.11.2013;3,41;3,47;3,39;3,47;6405,00
29.11.2013;3,47;3,47;3,39;3,41;15137,00
02.12.2013;3,42;3,46;3,39;3,40;17537,00
03.12.2013;3,44;3,45;3,39;3,40;10380,00
04.12.2013;3,44;3,44;3,39;3,39;4265,00
05.12.2013;3,39;3,39;3,36;3,39;24243,00
09.12.2013;3,43;3,43;3,37;3,39;22828,00
10.12.2013;3,44;3,44;3,35;3,37;40163,00
11.12.2013;3,36;3,37;3,36;3,37;10313,00
12.12.2013;3,44;3,45;3,37;3,43;22865,00
13.12.2013;3,42;3,42;3,37;3,38;14863,00
16.12.2013;3,37;3,37;3,36;3,37;6862,00
17.12.2013;3,35;3,43;3,35;3,35;13217,00
18.12.2013;3,35;3,39;3,35;3,35;12083,00
19.12.2013;3,35;3,37;3,35;3,37;15827,00
20.12.2013;3,36;3,36;3,24;3,30;80772,00
23.12.2013;3,29;3,34;3,29;3,30;16308,00
27.12.2013;3,30;3,35;3,30;3,35;12027,00
30.12.2013;3,35;3,39;3,35;3,35;23083,00
02.01.2014;3,37;3,43;3,37;3,43;183190,00
03.01.2014;3,43;3,43;3,39;3,43;15768,00
07.01.2014;3,40;3,47;3,40;3,42;14607,00
08.01.2014;3,48;3,52;3,47;3,52;15167,00
09.01.2014;3,49;3,54;3,45;3,50;12780,00
10.01.2014;3,52;3,52;3,47;3,52;11627,00
13.01.2014;3,51;3,60;3,51;3,56;14410,00
14.01.2014;3,60;3,62;3,53;3,57;12677,00
15.01.2014;3,59;3,61;3,54;3,54;44775,00
16.01.2014;3,56;3,56;3,54;3,55;4635,00
17.01.2014;3,55;3,60;3,55;3,59;9713,00
20.01.2014;3,63;3,63;3,55;3,58;11937,00
21.01.2014;3,56;3,57;3,52;3,52;13555,00
22.01.2014;3,54;3,60;3,53;3,58;10203,00
23.01.2014;3,59;3,59;3,49;3,55;12753,00
24.01.2014;3,55;3,59;3,49;3,58;7150,00
27.01.2014;3,55;3,55;3,48;3,49;13937,00
28.01.2014;3,49;3,49;3,44;3,44;6805,00
29.01.2014;3,46;3,49;3,41;3,42;11158,00
30.01.2014;3,44;3,48;3,41;3,41;9908,00
31.01.2014;3,42;3,44;3,40;3,44;5773,00
03.02.2014;3,44;3,49;3,38;3,47;21790,00
04.02.2014;3,41;3,41;3,35;3,39;13603,00
05.02.2014;3,39;3,39;3,27;3,32;36197,00
06.02.2014;3,41;3,41;3,23;3,27;28870,00
07.02.2014;3,31;3,35;3,30;3,30;18858,00
10.02.2014;3,31;3,37;3,30;3,37;35007,00
11.02.2014;3,39;3,45;3,29;3,39;28087,00
12.02.2014;3,44;3,46;3,31;3,31;29270,00
13.02.2014;3,30;3,39;3,30;3,37;29803,00
14.02.2014;3,51;3,56;3,36;3,41;114640,00
17.02.2014;3,46;3,49;3,41;3,49;169772,00
18.02.2014;3,49;3,56;3,39;3,47;187575,00
19.02.2014;3,49;3,54;3,46;3,52;31197,00
20.02.2014;3,52;3,57;3,52;3,52;69702,00
21.02.2014;3,57;3,57;3,44;3,54;27805,00
24.02.2014;3,56;3,58;3,54;3,54;22810,00
25.02.2014;3,63;3,63;3,59;3,59;33173,00
26.02.2014;3,59;3,59;3,54;3,54;10220,00
27.02.2014;3,56;3,56;3,51;3,51;6963,00
28.02.2014;3,51;3,51;3,48;3,48;15192,00
03.03.2014;3,44;3,44;3,33;3,34;40860,00
04.03.2014;3,41;3,47;3,41;3,44;26957,00
05.03.2014;3,46;3,49;3,39;3,39;44848,00
06.03.2014;3,41;3,46;3,39;3,41;141795,00
07.03.2014;3,44;3,47;3,39;3,40;321156,00
10.03.2014;3,39;3,44;3,39;3,39;19042,00
11.03.2014;3,42;3,44;3,40;3,40;13115,00
12.03.2014;3,44;3,44;3,35;3,37;105599,00
13.03.2014;3,35;3,39;3,35;3,37;8713,00
14.03.2014;3,37;3,37;3,32;3,32;15650,00
17.03.2014;3,32;3,36;3,32;3,35;23663,00
18.03.2014;3,36;3,37;3,29;3,31;210260,00
19.03.2014;3,31;3,34;3,23;3,24;37283,00
20.03.2014;3,24;3,25;3,16;3,16;21777,00
21.03.2014;3,16;3,18;3,09;3,09;49270,00
24.03.2014;3,12;3,25;3,12;3,19;31363,00
25.03.2014;3,20;3,25;3,20;3,21;12132,00
26.03.2014;3,19;3,26;3,19;3,25;23898,00
27.03.2014;3,15;3,21;3,15;3,15;8162,00
28.03.2014;3,15;3,16;3,15;3,15;174904,00
31.03.2014;3,21;3,21;3,11;3,11;18740,00
01.04.2014;3,22;3,31;3,19;3,20;48537,00
02.04.2014;3,27;3,31;3,20;3,24;25575,00
03.04.2014;3,23;3,23;3,23;3,23;333,00
04.04.2014;3,26;3,27;3,23;3,27;212997,00
07.04.2014;3,27;3,27;3,24;3,24;2805,00
08.04.2014;3,30;3,30;3,25;3,25;6883,00
09.04.2014;3,27;3,27;3,25;3,27;3527,00
10.04.2014;3,32;3,36;3,25;3,26;16927,00
11.04.2014;3,26;3,26;3,20;3,20;12052,00
14.04.2014;3,20;3,20;3,08;3,10;18138,00
15.04.2014;3,10;3,25;3,10;3,21;6117,00
16.04.2014;3,21;3,22;3,11;3,22;3393,00
17.04.2014;3,16;3,17;3,15;3,15;8167,00
22.04.2014;3,16;3,23;3,16;3,16;16867,00
23.04.2014;3,21;3,25;3,13;3,15;22770,00
24.04.2014;3,15;3,20;3,15;3,15;37055,00
25.04.2014;3,13;3,22;3,12;3,15;12652,00
28.04.2014;3,19;3,19;3,15;3,15;19772,00
29.04.2014;3,15;3,19;3,15;3,15;10577,00
30.04.2014;3,19;3,19;3,14;3,15;12320,00
02.05.2014;3,19;3,19;3,16;3,16;7447,00
05.05.2014;3,19;3,19;3,16;3,17;10105,00
06.05.2014;3,17;3,20;3,14;3,15;20867,00
07.05.2014;3,24;3,33;3,24;3,27;54482,00
08.05.2014;3,32;3,35;3,27;3,35;16222,00
09.05.2014;3,34;3,34;3,26;3,26;9337,00
12.05.2014;3,27;3,28;3,25;3,25;6750,00
13.05.2014;3,26;3,30;3,25;3,27;8792,00
14.05.2014;3,27;3,27;3,27;3,27;1867,00
15.05.2014;3,25;3,30;3,25;3,30;918,00
16.05.2014;3,30;3,30;3,25;3,25;1480,00
19.05.2014;3,25;3,29;3,24;3,24;5408,00
20.05.2014;3,25;3,35;3,23;3,35;34133,00
21.05.2014;3,34;3,34;3,32;3,34;500,00
22.05.2014;3,31;3,35;3,28;3,28;11607,00
23.05.2014;3,27;3,32;3,25;3,28;7647,00
26.05.2014;3,32;3,33;3,30;3,30;10233,00
27.05.2014;3,32;3,32;3,30;3,31;25483,00
28.05.2014;3,32;3,32;3,29;3,29;9763,00
30.05.2014;3,30;3,33;3,30;3,31;12442,00
02.06.2014;3,33;3,41;3,32;3,41;66168,00
03.06.2014;3,42;3,44;3,37;3,37;25602,00
04.06.2014;3,42;3,44;3,39;3,39;12223,00
05.06.2014;3,38;3,45;3,38;3,45;12303,00
06.06.2014;3,44;3,45;3,39;3,39;20433,00
09.06.2014;3,38;3,39;3,35;3,37;4365,00
10.06.2014;3,37;3,40;3,32;3,40;7765,00
11.06.2014;3,39;3,41;3,38;3,39;17395,00
12.06.2014;3,39;3,41;3,35;3,35;5313,00
13.06.2014;3,37;3,37;3,35;3,35;10787,00
16.06.2014;3,37;3,44;3,35;3,39;18222,00
17.06.2014;3,40;3,41;3,37;3,40;14992,00
18.06.2014;3,39;3,41;3,35;3,41;5333,00
19.06.2014;3,41;3,44;3,39;3,44;37238,00
23.06.2014;3,44;3,48;3,40;3,45;19952,00
24.06.2014;3,49;3,49;3,44;3,46;2625,00
25.06.2014;3,44;3,44;3,40;3,40;11658,00
26.06.2014;3,44;3,48;3,44;3,46;5528,00
27.06.2014;3,47;3,47;3,42;3,42;8667,00
30.06.2014;3,42;3,47;3,41;3,42;11017,00
01.07.2014;3,45;3,45;3,43;3,43;4600,00
02.07.2014;3,45;3,45;3,43;3,43;8632,00
03.07.2014;3,43;3,44;3,43;3,44;3425,00
04.07.2014;3,43;3,45;3,42;3,45;9747,00
07.07.2014;3,45;3,45;3,41;3,41;7153,00
08.07.2014;3,41;3,41;3,40;3,40;3850,00
09.07.2014;3,40;3,41;3,39;3,39;2493,00
10.07.2014;3,39;3,39;3,33;3,33;12062,00
11.07.2014;3,32;3,38;3,32;3,35;1708,00
14.07.2014;3,38;3,39;3,38;3,38;11133,00
15.07.2014;3,38;3,38;3,37;3,37;2650,00
16.07.2014;3,39;3,40;3,39;3,39;2392,00
17.07.2014;3,40;3,40;3,38;3,38;5350,00
18.07.2014;3,39;3,43;3,39;3,43;2817,00
21.07.2014;3,44;3,44;3,37;3,41;9875,00
22.07.2014;3,43;3,43;3,38;3,39;8800,00
23.07.2014;3,41;3,42;3,38;3,39;3562,00
24.07.2014;3,39;3,40;3,37;3,40;12183,00
25.07.2014;3,37;3,40;3,37;3,37;12687,00
28.07.2014;3,37;3,37;3,37;3,37;3628,00
29.07.2014;3,40;3,41;3,40;3,40;4283,00
30.07.2014;3,38;3,42;3,37;3,42;7517,00
31.07.2014;3,38;3,38;3,37;3,37;21885,00
01.08.2014;3,36;3,36;3,31;3,31;6343,00
04.08.2014;3,31;3,35;3,31;3,31;14370,00
05.08.2014;3,35;3,35;3,24;3,25;17372,00
06.08.2014;3,24;3,24;3,16;3,17;22100,00
07.08.2014;3,18;3,19;3,15;3,19;5780,00
08.08.2014;3,15;3,15;3,04;3,08;23873,00
11.08.2014;3,07;3,38;3,04;3,25;15658,00
12.08.2014;3,27;3,27;3,19;3,19;10417,00
13.08.2014;3,15;3,20;3,15;3,19;5473,00
14.08.2014;3,19;3,22;3,19;3,22;8392,00
15.08.2014;3,19;3,20;3,19;3,19;1558,00
18.08.2014;3,19;3,23;3,19;3,20;3967,00
19.08.2014;3,19;3,27;3,19;3,27;18285,00
20.08.2014;3,22;3,25;3,20;3,21;3305,00
21.08.2014;3,20;3,22;3,17;3,17;33085,00
22.08.2014;3,18;3,23;3,15;3,23;16157,00
25.08.2014;3,19;3,22;3,15;3,16;46475,00
26.08.2014;3,15;3,18;3,15;3,17;13573,00
27.08.2014;3,16;3,20;3,16;3,20;13767,00
28.08.2014;3,16;3,16;3,15;3,15;11562,00
29.08.2014;3,13;3,14;3,09;3,09;9812,00
01.09.2014;3,09;3,14;3,08;3,08;8518,00
02.09.2014;3,11;3,15;3,11;3,11;11552,00
03.09.2014;3,11;3,18;3,11;3,14;7502,00
04.09.2014;3,14;3,15;3,11;3,15;6103,00
05.09.2014;3,15;3,26;3,15;3,26;22950,00
08.09.2014;3,30;3,30;3,21;3,27;9242,00
09.09.2014;3,23;3,23;3,15;3,15;6640,00
10.09.2014;3,19;3,19;3,15;3,15;2090,00
11.09.2014;3,16;3,19;3,16;3,19;4507,00
12.09.2014;3,18;3,19;3,15;3,16;8645,00
15.09.2014;3,19;3,19;3,12;3,12;8492,00
16.09.2014;3,12;3,12;3,09;3,09;11412,00
17.09.2014;3,09;3,14;2,98;3,06;32603,00
18.09.2014;3,06;3,07;3,05;3,06;9767,00
19.09.2014;3,06;3,13;3,06;3,07;1863,00
22.09.2014;3,14;3,15;3,14;3,15;3917,00
23.09.2014;3,14;3,14;3,07;3,07;1697,00
24.09.2014;3,08;3,08;3,01;3,02;24795,00
25.09.2014;3,10;3,19;3,10;3,15;64710,00
26.09.2014;3,18;3,18;3,11;3,13;1400,00
29.09.2014;3,11;3,13;3,03;3,06;7167,00
30.09.2014;3,06;3,06;3,03;3,04;10923,00
01.10.2014;3,04;3,05;3,02;3,04;6208,00
02.10.2014;3,02;3,03;2,90;2,99;21592,00
03.10.2014;2,98;2,98;2,93;2,94;12288,00
06.10.2014;2,96;2,99;2,90;2,91;15753,00
07.10.2014;3,04;3,04;2,92;2,93;6775,00
08.10.2014;2,97;2,98;2,93;2,97;2708,00
09.10.2014;2,93;2,93;2,88;2,88;13862,00
10.10.2014;2,88;2,88;2,79;2,82;17320,00
13.10.2014;2,82;2,96;2,79;2,80;2900,00
14.10.2014;2,80;2,90;2,79;2,79;3528,00
15.10.2014;2,79;2,83;2,77;2,77;18072,00
16.10.2014;2,83;2,83;2,77;2,78;13502,00
17.10.2014;2,77;2,83;2,77;2,83;16105,00
20.10.2014;2,83;2,83;2,77;2,82;5458,00
21.10.2014;2,83;2,83;2,79;2,82;9297,00
22.10.2014;2,83;2,88;2,83;2,87;14730,00
23.10.2014;2,97;2,97;2,80;2,81;16702,00
24.10.2014;2,81;2,88;2,80;2,87;2752,00
27.10.2014;2,86;2,86;2,81;2,81;2652,00
28.10.2014;2,80;2,83;2,80;2,83;4830,00
29.10.2014;2,83;2,86;2,83;2,86;4030,00
30.10.2014;2,87;2,98;2,87;2,97;15497,00
31.10.2014;2,96;2,98;2,84;2,93;4847,00
03.11.2014;2,93;2,93;2,84;2,90;9837,00
04.11.2014;2,93;2,94;2,86;2,93;7110,00
05.11.2014;2,98;3,06;2,93;3,01;30625,00
06.11.2014;3,01;3,01;2,90;2,98;13325,00
07.11.2014;3,00;3,00;2,85;2,90;14005,00
10.11.2014;2,85;2,93;2,84;2,84;13600,00
11.11.2014;2,84;2,84;2,76;2,76;13880,00
12.11.2014;2,76;2,77;2,71;2,72;36227,00
13.11.2014;2,77;2,81;2,76;2,77;9703,00
14.11.2014;2,75;2,77;2,71;2,71;23240,00
17.11.2014;2,71;2,72;2,65;2,70;30127,00
18.11.2014;2,74;2,74;2,67;2,69;19462,00
19.11.2014;2,71;2,71;2,67;2,69;18965,00
20.11.2014;2,68;2,68;2,62;2,62;36972,00
21.11.2014;2,68;2,68;2,63;2,66;35330,00
24.11.2014;2,69;2,70;2,64;2,68;84402,00
25.11.2014;2,69;2,77;2,69;2,71;28567,00
26.11.2014;2,69;2,72;2,67;2,67;9853,00
27.11.2014;2,68;2,70;2,67;2,68;10657,00
28.11.2014;2,68;2,68;2,61;2,62;46032,00
01.12.2014;2,62;2,67;2,62;2,65;21508,00
02.12.2014;2,65;2,65;2,57;2,58;19473,00
03.12.2014;2,60;2,62;2,59;2,60;21782,00
04.12.2014;2,62;2,65;2,62;2,64;34495,00
05.12.2014;2,63;2,64;2,62;2,62;11043,00
08.12.2014;2,62;2,65;2,62;2,62;20377,00
09.12.2014;2,59;2,61;2,58;2,58;13362,00
10.12.2014;2,58;2,64;2,58;2,64;13547,00
11.12.2014;2,64;2,64;2,58;2,61;26028,00
12.12.2014;2,58;2,61;2,56;2,58;8085,00
15.12.2014;2,61;2,61;2,54;2,57;17098,00
16.12.2014;2,57;2,57;2,40;2,44;56998,00
17.12.2014;2,48;2,48;2,32;2,40;40943,00
18.12.2014;2,43;2,48;2,34;2,46;78100,00
19.12.2014;2,40;2,43;2,33;2,37;83975,00
22.12.2014;2,35;2,35;2,28;2,34;97982,00
23.12.2014;2,28;2,37;2,28;2,34;51775,00
29.12.2014;2,34;2,36;2,32;2,34;48515,00
30.12.2014;2,34;2,45;2,33;2,34;109814,00
02.01.2015;2,38;2,82;2,36;2,62;135152,00
05.01.2015;2,64;2,65;2,56;2,56;12075,00
07.01.2015;2,61;2,62;2,52;2,56;7948,00
08.01.2015;2,58;2,63;2,56;2,63;8672,00
09.01.2015;2,61;2,64;2,57;2,57;22583,00
12.01.2015;2,57;2,63;2,53;2,54;35502,00
13.01.2015;2,54;2,57;2,53;2,53;10090,00
14.01.2015;2,53;2,57;2,48;2,48;15817,00
15.01.2015;2,50;2,54;2,46;2,49;17245,00
16.01.2015;2,50;2,58;2,50;2,58;8188,00
19.01.2015;2,59;2,59;2,51;2,55;42163,00
20.01.2015;2,53;2,54;2,52;2,54;29267,00
21.01.2015;2,53;2,54;2,53;2,54;23082,00
22.01.2015;2,56;2,58;2,53;2,58;37095,00
23.01.2015;2,59;2,73;2,58;2,72;1769942,00
26.01.2015;2,69;2,69;2,62;2,67;65370,00
27.01.2015;2,67;2,67;2,61;2,61;20623,00
28.01.2015;2,65;2,69;2,62;2,66;24238,00
29.01.2015;2,61;2,66;2,61;2,66;3310,00
30.01.2015;2,61;2,67;2,61;2,67;13765,00
02.02.2015;2,65;2,67;2,60;2,62;26148,00
03.02.2015;2,69;2,69;2,65;2,69;36390,00
04.02.2015;2,65;2,71;2,65;2,71;9340,00
05.02.2015;2,72;2,77;2,67;2,71;21980,00
06.02.2015;2,73;2,74;2,68;2,70;50157,00
09.02.2015;2,77;2,77;2,71;2,73;8158,00
10.02.2015;2,73;2,77;2,72;2,76;27867,00
11.02.2015;2,86;2,91;2,84;2,84;161379,00
12.02.2015;2,86;2,89;2,84;2,85;99477,00
13.02.2015;2,88;2,89;2,82;2,89;21175,00
16.02.2015;2,86;2,90;2,85;2,88;26720,00
17.02.2015;2,87;2,88;2,83;2,85;18202,00
18.02.2015;2,87;2,88;2,85;2,86;6687,00
19.02.2015;2,86;2,87;2,84;2,85;23832,00
20.02.2015;2,85;2,86;2,83;2,84;17780,00
23.02.2015;2,84;2,85;2,83;2,84;3772,00
24.02.2015;2,85;2,86;2,82;2,82;19888,00
25.02.2015;2,82;2,85;2,82;2,82;12763,00
26.02.2015;2,82;2,83;2,80;2,80;10417,00
27.02.2015;2,82;2,82;2,80;2,80;4690,00
02.03.2015;2,85;2,86;2,82;2,84;17585,00
03.03.2015;2,83;2,88;2,83;2,85;11417,00
04.03.2015;2,88;2,88;2,83;2,83;14612,00
05.03.2015;2,83;2,87;2,80;2,82;10347,00
06.03.2015;2,82;2,88;2,82;2,87;60453,00
09.03.2015;2,87;2,89;2,87;2,87;24930,00
10.03.2015;2,90;2,90;2,86;2,86;25772,00
11.03.2015;2,85;2,88;2,85;2,85;13330,00
12.03.2015;2,86;2,86;2,82;2,82;34202,00
13.03.2015;2,83;2,83;2,81;2,81;31447,00
16.03.2015;2,81;2,83;2,81;2,81;24295,00
17.03.2015;2,81;2,82;2,81;2,81;17658,00
18.03.2015;2,82;2,82;2,82;2,82;28295,00
19.03.2015;2,82;2,83;2,82;2,82;20643,00
20.03.2015;2,82;2,83;2,81;2,81;21692,00
23.03.2015;2,81;2,83;2,80;2,82;42588,00
24.03.2015;2,82;2,82;2,79;2,80;61767,00
25.03.2015;2,82;2,85;2,82;2,83;128049,00
26.03.2015;2,79;2,81;2,73;2,80;61913,00
27.03.2015;2,74;2,79;2,74;2,79;6518,00
30.03.2015;2,77;2,80;2,75;2,80;24732,00
31.03.2015;2,78;2,83;2,75;2,81;48557,00
01.04.2015;2,75;2,80;2,75;2,80;13312,00
02.04.2015;2,79;2,83;2,76;2,82;134329,00
07.04.2015;2,83;2,83;2,79;2,82;46322,00
08.04.2015;2,82;2,83;2,82;2,83;80685,00
09.04.2015;2,83;2,89;2,82;2,89;108440,00
10.04.2015;2,90;2,91;2,87;2,90;27850,00
13.04.2015;2,87;2,98;2,86;2,98;64012,00
14.04.2015;2,97;3,01;2,96;3,01;28005,00
15.04.2015;3,01;3,22;3,01;3,18;89289,00
16.04.2015;3,23;3,25;3,18;3,20;48023,00
17.04.2015;3,24;3,26;3,15;3,19;90922,00
20.04.2015;3,19;3,27;3,14;3,26;41997,00
21.04.2015;3,27;3,30;3,20;3,23;33848,00
22.04.2015;3,27;3,27;3,19;3,23;14813,00
23.04.2015;3,24;3,24;3,15;3,16;20103,00
24.04.2015;3,17;3,20;3,16;3,16;10577,00
27.04.2015;3,17;3,18;3,15;3,18;12015,00
28.04.2015;3,18;3,20;3,17;3,19;13033,00
29.04.2015;3,19;3,22;3,02;3,06;30102,00
30.04.2015;2,93;3,07;2,93;2,99;43062,00
04.05.2015;3,02;3,07;3,02;3,05;23482,00
05.05.2015;3,07;3,11;3,07;3,11;21678,00
06.05.2015;3,07;3,17;3,07;3,16;19610,00
07.05.2015;3,14;3,14;3,04;3,06;14423,00
08.05.2015;3,11;3,13;3,06;3,06;10950,00
11.05.2015;3,11;3,11;3,06;3,09;4057,00
12.05.2015;3,08;3,10;3,05;3,10;11428,00
13.05.2015;3,09;3,13;3,06;3,13;22735,00
15.05.2015;3,14;3,15;3,11;3,11;1696072,00
18.05.2015;3,11;3,15;3,09;3,09;24830,00
19.05.2015;3,11;3,15;3,11;3,15;10655,00
20.05.2015;3,14;3,15;3,09;3,14;20088,00
21.05.2015;3,13;3,15;3,11;3,12;25463,00
22.05.2015;3,15;3,19;3,15;3,16;22543,00
25.05.2015;3,17;3,26;3,17;3,25;69610,00
26.05.2015;3,23;3,27;3,23;3,23;35075,00
27.05.2015;3,25;3,25;3,12;3,20;72705,00
28.05.2015;3,20;3,20;3,08;3,15;21985,00
29.05.2015;3,14;3,15;3,07;3,15;15558,00
01.06.2015;3,19;3,19;3,03;3,07;21928,00
02.06.2015;3,11;3,11;3,06;3,06;3132,00
03.06.2015;3,06;3,12;3,06;3,11;3000,00
04.06.2015;3,11;3,11;3,04;3,04;6780,00
05.06.2015;3,02;3,06;2,99;3,06;11537,00
08.06.2015;3,05;3,12;2,97;2,97;24372,00
09.06.2015;3,01;3,06;2,95;2,95;56520,00
10.06.2015;2,96;2,99;2,94;2,94;26953,00
11.06.2015;2,96;3,01;2,90;2,96;50328,00
12.06.2015;2,98;2,99;2,91;2,91;30810,00
15.06.2015;2,98;2,98;2,83;2,90;47275,00
16.06.2015;2,90;2,93;2,83;2,93;22915,00
17.06.2015;2,93;2,93;2,86;2,90;6648,00
18.06.2015;2,87;2,92;2,75;2,91;305107,00
22.06.2015;2,90;3,06;2,88;3,06;40733,00
23.06.2015;3,02;3,09;2,98;3,08;23670,00
24.06.2015;3,08;3,11;3,06;3,11;9180,00
25.06.2015;3,09;3,11;3,08;3,08;6112,00
26.06.2015;3,09;3,15;3,06;3,15;23165,00
29.06.2015;3,06;3,15;3,06;3,15;61297,00
30.06.2015;3,06;3,11;3,06;3,07;12008,00
01.07.2015;3,15;3,15;2,99;2,99;16780,00
02.07.2015;3,00;3,11;2,98;3,11;3935,00
03.07.2015;3,06;3,11;2,99;3,06;5675,00
06.07.2015;3,01;3,06;2,98;3,06;6583,00
07.07.2015;3,01;3,01;3,00;3,00;5267,00
08.07.2015;3,00;3,02;2,98;3,02;8452,00
09.07.2015;3,04;3,08;3,02;3,08;6440,00
10.07.2015;3,08;3,08;3,06;3,06;12760,00
13.07.2015;3,14;3,15;3,14;3,15;4950,00
14.07.2015;3,16;3,16;3,15;3,15;1633,00
15.07.2015;3,11;3,11;3,03;3,05;1217,00
16.07.2015;3,07;3,11;3,06;3,06;9000,00
17.07.2015;3,11;3,11;3,03;3,09;5982,00
20.07.2015;3,06;3,09;3,05;3,09;9528,00
21.07.2015;3,09;3,11;3,09;3,09;2697,00
22.07.2015;3,06;3,06;3,06;3,06;1275,00
23.07.2015;3,05;3,06;3,05;3,06;1608,00
24.07.2015;3,08;3,11;3,08;3,11;1833,00
27.07.2015;3,05;3,05;2,99;3,00;17833,00
28.07.2015;3,06;3,06;3,06;3,06;1117,00
29.07.2015;3,05;3,06;2,99;3,03;16707,00
30.07.2015;3,01;3,04;3,00;3,01;13308,00
31.07.2015;3,02;3,03;3,01;3,01;9428,00
03.08.2015;3,01;3,05;3,01;3,05;3708,00
04.08.2015;3,05;3,06;2,99;2,99;8660,00
05.08.2015;3,11;3,20;3,11;3,20;87799,00
06.08.2015;3,20;3,20;3,07;3,12;75910,00
07.08.2015;3,12;3,16;3,11;3,11;35452,00
10.08.2015;3,11;3,15;3,11;3,11;25758,00
11.08.2015;3,13;3,15;3,03;3,03;22885,00
12.08.2015;3,03;3,04;2,98;2,98;28142,00
13.08.2015;3,00;3,06;2,98;3,03;20188,00
14.08.2015;3,00;3,05;2,98;2,98;6022,00
17.08.2015;3,02;3,03;2,98;2,98;17850,00
18.08.2015;3,00;3,06;2,97;3,06;148545,00
19.08.2015;3,11;3,12;3,03;3,03;60635,00
20.08.2015;3,04;3,04;2,87;2,87;21416,00
21.08.2015;2,82;2,86;2,71;2,79;35268,00
24.08.2015;2,80;2,82;2,63;2,70;27769,00
25.08.2015;2,70;2,77;2,68;2,68;55675,00
26.08.2015;2,70;2,77;2,58;2,65;65539,00
27.08.2015;2,60;2,60;2,53;2,55;135996,00
28.08.2015;2,55;2,60;2,42;2,42;166244,00
31.08.2015;2,46;2,50;2,43;2,47;79592,00
01.09.2015;2,48;2,54;2,48;2,54;43749,00
02.09.2015;2,54;2,54;2,47;2,53;45976,00
03.09.2015;2,55;2,62;2,51;2,61;84201,00
04.09.2015;2,61;2,61;2,53;2,55;14176,00
07.09.2015;2,55;2,59;2,55;2,57;7160,00
08.09.2015;2,63;2,65;2,56;2,65;24315,00
09.09.2015;2,65;2,65;2,60;2,61;40291,00
10.09.2015;2,64;2,68;2,60;2,64;31187,00
11.09.2015;2,66;2,70;2,65;2,67;20252,00
14.09.2015;2,68;2,72;2,62;2,68;18588,00
15.09.2015;2,70;2,70;2,58;2,63;16189,00
16.09.2015;2,66;2,66;2,58;2,62;17096,00
17.09.2015;2,62;2,62;2,54;2,60;26587,00
18.09.2015;2,60;2,65;2,56;2,56;28028,00
21.09.2015;2,61;2,63;2,59;2,62;25252,00
22.09.2015;2,63;2,65;2,56;2,57;66543,00
23.09.2015;2,57;2,61;2,56;2,57;8412,00
24.09.2015;2,63;2,63;2,52;2,54;53879,00
25.09.2015;2,60;2,62;2,58;2,60;19140,00
28.09.2015;2,63;2,63;2,53;2,53;16020,00
29.09.2015;2,51;2,55;2,51;2,53;4535,00
30.09.2015;2,56;2,56;2,52;2,53;10069,00
01.10.2015;2,57;2,58;2,52;2,52;6106,00
02.10.2015;2,56;2,57;2,52;2,52;5265,00
05.10.2015;2,58;2,58;2,54;2,57;9477,00
06.10.2015;2,56;2,60;2,55;2,57;13216,00
07.10.2015;2,59;2,60;2,57;2,60;14917,00
08.10.2015;2,60;2,60;2,57;2,60;6611,00
09.10.2015;2,60;2,61;2,59;2,60;71141,00
12.10.2015;2,60;2,66;2,58;2,58;22227,00
13.10.2015;2,58;2,64;2,58;2,62;23143,00
14.10.2015;2,64;2,66;2,64;2,66;31863,00
15.10.2015;2,66;2,68;2,66;2,68;23949,00
16.10.2015;2,67;2,70;2,66;2,70;30578,00
19.10.2015;2,70;2,71;2,67;2,67;15901,00
20.10.2015;2,67;2,70;2,66;2,66;6794,00
21.10.2015;2,66;2,70;2,65;2,70;7482,00
22.10.2015;2,71;2,72;2,68;2,68;17490,00
23.10.2015;2,70;2,72;2,69;2,70;42191,00
26.10.2015;2,72;2,73;2,70;2,70;25905,00
27.10.2015;2,72;2,72;2,67;2,69;6152,00
28.10.2015;2,67;2,73;2,67;2,70;11764,00
29.10.2015;2,70;2,71;2,66;2,71;16040,00
30.10.2015;2,70;2,72;2,66;2,68;12401,00
02.11.2015;2,67;2,72;2,61;2,65;16140,00
03.11.2015;2,65;2,71;2,65;2,71;12208,00
04.11.2015;2,71;2,75;2,68;2,74;33051,00
05.11.2015;2,67;2,80;2,67;2,79;42174,00
06.11.2015;2,79;2,79;2,67;2,71;35577,00
09.11.2015;2,75;2,85;2,72;2,80;49981,00
10.11.2015;2,80;2,82;2,78;2,80;147928,00
11.11.2015;2,81;2,82;2,76;2,81;38031,00
12.11.2015;2,82;2,84;2,80;2,83;27047,00
13.11.2015;2,81;2,85;2,79;2,80;65509,00
16.11.2015;2,74;2,84;2,74;2,80;25763,00
17.11.2015;2,80;2,85;2,76;2,80;38075,00
18.11.2015;2,80;2,81;2,79;2,81;8153,00
19.11.2015;2,81;2,87;2,81;2,86;28806,00
20.11.2015;2,86;2,97;2,86;2,91;27635,00
23.11.2015;2,91;2,97;2,82;2,97;13283,00
24.11.2015;2,95;2,96;2,90;2,92;18643,00
25.11.2015;2,90;2,93;2,90;2,92;16248,00
26.11.2015;2,94;2,94;2,92;2,93;9122,00
27.11.2015;2,92;2,98;2,92;2,94;20900,00
30.11.2015;2,94;3,03;2,94;3,03;26593,00
01.12.2015;3,08;3,42;3,04;3,14;1593571,00
02.12.2015;3,13;3,15;3,09;3,09;35248,00
03.12.2015;3,10;3,15;3,03;3,03;22964,00
04.12.2015;3,15;3,15;3,05;3,09;9902,00
07.12.2015;3,09;3,15;3,09;3,15;2245471,00
08.12.2015;3,15;3,15;3,06;3,07;12339,00
09.12.2015;3,09;3,09;3,01;3,02;13041,00
10.12.2015;3,01;3,08;3,01;3,07;11001,00
11.12.2015;3,08;3,09;2,91;2,95;26203,00
14.12.2015;2,95;3,06;2,95;2,95;4803,00
15.12.2015;3,02;3,06;2,98;2,98;3525,00
16.12.2015;3,00;3,00;2,93;2,95;16194,00
17.12.2015;2,96;3,03;2,96;2,97;13934,00
18.12.2015;2,98;3,00;2,95;2,96;9749,00
21.12.2015;2,98;3,04;2,98;3,04;10242,00
22.12.2015;3,04;3,04;2,97;2,97;5967,00
23.12.2015;3,05;3,05;2,92;3,02;15240,00
28.12.2015;2,99;3,05;2,95;2,96;24860,00
29.12.2015;2,96;3,01;2,95;2,99;29546,00
30.12.2015;2,97;3,19;2,97;3,10;65018,00
04.01.2016;3,10;3,10;2,96;3,00;21184,00
05.01.2016;3,02;3,03;2,98;3,00;7071,00
07.01.2016;3,00;3,00;2,83;2,89;15815,00
08.01.2016;2,90;2,96;2,87;2,91;11944,00
11.01.2016;2,95;2,95;2,91;2,94;1647,00
12.01.2016;2,94;2,99;2,93;2,95;11029,00
13.01.2016;2,99;3,11;2,99;3,03;14358,00
14.01.2016;3,00;3,02;2,90;2,94;13492,00
15.01.2016;2,97;2,97;2,84;2,85;21851,00
18.01.2016;2,85;2,87;2,75;2,81;13839,00
19.01.2016;2,81;2,87;2,80;2,85;14415,00
20.01.2016;2,80;2,82;2,79;2,82;4598,00
21.01.2016;2,78;2,81;2,71;2,81;8238,00
22.01.2016;2,85;2,90;2,81;2,85;10864,00
25.01.2016;2,85;2,88;2,85;2,86;6552,00
26.01.2016;2,86;2,86;2,80;2,85;12394,00
27.01.2016;2,87;2,87;2,81;2,81;3670,00
28.01.2016;2,82;2,85;2,82;2,82;6866,00
29.01.2016;2,83;2,88;2,81;2,87;6970,00
01.02.2016;2,87;2,92;2,84;2,92;14069,00
02.02.2016;2,88;2,94;2,87;2,93;5058,00
03.02.2016;2,82;2,92;2,81;2,92;12873,00
04.02.2016;2,93;2,94;2,87;2,87;1098,00
05.02.2016;2,86;2,94;2,86;2,89;3906,00
08.02.2016;2,86;2,87;2,77;2,77;6075,00
09.02.2016;2,77;2,85;2,67;2,69;14208,00
10.02.2016;2,88;2,88;2,70;2,71;5197,00
11.02.2016;2,60;2,83;2,60;2,73;4115,00
12.02.2016;2,70;2,79;2,66;2,79;4455,00
15.02.2016;2,80;2,90;2,80;2,82;20382,00
16.02.2016;2,89;2,94;2,87;2,88;13482,00
17.02.2016;2,87;2,95;2,87;2,95;16610,00
18.02.2016;3,21;3,28;3,10;3,12;159923,00
19.02.2016;3,14;3,14;3,04;3,10;28550,00
22.02.2016;3,10;3,14;3,09;3,10;29536,00
23.02.2016;3,11;3,15;3,08;3,11;30030,00
24.02.2016;3,10;3,12;3,05;3,06;12221,00
25.02.2016;3,04;3,12;3,04;3,09;11250,00
26.02.2016;3,11;3,12;3,08;3,10;26337,00
29.02.2016;3,11;3,12;3,08;3,11;31198,00
01.03.2016;3,12;3,14;3,11;3,12;12872,00
02.03.2016;3,14;3,17;3,13;3,15;37769,00
03.03.2016;3,17;3,17;3,14;3,15;17139,00
04.03.2016;3,18;3,18;3,14;3,15;17587,00
07.03.2016;3,16;3,18;3,14;3,18;11880,00
08.03.2016;3,18;3,19;3,13;3,17;8310,00
09.03.2016;3,18;3,19;3,17;3,19;71979,00
10.03.2016;3,19;3,24;3,18;3,22;81333,00
11.03.2016;3,22;3,27;3,20;3,25;9556,00
14.03.2016;3,25;3,38;3,25;3,33;35282,00
15.03.2016;3,35;3,37;3,25;3,29;13101,00
16.03.2016;3,37;3,41;3,35;3,40;31036,00
17.03.2016;3,40;3,42;3,35;3,38;26152,00
18.03.2016;3,38;3,39;3,35;3,39;15111,00
21.03.2016;3,39;3,43;3,37;3,42;30675,00
22.03.2016;3,43;3,43;3,38;3,42;21551,00
23.03.2016;3,31;3,39;3,31;3,39;20653,00
24.03.2016;3,39;3,43;3,33;3,43;29264,00
29.03.2016;3,44;3,57;3,44;3,48;38993,00
30.03.2016;3,52;3,53;3,48;3,53;11590,00
31.03.2016;3,54;3,56;3,50;3,53;17985,00
01.04.2016;3,50;3,53;3,50;3,50;12179,00
04.04.2016;3,50;3,55;3,49;3,49;28550,00
05.04.2016;3,54;3,54;3,42;3,42;8169,00
06.04.2016;3,42;3,49;3,40;3,41;12673,00
07.04.2016;3,44;3,48;3,40;3,40;2106,00
08.04.2016;3,40;3,43;3,36;3,40;14260,00
11.04.2016;3,42;3,42;3,37;3,37;15635,00
12.04.2016;3,37;3,37;3,31;3,32;9616,00
13.04.2016;3,34;3,41;3,34;3,34;14138,00
14.04.2016;3,40;3,50;3,40;3,44;24444,00
15.04.2016;3,46;3,49;3,46;3,47;4582,00
18.04.2016;3,45;3,47;3,40;3,41;18925,00
19.04.2016;3,42;3,44;3,36;3,36;29593,00
20.04.2016;3,38;3,43;3,38;3,40;10941,00
21.04.2016;3,40;3,49;3,37;3,42;24410,00
22.04.2016;3,43;3,47;3,39;3,41;12065,00
25.04.2016;3,42;3,49;3,40;3,40;17543,00
26.04.2016;3,45;3,54;3,45;3,50;42930,00
27.04.2016;3,50;3,64;3,47;3,62;32646,00
28.04.2016;3,62;3,65;3,52;3,52;28461,00
29.04.2016;3,52;3,59;3,52;3,53;15363,00
02.05.2016;3,60;3,61;3,57;3,59;12954,00
03.05.2016;3,59;3,59;3,55;3,55;23851,00
04.05.2016;3,47;3,47;3,41;3,45;37411,00
06.05.2016;3,44;3,50;3,41;3,41;25294,00
09.05.2016;3,42;3,48;3,38;3,38;21359,00
10.05.2016;3,38;3,41;3,37;3,40;12351,00
11.05.2016;3,40;3,42;3,35;3,35;14243,00
12.05.2016;3,37;3,41;3,20;3,24;22255,00
13.05.2016;3,25;3,30;3,15;3,25;20245,00
16.05.2016;3,27;3,35;3,27;3,30;8072,00
17.05.2016;3,35;3,40;3,23;3,25;38189,00
18.05.2016;3,25;3,31;3,24;3,26;22805,00
19.05.2016;3,38;3,38;3,26;3,33;7474,00
20.05.2016;3,34;3,34;3,28;3,32;61498,00
23.05.2016;3,32;3,33;3,28;3,28;9419,00
24.05.2016;3,28;3,32;3,27;3,31;9838,00
25.05.2016;3,31;3,32;3,28;3,30;18968,00
26.05.2016;3,29;3,30;3,28;3,29;19085,00
27.05.2016;3,29;3,30;3,27;3,29;18479,00
30.05.2016;3,28;3,28;3,24;3,25;16727,00
31.05.2016;3,25;3,29;3,22;3,26;17762,00
01.06.2016;3,27;3,31;3,25;3,31;24455,00
02.06.2016;3,36;3,40;3,35;3,38;11844,00
03.06.2016;3,38;3,60;3,34;3,45;98074,00
06.06.2016;3,47;3,53;3,41;3,43;36248,00
07.06.2016;3,44;3,54;3,44;3,53;32735,00
08.06.2016;3,55;3,64;3,55;3,59;57867,00
09.06.2016;3,63;3,67;3,60;3,67;60284,00
10.06.2016;3,67;3,93;3,67;3,80;68383,00
13.06.2016;3,85;3,85;3,67;3,69;35683,00
14.06.2016;3,70;3,88;3,69;3,78;56303,00
15.06.2016;3,81;3,95;3,81;3,89;66703,00
16.06.2016;3,91;3,95;3,80;3,83;43090,00
17.06.2016;3,84;3,88;3,80;3,82;43298,00
20.06.2016;3,84;3,92;3,84;3,84;40724,00
21.06.2016;3,86;3,90;3,86;3,87;5776,00
22.06.2016;3,89;3,94;3,88;3,89;34832,00
23.06.2016;3,90;3,95;3,89;3,93;18918,00
27.06.2016;3,79;3,90;3,62;3,80;78972,00
28.06.2016;3,80;3,92;3,80;3,86;22241,00
29.06.2016;3,90;3,93;3,87;3,89;23826,00
30.06.2016;3,90;4,08;3,89;4,00;112666,00
01.07.2016;4,05;4,08;4,01;4,06;43185,00
04.07.2016;4,06;4,11;4,01;4,05;24964,00
05.07.2016;4,05;4,06;4,01;4,06;18066,00
06.07.2016;4,06;4,09;4,00;4,00;12534,00
07.07.2016;4,00;4,12;4,00;4,12;28800,00
08.07.2016;4,12;4,16;4,11;4,13;28232,00
11.07.2016;4,17;4,26;4,17;4,26;33209,00
12.07.2016;4,28;4,29;4,25;4,26;21457,00
13.07.2016;4,29;4,29;4,25;4,25;15350,00
14.07.2016;4,25;4,30;4,25;4,29;14608,00
15.07.2016;4,29;4,38;4,29;4,35;23904,00
18.07.2016;4,39;4,45;4,33;4,40;15785,00
19.07.2016;4,40;4,43;4,38;4,38;10809,00
20.07.2016;4,30;4,57;4,30;4,53;44576,00
21.07.2016;4,61;4,70;4,35;4,53;109482,00
22.07.2016;4,60;4,61;4,54;4,60;40208,00
25.07.2016;4,60;4,60;4,49;4,52;53133,00
26.07.2016;4,52;4,52;4,40;4,46;48046,00
27.07.2016;4,46;4,54;4,44;4,45;32844,00
28.07.2016;4,44;4,45;4,29;4,29;45715,00
29.07.2016;4,28;4,33;4,24;4,27;22935,00
01.08.2016;4,27;4,34;4,22;4,23;16819,00
02.08.2016;4,26;4,26;4,11;4,14;29613,00
03.08.2016;4,20;4,23;4,11;4,12;34481,00
04.08.2016;4,22;4,33;4,13;4,32;21153,00
05.08.2016;4,30;4,47;4,30;4,44;29101,00
08.08.2016;4,45;4,48;4,38;4,40;12705,00
09.08.2016;4,40;4,50;4,40;4,49;20184,00
10.08.2016;4,50;4,50;4,44;4,48;14790,00
11.08.2016;4,45;4,47;4,41;4,42;10909,00
12.08.2016;4,45;4,49;4,42;4,42;10837,00
15.08.2016;4,44;4,44;4,35;4,42;17606,00
16.08.2016;4,42;4,48;4,42;4,46;19650,00
17.08.2016;4,40;4,46;4,40;4,42;13068,00
18.08.2016;4,41;4,47;4,39;4,41;14785,00
19.08.2016;4,45;4,50;4,42;4,43;37186,00
22.08.2016;4,43;4,48;4,42;4,43;21407,00
23.08.2016;4,43;4,52;4,43;4,49;18044,00
24.08.2016;4,49;4,58;4,45;4,55;16790,00
25.08.2016;4,55;4,60;4,53;4,53;16482,00
26.08.2016;4,59;4,60;4,53;4,53;11766,00
29.08.2016;4,52;4,60;4,45;4,48;21198,00
30.08.2016;4,55;4,59;4,51;4,51;12592,00
31.08.2016;4,55;4,57;4,52;4,56;30333,00
01.09.2016;4,57;4,65;4,57;4,61;13901,00
02.09.2016;4,61;4,61;4,55;4,59;11102,00
05.09.2016;4,64;4,70;4,62;4,66;54763,00
06.09.2016;4,69;4,70;4,63;4,64;24845,00
07.09.2016;4,69;4,69;4,64;4,67;4211,00
08.09.2016;4,67;4,72;4,64;4,64;25916,00
09.09.2016;4,70;4,73;4,62;4,62;12584,00
12.09.2016;4,62;4,64;4,47;4,54;41148,00
13.09.2016;4,54;4,64;4,54;4,56;6795,00
14.09.2016;4,69;4,69;4,55;4,56;9219,00
15.09.2016;4,53;4,60;4,47;4,47;17510,00
16.09.2016;4,48;4,62;4,48;4,53;14595,00
19.09.2016;4,58;4,60;4,53;4,55;16875,00
20.09.2016;4,55;4,59;4,53;4,57;4250,00
21.09.2016;4,58;4,59;4,54;4,56;13014,00
22.09.2016;4,60;4,64;4,54;4,62;27431,00
23.09.2016;4,64;4,64;4,58;4,58;6979,00
26.09.2016;4,58;4,58;4,51;4,52;12498,00
27.09.2016;4,56;4,56;4,47;4,47;34383,00
28.09.2016;4,51;4,53;4,48;4,48;11410,00
29.09.2016;4,53;4,53;4,45;4,45;16908,00
30.09.2016;4,45;4,46;4,37;4,40;15232,00
03.10.2016;4,40;4,53;4,40;4,50;16445,00
04.10.2016;4,45;4,55;4,45;4,49;32639,00
05.10.2016;4,49;4,54;4,45;4,46;8957,00
06.10.2016;4,45;4,51;4,42;4,45;8018,00
07.10.2016;4,50;4,52;4,47;4,48;8159,00
10.10.2016;4,51;4,55;4,47;4,48;9949,00
11.10.2016;4,48;4,55;4,47;4,48;15097,00
12.10.2016;4,51;4,52;4,46;4,47;12938,00
13.10.2016;4,49;4,55;4,49;4,53;15253,00
14.10.2016;4,59;4,64;4,56;4,56;16203,00
17.10.2016;4,56;4,68;4,56;4,62;7163,00
18.10.2016;4,63;4,63;4,56;4,56;7604,00
19.10.2016;4,60;4,60;4,52;4,54;15592,00
20.10.2016;4,59;4,59;4,54;4,59;8652,00
21.10.2016;4,59;4,59;4,55;4,56;2328,00
24.10.2016;4,53;4,57;4,53;4,55;9715,00
25.10.2016;4,55;4,59;4,53;4,53;12109,00
26.10.2016;4,53;4,54;4,50;4,50;13496,00
27.10.2016;4,50;4,50;4,30;4,39;42785,00
28.10.2016;4,40;4,41;4,35;4,38;8135,00
31.10.2016;4,38;4,40;4,36;4,36;13814,00
01.11.2016;4,35;4,40;4,34;4,35;13175,00
02.11.2016;4,37;4,37;4,17;4,22;24511,00
03.11.2016;4,40;4,40;4,27;4,33;20339,00
04.11.2016;4,40;4,44;4,33;4,38;80357,00
07.11.2016;4,42;4,67;4,42;4,56;45012,00
08.11.2016;4,65;4,69;4,62;4,66;25050,00
09.11.2016;4,37;4,66;4,30;4,61;31613,00
10.11.2016;4,69;4,72;4,62;4,62;37133,00
11.11.2016;4,65;4,70;4,61;4,61;11241,00
14.11.2016;4,65;4,75;4,65;4,71;16088,00
15.11.2016;4,75;4,75;4,63;4,73;19991,00
16.11.2016;4,72;4,80;4,72;4,79;20928,00
17.11.2016;4,83;4,83;4,71;4,76;18117,00
18.11.2016;4,78;4,79;4,71;4,75;22526,00
21.11.2016;4,75;4,77;4,62;4,69;33404,00
22.11.2016;4,77;4,78;4,67;4,78;23231,00
