date;open;high;low;close;volume
11.05.2009;0,97;0,97;0,81;0,85;10757824,00
12.05.2009;0,86;0,92;0,82;0,87;11699289,00
13.05.2009;0,89;0,94;0,82;0,82;9528393,00
14.05.2009;0,82;0,86;0,79;0,85;2786056,00
15.05.2009;0,87;0,87;0,84;0,85;2141391,00
18.05.2009;0,85;0,86;0,82;0,86;2205784,00
19.05.2009;0,88;0,92;0,88;0,89;13722821,00
20.05.2009;0,91;0,92;0,89;0,92;12624556,00
22.05.2009;0,90;0,92;0,87;0,90;5925864,00
25.05.2009;0,91;0,93;0,90;0,92;2018205,00
26.05.2009;0,92;0,94;0,91;0,94;5628336,00
27.05.2009;0,95;1,02;0,95;1,00;11438742,00
28.05.2009;1,00;1,03;0,98;1,03;4492740,00
29.05.2009;1,04;1,12;1,04;1,05;13252484,00
01.06.2009;1,11;1,20;1,11;1,18;9229899,00
02.06.2009;1,19;1,19;1,07;1,14;40224156,00
03.06.2009;1,17;1,20;1,11;1,12;12612264,00
04.06.2009;1,12;1,17;1,11;1,13;8904462,00
05.06.2009;1,16;1,17;1,14;1,15;12705049,00
08.06.2009;1,15;1,16;1,12;1,15;3759469,00
09.06.2009;1,15;1,16;1,14;1,15;3485503,00
10.06.2009;1,17;1,24;1,17;1,23;9450791,00
11.06.2009;1,23;1,32;1,23;1,29;7164367,00
12.06.2009;1,32;1,37;1,29;1,31;14330701,00
15.06.2009;1,31;1,32;1,24;1,25;5964490,00
16.06.2009;1,24;1,25;1,20;1,21;8664740,00
17.06.2009;1,21;1,21;1,12;1,13;8946588,00
18.06.2009;1,13;1,16;1,09;1,13;7340921,00
22.06.2009;1,13;1,15;1,04;1,05;4717916,00
23.06.2009;1,04;1,07;1,00;1,06;7697137,00
24.06.2009;1,07;1,14;1,07;1,14;3812228,00
25.06.2009;1,15;1,19;1,10;1,11;4685247,00
26.06.2009;1,14;1,16;1,10;1,10;3313450,00
29.06.2009;1,11;1,12;1,10;1,11;2381785,00
30.06.2009;1,12;1,13;1,09;1,09;2171666,00
01.07.2009;1,10;1,11;1,09;1,10;3555594,00
02.07.2009;1,10;1,11;1,07;1,07;3000046,00
03.07.2009;1,08;1,09;1,02;1,04;4468807,00
06.07.2009;1,02;1,06;1,00;1,05;3000494,00
07.07.2009;1,05;1,08;1,03;1,04;4578084,00
08.07.2009;1,02;1,04;1,01;1,01;4386529,00
09.07.2009;1,03;1,05;1,02;1,04;5453091,00
10.07.2009;1,04;1,08;1,03;1,07;6404986,00
13.07.2009;1,05;1,07;1,04;1,06;3453723,00
14.07.2009;1,07;1,09;1,06;1,07;3137204,00
15.07.2009;1,08;1,12;1,07;1,10;6991782,00
16.07.2009;1,11;1,11;1,08;1,09;1920954,00
17.07.2009;1,09;1,11;1,09;1,10;1392944,00
20.07.2009;1,11;1,13;1,10;1,11;2632350,00
21.07.2009;1,11;1,11;1,09;1,10;5993743,00
22.07.2009;1,10;1,13;1,08;1,10;1312955,00
23.07.2009;1,11;1,14;1,08;1,13;3052651,00
24.07.2009;1,14;1,14;1,11;1,11;3871203,00
27.07.2009;1,13;1,18;1,13;1,18;4574122,00
28.07.2009;1,18;1,20;1,14;1,14;6454063,00
29.07.2009;1,15;1,15;1,12;1,13;4010538,00
30.07.2009;1,14;1,18;1,14;1,18;1238335,00
31.07.2009;1,19;1,20;1,17;1,18;10214295,00
03.08.2009;1,19;1,25;1,19;1,23;12259436,00
04.08.2009;1,24;1,26;1,24;1,26;5226375,00
05.08.2009;1,27;1,34;1,26;1,29;10238809,00
06.08.2009;1,31;1,33;1,28;1,31;5199306,00
07.08.2009;1,30;1,31;1,26;1,29;7130277,00
10.08.2009;1,28;1,29;1,24;1,24;3413900,00
11.08.2009;1,24;1,26;1,20;1,20;7910938,00
12.08.2009;1,21;1,23;1,17;1,22;3757621,00
13.08.2009;1,24;1,27;1,24;1,26;4760504,00
14.08.2009;1,27;1,28;1,25;1,25;3972199,00
17.08.2009;1,23;1,23;1,20;1,21;3619161,00
18.08.2009;1,24;1,24;1,19;1,24;6750401,00
19.08.2009;1,22;1,24;1,21;1,24;3316586,00
20.08.2009;1,25;1,25;1,23;1,24;9474395,00
21.08.2009;1,23;1,27;1,23;1,26;5372549,00
24.08.2009;1,28;1,29;1,27;1,28;7552930,00
25.08.2009;1,28;1,28;1,26;1,26;4555425,00
26.08.2009;1,27;1,28;1,21;1,21;5307022,00
27.08.2009;1,24;1,26;1,22;1,22;4909877,00
28.08.2009;1,23;1,25;1,23;1,24;5593448,00
31.08.2009;1,24;1,25;1,19;1,20;3829413,00
01.09.2009;1,21;1,22;1,19;1,22;2412753,00
02.09.2009;1,21;1,21;1,16;1,17;7604611,00
03.09.2009;1,18;1,20;1,17;1,17;4504395,00
04.09.2009;1,18;1,20;1,17;1,17;3009517,00
07.09.2009;1,18;1,20;1,17;1,19;5502483,00
08.09.2009;1,20;1,21;1,19;1,19;4178895,00
09.09.2009;1,20;1,20;1,18;1,19;6960800,00
10.09.2009;1,20;1,21;1,18;1,19;2695994,00
11.09.2009;1,19;1,20;1,18;1,18;2570323,00
14.09.2009;1,18;1,18;1,15;1,17;2289875,00
15.09.2009;1,17;1,21;1,17;1,20;4344683,00
16.09.2009;1,21;1,21;1,19;1,20;3262056,00
17.09.2009;1,21;1,21;1,18;1,19;6912353,00
18.09.2009;1,19;1,21;1,18;1,21;3761121,00
21.09.2009;1,20;1,21;1,18;1,18;5376224,00
22.09.2009;1,19;1,20;1,18;1,18;5806409,00
23.09.2009;1,19;1,20;1,18;1,20;4532724,00
24.09.2009;1,19;1,19;1,17;1,17;4281816,00
25.09.2009;1,17;1,17;1,13;1,14;5090204,00
28.09.2009;1,14;1,17;1,12;1,17;5650533,00
29.09.2009;1,17;1,18;1,16;1,17;1589364,00
30.09.2009;1,17;1,17;1,12;1,13;3790703,00
01.10.2009;1,13;1,15;1,10;1,11;1657915,00
02.10.2009;1,10;1,10;1,06;1,08;3869852,00
05.10.2009;1,08;1,13;1,08;1,12;2711912,00
06.10.2009;1,15;1,15;1,12;1,14;2039303,00
07.10.2009;1,15;1,15;1,13;1,14;2342697,00
08.10.2009;1,15;1,17;1,15;1,17;2609922,00
09.10.2009;1,17;1,17;1,15;1,17;1346933,00
12.10.2009;1,17;1,18;1,15;1,15;1861286,00
13.10.2009;1,15;1,16;1,12;1,12;1892688,00
14.10.2009;1,14;1,15;1,14;1,14;886998,00
15.10.2009;1,15;1,16;1,11;1,14;1339534,00
16.10.2009;1,13;1,16;1,13;1,15;9266845,00
19.10.2009;1,16;1,18;1,16;1,16;1714552,00
20.10.2009;1,17;1,17;1,15;1,17;3294284,00
21.10.2009;1,17;1,17;1,15;1,16;2194255,00
22.10.2009;1,15;1,22;1,15;1,20;8606556,00
23.10.2009;1,20;1,21;1,16;1,16;2047514,00
26.10.2009;1,18;1,18;1,15;1,16;3172799,00
27.10.2009;1,16;1,16;1,14;1,15;2893016,00
28.10.2009;1,15;1,16;1,10;1,10;3158631,00
29.10.2009;1,10;1,11;1,09;1,10;5786137,00
30.10.2009;1,11;1,12;1,08;1,09;2856833,00
02.11.2009;1,09;1,09;1,04;1,09;4378297,00
03.11.2009;1,09;1,10;1,06;1,07;2390381,00
04.11.2009;1,08;1,09;1,07;1,09;2353141,00
05.11.2009;1,07;1,10;1,06;1,10;1588461,00
06.11.2009;1,10;1,12;1,09;1,10;2086959,00
09.11.2009;1,12;1,15;1,10;1,15;1777720,00
10.11.2009;1,15;1,15;1,11;1,11;2565689,00
11.11.2009;1,12;1,14;1,08;1,11;4092830,00
12.11.2009;1,11;1,13;1,11;1,12;2194150,00
13.11.2009;1,13;1,14;1,13;1,14;1382885,00
16.11.2009;1,15;1,19;1,14;1,18;4904557,00
17.11.2009;1,18;1,19;1,15;1,15;1328285,00
18.11.2009;1,16;1,19;1,16;1,17;5159273,00
19.11.2009;1,18;1,20;1,16;1,16;2950437,00
20.11.2009;1,16;1,18;1,15;1,15;2242156,00
23.11.2009;1,17;1,18;1,17;1,18;910791,00
24.11.2009;1,18;1,19;1,16;1,19;2364537,00
25.11.2009;1,19;1,20;1,18;1,19;1014629,00
26.11.2009;1,19;1,19;1,14;1,14;1324890,00
27.11.2009;1,13;1,17;1,12;1,17;1345330,00
30.11.2009;1,17;1,19;1,15;1,18;3742802,00
01.12.2009;1,18;1,21;1,18;1,21;4150706,00
02.12.2009;1,21;1,21;1,18;1,20;1672916,00
03.12.2009;1,21;1,22;1,20;1,20;4260956,00
04.12.2009;1,21;1,21;1,19;1,20;1287391,00
07.12.2009;1,20;1,21;1,16;1,17;2990575,00
08.12.2009;1,16;1,18;1,14;1,14;3208765,00
09.12.2009;1,14;1,15;1,11;1,11;6796573,00
10.12.2009;1,11;1,13;1,11;1,12;3260096,00
11.12.2009;1,12;1,13;1,11;1,13;3270232,00
14.12.2009;1,14;1,14;1,13;1,13;4109427,00
15.12.2009;1,13;1,14;1,12;1,12;1979516,00
16.12.2009;1,13;1,13;1,12;1,13;2698780,00
17.12.2009;1,13;1,15;1,13;1,14;3155551,00
18.12.2009;1,15;1,16;1,14;1,14;3023223,00
21.12.2009;1,16;1,16;1,13;1,15;2042061,00
22.12.2009;1,15;1,15;1,13;1,14;8559488,00
23.12.2009;1,14;1,14;1,13;1,13;2695511,00
28.12.2009;1,15;1,16;1,14;1,15;1051197,00
29.12.2009;1,15;1,16;1,15;1,15;2717645,00
30.12.2009;1,16;1,17;1,15;1,17;3800881,00
04.01.2010;1,17;1,21;1,17;1,21;3374553,00
05.01.2010;1,21;1,22;1,18;1,19;3591350,00
07.01.2010;1,20;1,20;1,17;1,18;5790778,00
08.01.2010;1,19;1,19;1,17;1,17;4626272,00
11.01.2010;1,18;1,20;1,18;1,19;6569850,00
12.01.2010;1,20;1,20;1,15;1,15;9722580,00
13.01.2010;1,15;1,15;1,13;1,13;8828365,00
14.01.2010;1,14;1,14;1,12;1,12;10361526,00
15.01.2010;1,13;1,14;1,12;1,12;6437144,00
18.01.2010;1,14;1,14;1,12;1,13;2524648,00
19.01.2010;1,14;1,14;1,12;1,13;5625235,00
20.01.2010;1,13;1,13;1,11;1,11;4008697,00
21.01.2010;1,12;1,12;1,11;1,11;2844289,00
22.01.2010;1,11;1,11;1,08;1,09;7668871,00
25.01.2010;1,12;1,19;1,12;1,17;13832882,00
26.01.2010;1,19;1,20;1,13;1,15;6528991,00
27.01.2010;1,15;1,15;1,12;1,13;2657543,00
28.01.2010;1,15;1,15;1,11;1,11;5137909,00
29.01.2010;1,12;1,13;1,09;1,11;7331485,00
01.02.2010;1,11;1,11;1,10;1,11;4559317,00
02.02.2010;1,11;1,13;1,10;1,13;2786749,00
03.02.2010;1,13;1,14;1,12;1,13;1665937,00
04.02.2010;1,13;1,14;1,10;1,10;2861971,00
05.02.2010;1,10;1,11;1,08;1,10;4669896,00
08.02.2010;1,11;1,12;1,07;1,08;2115148,00
09.02.2010;1,09;1,12;1,09;1,11;4542181,00
10.02.2010;1,12;1,13;1,09;1,09;2144982,00
11.02.2010;1,11;1,14;1,10;1,14;5980352,00
12.02.2010;1,15;1,15;1,12;1,13;2169132,00
15.02.2010;1,13;1,14;1,13;1,14;638491,00
16.02.2010;1,14;1,18;1,14;1,18;6175246,00
17.02.2010;1,19;1,20;1,19;1,19;2775213,00
18.02.2010;1,19;1,20;1,17;1,20;2646805,00
19.02.2010;1,19;1,19;1,18;1,19;1097369,00
22.02.2010;1,20;1,20;1,19;1,20;1188796,00
23.02.2010;1,20;1,20;1,18;1,18;2268546,00
24.02.2010;1,15;1,19;1,11;1,19;10489479,00
25.02.2010;1,19;1,19;1,13;1,14;4682118,00
26.02.2010;1,14;1,16;1,14;1,15;756091,00
01.03.2010;1,16;1,16;1,13;1,13;1962611,00
02.03.2010;1,13;1,15;1,13;1,15;3983084,00
03.03.2010;1,15;1,16;1,14;1,15;2875502,00
04.03.2010;1,15;1,16;1,14;1,16;1658426,00
05.03.2010;1,16;1,18;1,15;1,18;3126417,00
08.03.2010;1,17;1,21;1,17;1,20;5220698,00
09.03.2010;1,20;1,21;1,19;1,21;3164476,00
10.03.2010;1,21;1,23;1,20;1,22;4029340,00
11.03.2010;1,24;1,24;1,22;1,22;6584200,00
12.03.2010;1,22;1,24;1,22;1,24;3152737,00
15.03.2010;1,24;1,25;1,24;1,24;2207191,00
16.03.2010;1,24;1,25;1,24;1,24;2549967,00
17.03.2010;1,25;1,31;1,24;1,31;8548862,00
18.03.2010;1,32;1,37;1,27;1,32;11747743,00
19.03.2010;1,34;1,36;1,31;1,31;6956019,00
22.03.2010;1,31;1,32;1,28;1,30;2352056,00
23.03.2010;1,30;1,32;1,29;1,30;1853103,00
24.03.2010;1,31;1,33;1,29;1,30;3560774,00
25.03.2010;1,31;1,32;1,30;1,30;2027872,00
26.03.2010;1,30;1,36;1,30;1,34;12463934,00
29.03.2010;1,34;1,36;1,32;1,33;1275022,00
30.03.2010;1,34;1,36;1,33;1,35;3289790,00
31.03.2010;1,36;1,37;1,34;1,34;2188802,00
01.04.2010;1,35;1,41;1,35;1,41;3722628,00
06.04.2010;1,41;1,50;1,41;1,48;8458737,00
07.04.2010;1,47;1,54;1,47;1,52;7333795,00
08.04.2010;1,52;1,52;1,44;1,47;5601505,00
09.04.2010;1,48;1,51;1,47;1,49;2673566,00
12.04.2010;1,49;1,52;1,46;1,47;4417525,00
13.04.2010;1,48;1,49;1,45;1,45;1318030,00
14.04.2010;1,46;1,50;1,46;1,50;2327059,00
15.04.2010;1,50;1,51;1,49;1,50;2470692,00
16.04.2010;1,48;1,51;1,46;1,47;1900367,00
19.04.2010;1,45;1,49;1,40;1,43;2722293,00
20.04.2010;1,45;1,51;1,44;1,49;2876685,00
21.04.2010;1,51;1,52;1,49;1,49;2537549,00
22.04.2010;1,50;1,51;1,44;1,47;2868278,00
23.04.2010;1,46;1,51;1,46;1,50;1884050,00
26.04.2010;1,51;1,57;1,50;1,50;3937710,00
27.04.2010;1,50;1,53;1,46;1,46;2595110,00
28.04.2010;1,46;1,48;1,37;1,39;7762405,00
29.04.2010;1,40;1,41;1,38;1,39;3027633,00
30.04.2010;1,40;1,43;1,40;1,42;2508772,00
03.05.2010;1,42;1,43;1,37;1,38;3430287,00
04.05.2010;1,38;1,41;1,28;1,29;7723380,00
05.05.2010;1,29;1,33;1,24;1,27;9989672,00
06.05.2010;1,20;1,23;1,12;1,15;14989856,00
07.05.2010;1,13;1,14;1,09;1,12;16205637,00
10.05.2010;1,21;1,27;1,17;1,21;11695089,00
11.05.2010;1,22;1,24;1,16;1,19;3847158,00
12.05.2010;1,19;1,25;1,18;1,25;3265472,00
14.05.2010;1,24;1,24;1,18;1,18;2753030,00
17.05.2010;1,16;1,22;1,15;1,18;2865352,00
18.05.2010;1,21;1,21;1,18;1,21;3864581,00
19.05.2010;1,21;1,21;1,15;1,15;4795196,00
20.05.2010;1,16;1,18;1,09;1,12;6992650,00
21.05.2010;1,12;1,15;1,09;1,15;4822181,00
24.05.2010;1,16;1,18;1,11;1,13;4579967,00
25.05.2010;1,11;1,12;1,08;1,09;9664473,00
26.05.2010;1,12;1,14;1,11;1,12;4342394,00
27.05.2010;1,13;1,21;1,13;1,21;7478968,00
28.05.2010;1,23;1,23;1,17;1,18;2905518,00
31.05.2010;1,19;1,19;1,16;1,18;1375934,00
01.06.2010;1,17;1,18;1,14;1,18;2096766,00
02.06.2010;1,17;1,18;1,16;1,18;870163,00
03.06.2010;1,20;1,21;1,20;1,20;1797474,00
04.06.2010;1,20;1,21;1,15;1,16;1464869,00
07.06.2010;1,16;1,17;1,14;1,16;1807806,00
08.06.2010;1,17;1,18;1,14;1,14;1603077,00
09.06.2010;1,15;1,16;1,14;1,15;2528715,00
10.06.2010;1,15;1,20;1,15;1,19;1754949,00
11.06.2010;1,22;1,24;1,20;1,21;5759845,00
14.06.2010;1,24;1,25;1,22;1,24;2149378,00
15.06.2010;1,23;1,25;1,21;1,24;2054080,00
16.06.2010;1,25;1,25;1,21;1,22;2067450,00
17.06.2010;1,23;1,23;1,20;1,21;2060184,00
18.06.2010;1,21;1,26;1,21;1,26;5711307,00
21.06.2010;1,27;1,32;1,27;1,31;9371747,00
22.06.2010;1,30;1,30;1,26;1,28;1596896,00
23.06.2010;1,28;1,30;1,25;1,28;1441965,00
24.06.2010;1,29;1,29;1,23;1,23;1624574,00
28.06.2010;1,26;1,26;1,22;1,24;1496614,00
29.06.2010;1,23;1,23;1,18;1,18;2999045,00
30.06.2010;1,18;1,21;1,16;1,20;2609047,00
01.07.2010;1,20;1,21;1,17;1,17;5240018,00
02.07.2010;1,18;1,20;1,17;1,17;1278123,00
05.07.2010;1,18;1,19;1,17;1,18;726964,00
06.07.2010;1,18;1,27;1,18;1,24;2849483,00
07.07.2010;1,23;1,24;1,22;1,23;1103578,00
08.07.2010;1,26;1,27;1,24;1,25;1187963,00
09.07.2010;1,27;1,29;1,26;1,29;1979327,00
12.07.2010;1,30;1,30;1,28;1,28;893739,00
13.07.2010;1,28;1,31;1,28;1,29;1338197,00
14.07.2010;1,31;1,31;1,29;1,30;700504,00
15.07.2010;1,29;1,31;1,28;1,30;770287,00
16.07.2010;1,30;1,30;1,27;1,27;679028,00
19.07.2010;1,27;1,30;1,26;1,27;1559215,00
20.07.2010;1,29;1,29;1,26;1,27;1290583,00
21.07.2010;1,27;1,29;1,27;1,27;1510096,00
22.07.2010;1,28;1,29;1,27;1,28;1420580,00
23.07.2010;1,29;1,32;1,28;1,32;2776305,00
26.07.2010;1,34;1,35;1,32;1,33;1791426,00
27.07.2010;1,35;1,35;1,33;1,33;1439109,00
28.07.2010;1,34;1,34;1,31;1,31;798861,00
29.07.2010;1,33;1,33;1,30;1,33;1021902,00
30.07.2010;1,33;1,33;1,31;1,33;1182748,00
02.08.2010;1,34;1,36;1,34;1,35;2116387,00
03.08.2010;1,36;1,36;1,35;1,36;1303883,00
04.08.2010;1,36;1,36;1,35;1,36;1513617,00
05.08.2010;1,35;1,41;1,35;1,41;3619602,00
06.08.2010;1,41;1,42;1,38;1,39;2481297,00
09.08.2010;1,41;1,41;1,40;1,41;731185,00
10.08.2010;1,41;1,41;1,36;1,38;1217874,00
11.08.2010;1,38;1,38;1,32;1,32;2702791,00
12.08.2010;1,31;1,34;1,28;1,29;1848399,00
13.08.2010;1,32;1,33;1,30;1,32;697291,00
16.08.2010;1,32;1,34;1,31;1,33;642943,00
17.08.2010;1,34;1,39;1,34;1,39;1623699,00
18.08.2010;1,39;1,39;1,37;1,37;2723203,00
19.08.2010;1,37;1,39;1,36;1,36;1880494,00
20.08.2010;1,35;1,36;1,33;1,35;2048340,00
23.08.2010;1,36;1,38;1,34;1,35;2114798,00
24.08.2010;1,34;1,34;1,31;1,32;1593914,00
25.08.2010;1,32;1,32;1,24;1,25;5185810,00
26.08.2010;1,28;1,29;1,27;1,29;1939070,00
27.08.2010;1,30;1,30;1,25;1,27;2465610,00
30.08.2010;1,28;1,29;1,27;1,28;833042,00
31.08.2010;1,27;1,27;1,25;1,27;1355291,00
01.09.2010;1,27;1,34;1,27;1,33;1411319,00
02.09.2010;1,34;1,38;1,33;1,38;3163027,00
03.09.2010;1,38;1,44;1,38;1,43;8595447,00
06.09.2010;1,43;1,47;1,40;1,40;3655064,00
07.09.2010;1,40;1,41;1,36;1,37;4940292,00
08.09.2010;1,36;1,40;1,36;1,40;2190027,00
09.09.2010;1,39;1,41;1,39;1,40;1707832,00
10.09.2010;1,40;1,41;1,39;1,39;1375885,00
13.09.2010;1,41;1,44;1,41;1,44;2775283,00
14.09.2010;1,44;1,45;1,42;1,43;2262778,00
15.09.2010;1,44;1,44;1,41;1,43;1029315,00
16.09.2010;1,43;1,43;1,41;1,43;1259398,00
17.09.2010;1,44;1,45;1,41;1,42;3090451,00
20.09.2010;1,43;1,44;1,42;1,44;1480927,00
21.09.2010;1,44;1,44;1,42;1,42;1401204,00
22.09.2010;1,43;1,44;1,41;1,41;1183406,00
23.09.2010;1,43;1,44;1,39;1,42;2343782,00
24.09.2010;1,42;1,45;1,41;1,45;2936395,00
27.09.2010;1,46;1,53;1,45;1,51;7980175,00
28.09.2010;1,51;1,56;1,51;1,53;10629633,00
29.09.2010;1,55;1,55;1,51;1,54;3641043,00
30.09.2010;1,54;1,55;1,53;1,53;2174739,00
01.10.2010;1,54;1,54;1,51;1,52;3473813,00
04.10.2010;1,53;1,53;1,52;1,53;1706334,00
05.10.2010;1,53;1,56;1,52;1,55;4789092,00
06.10.2010;1,56;1,60;1,56;1,58;3507679,00
07.10.2010;1,59;1,64;1,59;1,64;9017155,00
08.10.2010;1,65;1,69;1,62;1,62;7669459,00
11.10.2010;1,63;1,67;1,63;1,63;5851615,00
12.10.2010;1,64;1,64;1,61;1,62;4368707,00
13.10.2010;1,62;1,64;1,61;1,62;5005903,00
14.10.2010;1,62;1,63;1,62;1,62;3086804,00
15.10.2010;1,63;1,64;1,60;1,62;1993299,00
18.10.2010;1,62;1,62;1,58;1,62;2028208,00
19.10.2010;1,63;1,64;1,60;1,61;4106851,00
20.10.2010;1,61;1,62;1,60;1,62;1806203,00
21.10.2010;1,62;1,63;1,60;1,62;2157057,00
22.10.2010;1,62;1,62;1,60;1,61;1360303,00
25.10.2010;1,62;1,63;1,62;1,63;2383108,00
26.10.2010;1,63;1,64;1,62;1,63;3076129,00
27.10.2010;1,69;1,72;1,67;1,68;16462110,00
28.10.2010;1,71;1,77;1,71;1,75;8955156,00
29.10.2010;1,75;1,77;1,71;1,75;4555376,00
01.11.2010;1,76;1,77;1,74;1,77;5898200,00
02.11.2010;1,78;1,78;1,73;1,74;3886225,00
03.11.2010;1,74;1,76;1,74;1,75;2473233,00
04.11.2010;1,78;1,83;1,78;1,80;6632920,00
05.11.2010;1,82;1,84;1,81;1,82;5099150,00
08.11.2010;1,82;1,83;1,73;1,74;8564276,00
09.11.2010;1,74;1,78;1,72;1,72;9259915,00
10.11.2010;1,78;1,85;1,75;1,80;14673932,00
11.11.2010;1,83;1,83;1,75;1,76;9817955,00
12.11.2010;1,75;1,76;1,70;1,72;5093284,00
15.11.2010;1,73;1,77;1,72;1,72;4593813,00
16.11.2010;1,73;1,74;1,65;1,66;5209680,00
17.11.2010;1,66;1,70;1,63;1,68;4032126,00
18.11.2010;1,69;1,75;1,69;1,73;3759854,00
19.11.2010;1,75;1,75;1,70;1,70;2959782,00
22.11.2010;1,71;1,74;1,66;1,66;3239320,00
23.11.2010;1,66;1,67;1,61;1,63;5187616,00
24.11.2010;1,63;1,67;1,62;1,67;3542819,00
25.11.2010;1,68;1,72;1,68;1,71;2709952,00
26.11.2010;1,71;1,72;1,67;1,69;2822799,00
29.11.2010;1,70;1,71;1,64;1,64;2422770,00
30.11.2010;1,65;1,66;1,59;1,60;7597611,00
01.12.2010;1,62;1,68;1,62;1,68;5796028,00
02.12.2010;1,70;1,72;1,69;1,71;4436831,00
03.12.2010;1,71;1,72;1,69;1,71;3002601,00
07.12.2010;1,73;1,75;1,72;1,75;4097114,00
08.12.2010;1,74;1,75;1,73;1,75;2878596,00
09.12.2010;1,76;1,77;1,71;1,71;6687380,00
10.12.2010;1,73;1,73;1,71;1,71;2460150,00
13.12.2010;1,73;1,76;1,73;1,75;3159086,00
14.12.2010;1,76;1,76;1,73;1,74;3663422,00
15.12.2010;1,75;1,75;1,73;1,74;2231782,00
16.12.2010;1,74;1,75;1,73;1,74;1902194,00
17.12.2010;1,75;1,75;1,74;1,74;10704176,00
20.12.2010;1,75;1,78;1,74;1,78;3553669,00
21.12.2010;1,78;1,80;1,78;1,80;2758721,00
22.12.2010;1,81;1,83;1,81;1,82;3442047,00
23.12.2010;1,82;1,84;1,81;1,83;2117150,00
27.12.2010;1,84;1,85;1,83;1,85;1582917,00
28.12.2010;1,85;1,93;1,85;1,88;5500551,00
29.12.2010;1,90;1,94;1,89;1,94;5701283,00
30.12.2010;1,94;1,96;1,89;1,91;6138734,00
03.01.2011;1,94;1,98;1,93;1,98;4238682,00
04.01.2011;1,98;2,00;1,96;1,96;6119246,00
05.01.2011;1,96;1,99;1,92;1,93;6476631,00
07.01.2011;1,95;1,98;1,93;1,94;9389506,00
10.01.2011;1,94;1,94;1,90;1,91;3407432,00
11.01.2011;1,91;1,94;1,91;1,93;3854158,00
12.01.2011;1,93;1,95;1,93;1,94;3935260,00
13.01.2011;1,95;1,96;1,93;1,93;3503388,00
14.01.2011;1,94;1,94;1,91;1,93;3861459,00
17.01.2011;1,94;1,94;1,92;1,92;2876916,00
18.01.2011;1,93;1,93;1,90;1,91;3216556,00
19.01.2011;1,92;1,93;1,89;1,89;3340078,00
20.01.2011;1,89;1,90;1,83;1,83;7666890,00
21.01.2011;1,85;1,88;1,85;1,87;7188349,00
24.01.2011;1,88;1,89;1,84;1,85;5776120,00
25.01.2011;1,87;1,88;1,82;1,83;6287533,00
26.01.2011;1,84;1,85;1,80;1,83;7718368,00
27.01.2011;1,84;1,84;1,82;1,83;2863917,00
28.01.2011;1,84;1,85;1,82;1,83;4070122,00
31.01.2011;1,84;1,85;1,81;1,84;1637440,00
01.02.2011;1,84;1,88;1,84;1,85;3272570,00
02.02.2011;1,88;1,89;1,86;1,86;3055332,00
03.02.2011;1,88;1,89;1,88;1,89;4118835,00
04.02.2011;1,89;1,91;1,89;1,90;1509095,00
07.02.2011;1,91;1,91;1,89;1,90;2210180,00
08.02.2011;1,96;1,96;1,92;1,93;5297040,00
09.02.2011;1,94;1,98;1,94;1,98;5607525,00
10.02.2011;1,98;1,99;1,93;1,93;3445211,00
11.02.2011;1,94;1,94;1,90;1,94;5084205,00
14.02.2011;1,95;1,95;1,91;1,95;2612834,00
15.02.2011;1,95;1,95;1,92;1,93;1257914,00
16.02.2011;1,93;1,95;1,92;1,93;3578491,00
17.02.2011;1,89;1,89;1,83;1,84;13619221,00
18.02.2011;1,86;1,88;1,83;1,84;7727692,00
21.02.2011;1,86;1,87;1,84;1,84;4637885,00
22.02.2011;1,85;1,86;1,80;1,81;4351263,00
23.02.2011;1,81;1,82;1,76;1,76;3581683,00
24.02.2011;1,75;1,76;1,70;1,74;4755527,00
25.02.2011;1,77;1,81;1,76;1,78;3837883,00
28.02.2011;1,79;1,80;1,75;1,76;4955762,00
01.03.2011;1,79;1,79;1,76;1,76;3951857,00
02.03.2011;1,77;1,77;1,74;1,75;2985185,00
03.03.2011;1,75;1,78;1,75;1,77;9850519,00
04.03.2011;1,78;1,78;1,75;1,75;1887487,00
07.03.2011;1,75;1,77;1,74;1,75;2438072,00
08.03.2011;1,76;1,77;1,72;1,72;5070282,00
09.03.2011;1,73;1,74;1,70;1,71;3045609,00
10.03.2011;1,70;1,70;1,65;1,65;5222861,00
11.03.2011;1,65;1,66;1,62;1,64;3516821,00
14.03.2011;1,62;1,64;1,62;1,63;3509422,00
15.03.2011;1,59;1,60;1,55;1,59;8140489,00
16.03.2011;1,62;1,65;1,61;1,61;6232331,00
17.03.2011;1,62;1,65;1,62;1,65;2697212,00
18.03.2011;1,67;1,70;1,67;1,69;3107818,00
21.03.2011;1,71;1,75;1,70;1,74;2608774,00
22.03.2011;1,75;1,75;1,72;1,72;2552368,00
23.03.2011;1,73;1,74;1,71;1,72;1521002,00
24.03.2011;1,74;1,75;1,72;1,75;1497699,00
25.03.2011;1,74;1,81;1,74;1,80;2818312,00
28.03.2011;1,80;1,80;1,79;1,80;1087653,00
29.03.2011;1,80;1,81;1,78;1,81;3473344,00
30.03.2011;1,82;1,83;1,81;1,81;1472359,00
31.03.2011;1,82;1,82;1,78;1,78;1506960,00
01.04.2011;1,79;1,79;1,76;1,76;1732612,00
04.04.2011;1,76;1,78;1,75;1,78;1498560,00
05.04.2011;1,78;1,78;1,76;1,77;1751302,00
06.04.2011;1,78;1,80;1,77;1,79;1058722,00
07.04.2011;1,67;1,68;1,62;1,66;23715048,00
08.04.2011;1,67;1,70;1,67;1,69;7360283,00
11.04.2011;1,69;1,70;1,67;1,67;3888521,00
12.04.2011;1,66;1,66;1,63;1,63;5087600,00
13.04.2011;1,65;1,65;1,63;1,64;2334388,00
14.04.2011;1,64;1,66;1,63;1,65;2136939,00
15.04.2011;1,65;1,66;1,64;1,64;1557857,00
18.04.2011;1,63;1,64;1,60;1,60;1841602,00
19.04.2011;1,60;1,64;1,60;1,62;1655983,00
20.04.2011;1,64;1,64;1,61;1,62;1575294,00
21.04.2011;1,62;1,64;1,62;1,63;1173578,00
26.04.2011;1,63;1,63;1,62;1,63;726180,00
27.04.2011;1,63;1,64;1,61;1,62;1059030,00
28.04.2011;1,61;1,63;1,60;1,61;2197167,00
29.04.2011;1,62;1,64;1,62;1,63;1496558,00
02.05.2011;1,63;1,65;1,62;1,65;915936,00
03.05.2011;1,65;1,65;1,61;1,61;3591987,00
04.05.2011;1,62;1,62;1,57;1,57;3589012,00
05.05.2011;1,59;1,60;1,51;1,51;4527544,00
06.05.2011;1,51;1,54;1,46;1,52;5559995,00
09.05.2011;1,52;1,54;1,50;1,50;1963094,00
10.05.2011;1,51;1,51;1,48;1,50;6366535,00
11.05.2011;1,51;1,51;1,50;1,50;3886302,00
12.05.2011;1,50;1,51;1,46;1,46;4200651,00
13.05.2011;1,47;1,49;1,43;1,43;7050008,00
16.05.2011;1,44;1,46;1,41;1,45;5841472,00
17.05.2011;1,46;1,49;1,44;1,45;3698065,00
18.05.2011;1,46;1,48;1,44;1,44;3438477,00
19.05.2011;1,45;1,50;1,43;1,49;4169662,00
20.05.2011;1,50;1,54;1,50;1,51;6740286,00
23.05.2011;1,50;1,50;1,46;1,46;2924194,00
24.05.2011;1,47;1,49;1,47;1,48;3749067,00
25.05.2011;1,48;1,49;1,46;1,47;8686776,00
26.05.2011;1,48;1,49;1,46;1,46;2184854,00
27.05.2011;1,47;1,51;1,46;1,51;8826447,00
30.05.2011;1,51;1,54;1,51;1,54;2520945,00
31.05.2011;1,54;1,55;1,49;1,55;16850512,00
01.06.2011;1,55;1,56;1,49;1,50;78580572,00
03.06.2011;1,50;1,50;1,45;1,46;3148698,00
06.06.2011;1,46;1,46;1,44;1,44;1521086,00
07.06.2011;1,45;1,45;1,42;1,42;2627240,00
08.06.2011;1,43;1,43;1,36;1,38;6010914,00
09.06.2011;1,38;1,40;1,36;1,39;2811683,00
10.06.2011;1,39;1,40;1,36;1,37;3131856,00
13.06.2011;1,37;1,37;1,35;1,35;1380351,00
14.06.2011;1,35;1,37;1,35;1,35;989856,00
15.06.2011;1,35;1,36;1,29;1,29;4657660,00
16.06.2011;1,29;1,29;1,24;1,29;6640879,00
17.06.2011;1,28;1,29;1,25;1,27;2549806,00
20.06.2011;1,27;1,27;1,22;1,22;2969750,00
21.06.2011;1,23;1,27;1,23;1,26;1914549,00
22.06.2011;1,27;1,28;1,26;1,26;1372497,00
23.06.2011;1,25;1,26;1,22;1,23;1670613,00
27.06.2011;1,23;1,23;1,21;1,22;1818950,00
28.06.2011;1,24;1,26;1,22;1,24;3396897,00
29.06.2011;1,24;1,32;1,24;1,31;2748004,00
30.06.2011;1,35;1,41;1,34;1,39;7883967,00
01.07.2011;1,40;1,42;1,36;1,38;2940868,00
04.07.2011;1,38;1,40;1,37;1,37;1828722,00
05.07.2011;1,37;1,38;1,33;1,35;2059841,00
06.07.2011;1,35;1,36;1,32;1,32;1326983,00
07.07.2011;1,33;1,36;1,32;1,34;1732752,00
08.07.2011;1,36;1,37;1,31;1,33;1852291,00
11.07.2011;1,32;1,32;1,27;1,28;2177133,00
12.07.2011;1,25;1,26;1,23;1,25;2272844,00
13.07.2011;1,25;1,29;1,25;1,29;1188985,00
14.07.2011;1,28;1,28;1,25;1,25;971509,00
15.07.2011;1,26;1,26;1,24;1,25;1660470,00
18.07.2011;1,26;1,26;1,22;1,23;3311406,00
19.07.2011;1,23;1,26;1,23;1,25;1622901,00
20.07.2011;1,27;1,28;1,25;1,26;1251964,00
21.07.2011;1,26;1,27;1,24;1,27;851942,00
22.07.2011;1,30;1,33;1,29;1,31;1979467,00
25.07.2011;1,31;1,31;1,29;1,30;939162,00
26.07.2011;1,30;1,30;1,27;1,30;1206730,00
27.07.2011;1,29;1,29;1,26;1,27;655529,00
28.07.2011;1,24;1,26;1,24;1,25;1636551,00
29.07.2011;1,25;1,35;1,24;1,35;10610957,00
01.08.2011;1,38;1,38;1,25;1,26;3160969,00
02.08.2011;1,26;1,28;1,19;1,20;3900540,00
03.08.2011;1,16;1,17;1,12;1,16;7438872,00
04.08.2011;1,16;1,17;1,01;1,02;9320052,00
05.08.2011;0,98;1,10;0,92;1,03;8561063,00
08.08.2011;1,02;1,06;0,97;0,98;5039153,00
09.08.2011;0,97;1,02;0,93;0,99;7463743,00
10.08.2011;1,05;1,07;1,00;1,00;7967365,00
11.08.2011;1,02;1,05;1,00;1,05;4633167,00
12.08.2011;1,06;1,09;1,02;1,06;4852484,00
15.08.2011;1,10;1,15;1,08;1,14;3891909,00
16.08.2011;1,16;1,18;1,10;1,11;3700571,00
17.08.2011;1,05;1,07;0,99;1,04;17977169,00
18.08.2011;1,04;1,04;0,96;0,97;5544371,00
19.08.2011;0,97;0,97;0,92;0,93;8293649,00
22.08.2011;0,93;0,96;0,92;0,95;2851114,00
23.08.2011;0,97;0,99;0,94;0,95;3604321,00
24.08.2011;0,97;0,97;0,95;0,95;2210803,00
25.08.2011;0,97;0,99;0,96;0,98;7162190,00
26.08.2011;0,99;0,99;0,94;0,97;3883796,00
29.08.2011;0,99;1,02;0,97;1,02;1667680,00
30.08.2011;1,04;1,04;1,00;1,01;2367407,00
31.08.2011;1,02;1,05;1,01;1,05;2792391,00
01.09.2011;1,05;1,07;1,03;1,05;2130436,00
02.09.2011;1,03;1,04;1,02;1,03;1262016,00
05.09.2011;1,01;1,02;0,95;0,97;2913778,00
06.09.2011;0,97;1,00;0,96;0,98;2403156,00
07.09.2011;0,99;1,02;0,99;1,02;1633926,00
08.09.2011;1,02;1,02;0,99;0,99;2172548,00
09.09.2011;0,99;0,99;0,95;0,95;2390444,00
12.09.2011;0,94;0,94;0,91;0,91;2466534,00
13.09.2011;0,92;0,94;0,88;0,89;8314565,00
14.09.2011;0,89;0,91;0,88;0,91;2089395,00
15.09.2011;0,93;0,95;0,91;0,93;6046978,00
16.09.2011;0,95;0,97;0,93;0,96;3013010,00
19.09.2011;0,94;0,94;0,92;0,93;1995483,00
20.09.2011;0,92;0,94;0,91;0,93;1758379,00
21.09.2011;0,93;0,94;0,91;0,91;1696492,00
22.09.2011;0,89;0,90;0,86;0,86;3355905,00
23.09.2011;0,86;0,89;0,82;0,84;4417280,00
26.09.2011;0,83;0,85;0,81;0,83;2323209,00
27.09.2011;0,85;0,86;0,84;0,85;4433457,00
28.09.2011;0,85;0,86;0,83;0,84;2511691,00
29.09.2011;0,84;0,85;0,81;0,83;3889466,00
30.09.2011;0,83;0,84;0,80;0,80;4322843,00
03.10.2011;0,79;0,81;0,77;0,80;4319861,00
04.10.2011;0,80;0,81;0,75;0,76;5138532,00
05.10.2011;0,77;0,78;0,76;0,77;3536484,00
06.10.2011;0,78;0,82;0,78;0,79;5983215,00
07.10.2011;0,65;0,65;0,56;0,64;77014609,00
10.10.2011;0,65;0,66;0,63;0,65;15498028,00
11.10.2011;0,66;0,69;0,65;0,69;15898834,00
12.10.2011;0,69;0,71;0,67;0,70;10668112,00
13.10.2011;0,71;0,72;0,68;0,68;8341018,00
14.10.2011;0,68;0,69;0,67;0,67;7292915,00
17.10.2011;0,68;0,69;0,64;0,65;6979525,00
18.10.2011;0,65;0,66;0,63;0,64;4285365,00
19.10.2011;0,66;0,66;0,64;0,64;5481266,00
20.10.2011;0,64;0,66;0,63;0,63;6478045,00
21.10.2011;0,65;0,65;0,64;0,65;3889508,00
24.10.2011;0,68;0,71;0,66;0,71;8037071,00
25.10.2011;0,72;0,73;0,69;0,70;8772274,00
26.10.2011;0,70;0,71;0,68;0,70;4138897,00
27.10.2011;0,73;0,80;0,73;0,77;15140139,00
28.10.2011;0,80;0,81;0,76;0,78;10603362,00
31.10.2011;0,78;0,78;0,72;0,74;10301011,00
01.11.2011;0,71;0,71;0,67;0,67;10424694,00
02.11.2011;0,67;0,70;0,65;0,70;12193629,00
03.11.2011;0,69;0,74;0,67;0,74;8443582,00
04.11.2011;0,73;0,75;0,70;0,70;9939265,00
07.11.2011;0,70;0,73;0,69;0,71;6835178,00
08.11.2011;0,71;0,73;0,70;0,71;4424735,00
09.11.2011;0,70;0,72;0,66;0,69;12285049,00
10.11.2011;0,66;0,67;0,65;0,66;8508773,00
11.11.2011;0,66;0,69;0,66;0,68;3549119,00
14.11.2011;0,70;0,70;0,64;0,65;6217967,00
15.11.2011;0,65;0,66;0,61;0,64;8695190,00
16.11.2011;0,63;0,64;0,61;0,62;5825694,00
17.11.2011;0,62;0,62;0,60;0,61;6162940,00
18.11.2011;0,61;0,66;0,61;0,65;8113861,00
21.11.2011;0,65;0,65;0,62;0,63;6345353,00
22.11.2011;0,63;0,65;0,62;0,63;5508363,00
23.11.2011;0,63;0,65;0,62;0,64;4796743,00
24.11.2011;0,64;0,65;0,63;0,64;3947384,00
25.11.2011;0,64;0,64;0,61;0,64;3733261,00
28.11.2011;0,64;0,70;0,64;0,70;8163771,00
29.11.2011;0,70;0,71;0,68;0,70;4848816,00
30.11.2011;0,69;0,75;0,69;0,75;11782757,00
01.12.2011;0,77;0,78;0,73;0,73;10874241,00
02.12.2011;0,75;0,75;0,73;0,74;4419401,00
05.12.2011;0,75;0,75;0,74;0,75;3305309,00
07.12.2011;0,75;0,76;0,74;0,76;5207692,00
08.12.2011;0,76;0,78;0,75;0,75;11276174,00
09.12.2011;0,74;0,79;0,73;0,74;18778046,00
12.12.2011;0,74;0,76;0,73;0,73;6110244,00
13.12.2011;0,73;0,74;0,70;0,70;6173601,00
14.12.2011;0,70;0,71;0,67;0,68;3978520,00
15.12.2011;0,68;0,69;0,67;0,68;4452777,00
16.12.2011;0,68;0,69;0,65;0,65;12204570,00
19.12.2011;0,65;0,67;0,63;0,64;3343172,00
20.12.2011;0,64;0,67;0,64;0,67;3308662,00
21.12.2011;0,68;0,70;0,67;0,68;7522501,00
22.12.2011;0,68;0,69;0,68;0,68;2012549,00
23.12.2011;0,69;0,69;0,68;0,68;1514506,00
27.12.2011;0,68;0,69;0,65;0,66;3228078,00
28.12.2011;0,66;0,67;0,65;0,65;2849119,00
29.12.2011;0,65;0,66;0,65;0,65;3177804,00
30.12.2011;0,65;0,67;0,64;0,67;5144692,00
02.01.2012;0,67;0,71;0,66;0,71;2899498,00
03.01.2012;0,72;0,84;0,69;0,83;13922678,00
04.01.2012;0,83;0,87;0,83;0,86;16040381,00
05.01.2012;0,86;0,86;0,83;0,83;8812517,00
09.01.2012;0,84;0,87;0,83;0,86;7294182,00
10.01.2012;0,86;0,94;0,86;0,92;8918364,00
11.01.2012;0,92;0,94;0,90;0,93;6163920,00
12.01.2012;0,93;0,95;0,92;0,94;7211645,00
13.01.2012;0,95;1,00;0,95;0,97;11258625,00
16.01.2012;0,97;1,00;0,96;0,99;3802631,00
17.01.2012;1,00;1,05;1,00;1,05;8887368,00
18.01.2012;1,07;1,10;1,05;1,10;10091753,00
19.01.2012;1,11;1,19;1,11;1,17;18658003,00
20.01.2012;1,19;1,21;1,13;1,15;16690009,00
23.01.2012;1,16;1,18;1,14;1,15;6299846,00
24.01.2012;1,15;1,15;1,04;1,12;13875106,00
25.01.2012;1,12;1,14;1,08;1,08;7878696,00
26.01.2012;1,08;1,10;1,05;1,09;7799603,00
27.01.2012;1,09;1,09;1,06;1,06;5469065,00
30.01.2012;1,05;1,06;1,02;1,02;5711426,00
31.01.2012;1,02;1,04;0,99;1,02;13225926,00
01.02.2012;1,02;1,09;1,02;1,07;6660248,00
02.02.2012;1,08;1,11;1,08;1,10;6432125,00
03.02.2012;1,10;1,10;1,06;1,09;5363057,00
06.02.2012;1,09;1,13;1,08;1,12;3913567,00
07.02.2012;1,12;1,13;1,09;1,11;2967097,00
08.02.2012;1,11;1,13;1,09;1,10;3938508,00
09.02.2012;1,12;1,12;1,09;1,11;4634462,00
10.02.2012;1,10;1,11;1,07;1,08;2876853,00
13.02.2012;1,08;1,13;1,08;1,11;3886029,00
14.02.2012;1,11;1,12;1,07;1,08;4146611,00
15.02.2012;1,08;1,10;1,06;1,07;4065593,00
16.02.2012;1,07;1,07;0,92;0,93;47728352,00
17.02.2012;0,94;0,97;0,92;0,93;27030045,00
20.02.2012;0,94;0,95;0,93;0,94;14679056,00
21.02.2012;0,94;0,94;0,92;0,93;8147930,00
22.02.2012;0,93;0,93;0,91;0,91;8344931,00
23.02.2012;0,91;0,91;0,88;0,89;9515716,00
24.02.2012;0,89;0,91;0,89;0,90;4218739,00
27.02.2012;0,91;0,91;0,88;0,89;3196151,00
28.02.2012;0,90;0,90;0,88;0,90;3569328,00
29.02.2012;0,91;0,92;0,90;0,91;7892752,00
01.03.2012;0,91;0,94;0,90;0,91;12835200,00
02.03.2012;0,92;0,93;0,91;0,92;6205990,00
05.03.2012;0,92;0,92;0,89;0,89;3513706,00
06.03.2012;0,89;0,89;0,86;0,86;4116889,00
07.03.2012;0,85;0,89;0,84;0,88;3549210,00
08.03.2012;0,88;0,91;0,88;0,90;5153967,00
09.03.2012;0,92;0,92;0,90;0,91;3189319,00
12.03.2012;0,91;0,92;0,89;0,90;3030587,00
13.03.2012;0,90;0,91;0,89;0,89;3598861,00
14.03.2012;0,90;0,91;0,88;0,88;4054057,00
15.03.2012;0,89;0,89;0,88;0,88;3740604,00
16.03.2012;0,88;0,88;0,86;0,86;3205727,00
19.03.2012;0,86;0,87;0,86;0,86;2907450,00
20.03.2012;0,86;0,86;0,83;0,84;3134201,00
21.03.2012;0,84;0,85;0,81;0,82;7004074,00
22.03.2012;0,82;0,82;0,80;0,80;4877285,00
23.03.2012;0,81;0,82;0,79;0,81;3218992,00
26.03.2012;0,81;0,82;0,80;0,81;3138163,00
27.03.2012;0,82;0,82;0,80;0,80;2841370,00
28.03.2012;0,80;0,80;0,77;0,78;4338992,00
29.03.2012;0,78;0,78;0,75;0,76;3817394,00
30.03.2012;0,77;0,80;0,76;0,79;5118729,00
02.04.2012;0,80;0,80;0,76;0,79;3647364,00
03.04.2012;0,79;0,79;0,77;0,78;2383122,00
04.04.2012;0,78;0,78;0,73;0,73;5764185,00
05.04.2012;0,77;0,79;0,73;0,79;5210051,00
10.04.2012;0,79;0,79;0,73;0,73;5525506,00
11.04.2012;0,73;0,75;0,72;0,73;4161892,00
12.04.2012;0,74;0,74;0,72;0,74;3780532,00
13.04.2012;0,74;0,75;0,72;0,73;2217957,00
16.04.2012;0,73;0,74;0,70;0,73;3758398,00
17.04.2012;0,73;0,74;0,73;0,74;4341512,00
18.04.2012;0,74;0,75;0,73;0,74;3867675,00
19.04.2012;0,67;0,68;0,62;0,64;38557652,00
20.04.2012;0,64;0,64;0,63;0,63;6770547,00
23.04.2012;0,63;0,63;0,60;0,60;5193629,00
24.04.2012;0,60;0,62;0,60;0,61;3680656,00
25.04.2012;0,60;0,63;0,59;0,62;9357418,00
26.04.2012;0,62;0,63;0,58;0,58;5842060,00
27.04.2012;0,59;0,62;0,57;0,62;4859148,00
30.04.2012;0,62;0,62;0,60;0,60;2657760,00
02.05.2012;0,61;0,62;0,59;0,59;2725625,00
03.05.2012;0,59;0,59;0,56;0,56;6071240,00
04.05.2012;0,55;0,56;0,53;0,53;11923898,00
07.05.2012;0,53;0,57;0,51;0,57;4680466,00
08.05.2012;0,57;0,57;0,54;0,54;6713182,00
09.05.2012;0,54;0,55;0,52;0,54;4537568,00
10.05.2012;0,54;0,56;0,54;0,55;3792530,00
11.05.2012;0,55;0,56;0,55;0,56;3297791,00
14.05.2012;0,56;0,56;0,53;0,53;3968419,00
15.05.2012;0,54;0,54;0,51;0,51;4558974,00
16.05.2012;0,51;0,52;0,49;0,51;6810447,00
18.05.2012;0,50;0,50;0,49;0,49;4859456,00
21.05.2012;0,49;0,51;0,49;0,49;3250583,00
22.05.2012;0,51;0,53;0,50;0,53;4127088,00
23.05.2012;0,52;0,52;0,49;0,50;3974229,00
24.05.2012;0,50;0,51;0,49;0,49;2763243,00
25.05.2012;0,49;0,50;0,49;0,49;2741088,00
28.05.2012;0,50;0,50;0,48;0,49;1984920,00
29.05.2012;0,50;0,50;0,49;0,50;1611631,00
30.05.2012;0,49;0,49;0,47;0,47;4048744,00
31.05.2012;0,47;0,48;0,43;0,44;7528857,00
01.06.2012;0,44;0,45;0,42;0,43;5565154,00
04.06.2012;0,43;0,43;0,41;0,43;1719319,00
05.06.2012;0,43;0,44;0,43;0,44;2166388,00
06.06.2012;0,45;0,49;0,44;0,49;5253451,00
07.06.2012;0,51;0,51;0,49;0,51;4766881,00
08.06.2012;0,50;0,51;0,49;0,50;2135693,00
11.06.2012;0,53;0,55;0,49;0,49;7404544,00
12.06.2012;0,50;0,50;0,47;0,49;5091044,00
13.06.2012;0,49;0,50;0,46;0,46;3880905,00
14.06.2012;0,46;0,49;0,46;0,49;3919034,00
15.06.2012;0,50;0,53;0,50;0,53;10008159,00
18.06.2012;0,56;0,58;0,53;0,54;10666075,00
19.06.2012;0,54;0,56;0,54;0,55;8453753,00
20.06.2012;0,55;0,57;0,55;0,57;8651881,00
21.06.2012;0,56;0,58;0,55;0,58;4688831,00
25.06.2012;0,58;0,59;0,53;0,54;6384140,00
26.06.2012;0,54;0,55;0,53;0,55;2556106,00
27.06.2012;0,56;0,56;0,54;0,54;2949324,00
28.06.2012;0,54;0,55;0,52;0,52;3609571,00
29.06.2012;0,55;0,58;0,55;0,57;6133197,00
02.07.2012;0,57;0,58;0,57;0,58;1714223,00
03.07.2012;0,51;0,51;0,46;0,51;15885849,00
04.07.2012;0,52;0,52;0,50;0,51;3402427,00
05.07.2012;0,50;0,52;0,50;0,50;3126718,00
06.07.2012;0,51;0,51;0,48;0,48;3677128,00
09.07.2012;0,48;0,49;0,47;0,47;3299275,00
10.07.2012;0,47;0,49;0,47;0,47;2813930,00
11.07.2012;0,48;0,48;0,47;0,47;2747024,00
12.07.2012;0,47;0,47;0,46;0,47;2166535,00
13.07.2012;0,47;0,48;0,46;0,46;3476711,00
16.07.2012;0,46;0,47;0,46;0,46;2644082,00
17.07.2012;0,47;0,47;0,45;0,45;2616166,00
18.07.2012;0,46;0,46;0,44;0,44;3644011,00
19.07.2012;0,44;0,45;0,43;0,44;3849496,00
20.07.2012;0,45;0,45;0,44;0,44;2325043,00
23.07.2012;0,44;0,44;0,42;0,42;2546677,00
24.07.2012;0,42;0,43;0,41;0,42;1838690,00
25.07.2012;0,42;0,43;0,42;0,42;2030343,00
26.07.2012;0,42;0,46;0,42;0,45;2000271,00
27.07.2012;0,45;0,48;0,45;0,48;2470650,00
30.07.2012;0,48;0,52;0,48;0,52;3664227,00
31.07.2012;0,53;0,53;0,51;0,52;1981378,00
01.08.2012;0,52;0,52;0,49;0,50;2489522,00
02.08.2012;0,50;0,50;0,47;0,47;1213807,00
03.08.2012;0,49;0,49;0,48;0,49;1029420,00
06.08.2012;0,49;0,50;0,49;0,50;945133,00
07.08.2012;0,51;0,52;0,50;0,52;2172464,00
08.08.2012;0,52;0,52;0,50;0,50;1987104,00
09.08.2012;0,50;0,51;0,50;0,51;1444310,00
10.08.2012;0,51;0,51;0,49;0,50;2015713,00
13.08.2012;0,50;0,50;0,49;0,49;1159151,00
14.08.2012;0,49;0,50;0,49;0,49;2942751,00
15.08.2012;0,49;0,49;0,47;0,48;2548931,00
16.08.2012;0,48;0,49;0,46;0,47;11352271,00
17.08.2012;0,48;0,49;0,47;0,48;4793796,00
20.08.2012;0,49;0,49;0,47;0,47;5456955,00
21.08.2012;0,47;0,48;0,47;0,48;3699213,00
22.08.2012;0,48;0,48;0,47;0,47;2255323,00
23.08.2012;0,48;0,49;0,47;0,48;3670758,00
24.08.2012;0,48;0,48;0,47;0,47;2341178,00
27.08.2012;0,47;0,48;0,47;0,47;1233043,00
28.08.2012;0,47;0,48;0,46;0,46;2516752,00
29.08.2012;0,46;0,46;0,44;0,45;2416589,00
30.08.2012;0,44;0,46;0,42;0,42;7707854,00
31.08.2012;0,44;0,44;0,42;0,44;5534144,00
03.09.2012;0,44;0,47;0,44;0,46;5034603,00
04.09.2012;0,46;0,46;0,45;0,45;2651124,00
05.09.2012;0,45;0,45;0,44;0,44;3018974,00
06.09.2012;0,44;0,46;0,44;0,45;2681735,00
07.09.2012;0,46;0,47;0,46;0,47;4277049,00
10.09.2012;0,47;0,48;0,47;0,48;3030097,00
11.09.2012;0,47;0,50;0,47;0,50;3676561,00
12.09.2012;0,50;0,52;0,50;0,52;5714954,00
13.09.2012;0,52;0,52;0,51;0,52;2987341,00
14.09.2012;0,55;0,56;0,55;0,56;10779692,00
17.09.2012;0,56;0,58;0,55;0,56;5943994,00
18.09.2012;0,56;0,56;0,54;0,56;3852765,00
19.09.2012;0,57;0,60;0,57;0,59;6392176,00
20.09.2012;0,59;0,59;0,57;0,57;3453982,00
21.09.2012;0,57;0,57;0,56;0,56;3337439,00
24.09.2012;0,56;0,56;0,51;0,54;3532760,00
25.09.2012;0,53;0,54;0,53;0,53;1690794,00
26.09.2012;0,52;0,52;0,50;0,50;2277856,00
27.09.2012;0,51;0,52;0,50;0,52;980994,00
28.09.2012;0,53;0,53;0,51;0,51;3233573,00
01.10.2012;0,51;0,52;0,51;0,52;1841028,00
02.10.2012;0,51;0,52;0,50;0,51;2599828,00
03.10.2012;0,51;0,53;0,51;0,52;1950571,00
04.10.2012;0,52;0,52;0,51;0,52;1271228,00
05.10.2012;0,52;0,54;0,52;0,54;3662869,00
08.10.2012;0,54;0,54;0,53;0,53;714637,00
09.10.2012;0,53;0,53;0,52;0,53;1331771,00
10.10.2012;0,53;0,53;0,51;0,51;816648,00
11.10.2012;0,50;0,51;0,49;0,50;1309749,00
12.10.2012;0,51;0,51;0,49;0,49;940772,00
15.10.2012;0,48;0,48;0,45;0,46;5188078,00
16.10.2012;0,46;0,46;0,44;0,44;4710559,00
17.10.2012;0,44;0,47;0,44;0,46;2356935,00
18.10.2012;0,47;0,48;0,47;0,47;1344532,00
19.10.2012;0,47;0,47;0,45;0,45;1437667,00
22.10.2012;0,46;0,46;0,44;0,44;1800596,00
23.10.2012;0,45;0,45;0,43;0,43;3002153,00
24.10.2012;0,43;0,44;0,43;0,43;1739794,00
25.10.2012;0,44;0,45;0,43;0,44;1397711,00
26.10.2012;0,44;0,45;0,44;0,45;792463,00
29.10.2012;0,44;0,45;0,44;0,44;898037,00
30.10.2012;0,44;0,45;0,44;0,44;825860,00
31.10.2012;0,44;0,45;0,44;0,44;2470650,00
01.11.2012;0,44;0,45;0,44;0,44;998340,00
02.11.2012;0,45;0,45;0,44;0,45;1477945,00
05.11.2012;0,42;0,44;0,42;0,44;7072737,00
06.11.2012;0,43;0,43;0,41;0,42;8174971,00
07.11.2012;0,42;0,42;0,41;0,42;5773369,00
08.11.2012;0,42;0,45;0,41;0,41;11487119,00
09.11.2012;0,41;0,41;0,35;0,35;32787636,00
12.11.2012;0,35;0,35;0,31;0,31;30939923,00
13.11.2012;0,30;0,31;0,27;0,29;35290717,00
14.11.2012;0,31;0,34;0,30;0,34;28577927,00
15.11.2012;0,34;0,39;0,34;0,35;40381964,00
16.11.2012;0,35;0,38;0,35;0,35;17169929,00
19.11.2012;0,36;0,38;0,36;0,37;16860648,00
20.11.2012;0,38;0,38;0,35;0,35;16147019,00
21.11.2012;0,35;0,38;0,34;0,34;16726885,00
22.11.2012;0,34;0,35;0,33;0,34;10661420,00
23.11.2012;0,34;0,34;0,32;0,34;9677136,00
26.11.2012;0,33;0,34;0,33;0,33;4336178,00
27.11.2012;0,34;0,34;0,33;0,33;2278073,00
28.11.2012;0,32;0,32;0,30;0,32;10807433,00
29.11.2012;0,32;0,33;0,32;0,32;4981781,00
30.11.2012;0,32;0,33;0,32;0,32;4096169,00
03.12.2012;0,32;0,33;0,32;0,32;1787674,00
04.12.2012;0,32;0,32;0,32;0,32;1786694,00
05.12.2012;0,32;0,32;0,32;0,32;4226894,00
07.12.2012;0,32;0,32;0,32;0,32;4140507,00
10.12.2012;0,32;0,32;0,31;0,31;2811550,00
11.12.2012;0,31;0,32;0,31;0,32;3435789,00
12.12.2012;0,32;0,32;0,32;0,32;3323460,00
13.12.2012;0,32;0,32;0,31;0,31;2594144,00
14.12.2012;0,31;0,32;0,31;0,32;2411346,00
17.12.2012;0,32;0,32;0,31;0,32;3948000,00
18.12.2012;0,32;0,33;0,32;0,33;8664782,00
19.12.2012;0,33;0,35;0,33;0,34;15621361,00
20.12.2012;0,34;0,36;0,34;0,36;7246799,00
21.12.2012;0,36;0,36;0,35;0,35;6413484,00
27.12.2012;0,36;0,36;0,34;0,34;4510590,00
28.12.2012;0,34;0,34;0,33;0,34;3268930,00
02.01.2013;0,35;0,35;0,34;0,35;4067420,00
03.01.2013;0,36;0,37;0,35;0,37;8685278,00
04.01.2013;0,37;0,38;0,36;0,37;10151757,00
07.01.2013;0,38;0,38;0,37;0,37;4329129,00
08.01.2013;0,37;0,37;0,35;0,36;3462284,00
09.01.2013;0,36;0,37;0,36;0,37;2787379,00
10.01.2013;0,37;0,37;0,36;0,36;2258662,00
11.01.2013;0,37;0,37;0,35;0,35;3793874,00
14.01.2013;0,36;0,36;0,35;0,35;4875409,00
15.01.2013;0,35;0,36;0,34;0,35;2523465,00
16.01.2013;0,35;0,35;0,32;0,32;11789554,00
17.01.2013;0,32;0,32;0,30;0,31;12467994,00
18.01.2013;0,32;0,33;0,32;0,32;6847512,00
21.01.2013;0,33;0,33;0,32;0,32;3117618,00
22.01.2013;0,33;0,33;0,32;0,32;3017364,00
23.01.2013;0,32;0,33;0,32;0,32;3355002,00
24.01.2013;0,33;0,33;0,32;0,32;3306163,00
25.01.2013;0,32;0,33;0,32;0,32;2618924,00
28.01.2013;0,32;0,33;0,31;0,31;2709581,00
29.01.2013;0,31;0,32;0,31;0,31;1892128,00
30.01.2013;0,31;0,31;0,30;0,30;4489569,00
31.01.2013;0,30;0,30;0,28;0,28;11196143,00
01.02.2013;0,28;0,29;0,27;0,28;6384476,00
04.02.2013;0,28;0,28;0,27;0,27;4009117,00
05.02.2013;0,27;0,28;0,27;0,28;2772868,00
06.02.2013;0,29;0,29;0,28;0,28;3693564,00
07.02.2013;0,29;0,29;0,28;0,28;2292430,00
08.02.2013;0,28;0,28;0,28;0,28;2036160,00
11.02.2013;0,28;0,28;0,27;0,27;2404451,00
12.02.2013;0,27;0,29;0,27;0,28;6508845,00
13.02.2013;0,29;0,29;0,28;0,28;4010748,00
14.02.2013;0,26;0,28;0,25;0,27;24305533,00
15.02.2013;0,28;0,30;0,28;0,29;16324518,00
18.02.2013;0,31;0,34;0,31;0,33;20692056,00
19.02.2013;0,34;0,36;0,32;0,32;24527727,00
20.02.2013;0,33;0,34;0,30;0,30;11096127,00
21.02.2013;0,30;0,30;0,29;0,29;5651016,00
22.02.2013;0,30;0,32;0,30;0,31;4457880,00
25.02.2013;0,31;0,31;0,30;0,30;2440060,00
26.02.2013;0,30;0,30;0,29;0,29;2775913,00
27.02.2013;0,29;0,30;0,29;0,29;3261048,00
28.02.2013;0,29;0,30;0,28;0,28;4638613,00
01.03.2013;0,29;0,29;0,28;0,28;2984247,00
04.03.2013;0,28;0,28;0,27;0,27;3749445,00
05.03.2013;0,28;0,29;0,28;0,28;6119876,00
06.03.2013;0,29;0,29;0,28;0,28;4637668,00
07.03.2013;0,28;0,28;0,28;0,28;3029964,00
08.03.2013;0,29;0,30;0,28;0,29;21673155,00
11.03.2013;0,31;0,50;0,29;0,34;14549941,00
12.03.2013;0,37;0,40;0,36;0,38;5227107,00
13.03.2013;0,39;0,40;0,38;0,40;3797295,00
14.03.2013;0,40;0,40;0,39;0,40;3467361,00
15.03.2013;0,40;0,40;0,37;0,38;2837459,00
18.03.2013;0,36;0,37;0,30;0,33;4668914,00
19.03.2013;0,33;0,33;0,30;0,31;2298695,00
20.03.2013;0,31;0,32;0,29;0,30;3784859,00
21.03.2013;0,30;0,30;0,28;0,28;3760409,00
22.03.2013;0,28;0,28;0,25;0,25;5127545,00
25.03.2013;0,26;0,27;0,25;0,25;3464266,00
26.03.2013;0,26;0,26;0,22;0,24;4139693,00
27.03.2013;0,24;0,25;0,20;0,22;7084724,00
28.03.2013;0,22;0,24;0,22;0,23;4556991,00
02.04.2013;0,23;0,24;0,22;0,22;3255299,00
03.04.2013;0,22;0,22;0,20;0,20;3440628,00
04.04.2013;0,21;0,21;0,20;0,20;4465754,00
05.04.2013;0,20;0,20;0,19;0,19;6277671,00
08.04.2013;0,19;0,19;0,16;0,16;15380912,00
09.04.2013;0,17;0,19;0,16;0,18;16933723,00
10.04.2013;0,18;0,18;0,17;0,17;13974874,00
11.04.2013;0,17;0,18;0,17;0,17;8047983,00
12.04.2013;0,17;0,17;0,16;0,17;8351467,00
15.04.2013;0,17;0,17;0,16;0,16;7380576,00
16.04.2013;0,17;0,18;0,17;0,17;16719319,00
17.04.2013;0,18;0,19;0,18;0,19;24587827,00
18.04.2013;0,20;0,23;0,20;0,20;44256347,00
19.04.2013;0,21;0,21;0,19;0,19;31230561,00
22.04.2013;0,19;0,19;0,17;0,17;24575258,00
23.04.2013;0,17;0,18;0,16;0,17;17239991,00
24.04.2013;0,18;0,18;0,17;0,17;15142936,00
25.04.2013;0,17;0,17;0,17;0,17;7126199,00
26.04.2013;0,17;0,17;0,17;0,17;8469786,00
29.04.2013;0,17;0,17;0,16;0,17;11175028,00
30.04.2013;0,17;0,17;0,16;0,16;5452215,00
02.05.2013;0,17;0,17;0,16;0,16;14015545,00
03.05.2013;0,16;0,17;0,16;0,17;8411091,00
06.05.2013;0,17;0,18;0,17;0,18;7761625,00
07.05.2013;0,18;0,19;0,17;0,18;11849315,00
08.05.2013;0,18;0,18;0,17;0,17;8355576,00
10.05.2013;0,18;0,18;0,18;0,18;8924518,00
13.05.2013;0,19;0,19;0,17;0,18;11897160,00
14.05.2013;0,18;0,18;0,18;0,18;4859208,00
15.05.2013;0,18;0,18;0,18;0,18;4017280,00
16.05.2013;0,18;0,18;0,17;0,17;7132639,00
17.05.2013;0,17;0,18;0,17;0,18;3640126,00
20.05.2013;0,18;0,18;0,18;0,18;10459218,00
21.05.2013;0,18;0,18;0,18;0,18;7940969,00
22.05.2013;0,18;0,18;0,17;0,18;6870717,00
23.05.2013;0,18;0,18;0,17;0,17;8814972,00
24.05.2013;0,17;0,17;0,17;0,17;3672231,00
27.05.2013;0,17;0,17;0,17;0,17;2391720,00
28.05.2013;0,17;0,17;0,17;0,17;4768493,00
29.05.2013;0,17;0,17;0,17;0,17;5986429,00
30.05.2013;0,17;0,17;0,17;0,17;2199097,00
31.05.2013;0,17;0,17;0,17;0,17;6371847,00
03.06.2013;0,17;0,17;0,17;0,17;4007821,00
04.06.2013;0,17;0,17;0,17;0,17;3381734,00
05.06.2013;0,17;0,17;0,16;0,16;5866442,00
06.06.2013;0,16;0,16;0,16;0,16;2174713,00
07.06.2013;0,16;0,17;0,16;0,16;2506210,00
10.06.2013;0,16;0,16;0,16;0,16;3546582,00
11.06.2013;0,16;0,16;0,16;0,16;6158069,00
12.06.2013;0,16;0,16;0,16;0,16;2675698,00
13.06.2013;0,16;0,16;0,15;0,16;6644760,00
14.06.2013;0,16;0,16;0,15;0,16;4102658,00
17.06.2013;0,16;0,16;0,16;0,16;5038643,00
18.06.2013;0,16;0,16;0,16;0,16;4583714,00
19.06.2013;0,16;0,16;0,15;0,15;4886672,00
20.06.2013;0,15;0,15;0,14;0,14;6913616,00
24.06.2013;0,15;0,15;0,14;0,14;8614762,00
25.06.2013;0,14;0,14;0,14;0,14;5659544,00
26.06.2013;0,14;0,14;0,14;0,14;2998530,00
27.06.2013;0,14;0,14;0,14;0,14;4864979,00
28.06.2013;0,14;0,15;0,14;0,14;4477664,00
01.07.2013;0,15;0,15;0,14;0,15;2536095,00
02.07.2013;0,15;0,15;0,13;0,13;15177457,00
03.07.2013;0,13;0,13;0,12;0,12;19611116,00
04.07.2013;0,12;0,13;0,12;0,12;14396835,00
05.07.2013;0,13;0,13;0,12;0,13;5990014,00
08.07.2013;0,13;0,13;0,13;0,13;4450985,00
09.07.2013;0,13;0,13;0,13;0,13;6259813,00
10.07.2013;0,13;0,13;0,13;0,13;4903177,00
11.07.2013;0,13;0,13;0,13;0,13;5576684,00
12.07.2013;0,13;0,13;0,12;0,13;5231445,00
15.07.2013;0,13;0,13;0,13;0,13;2730427,00
16.07.2013;0,13;0,13;0,13;0,13;2331136,00
17.07.2013;0,13;0,13;0,12;0,13;3056025,00
18.07.2013;0,12;0,12;0,12;0,12;8398087,00
19.07.2013;0,12;0,12;0,11;0,11;20925012,00
22.07.2013;0,11;0,11;0,10;0,10;28489570,00
23.07.2013;0,10;0,10;0,09;0,09;22434352,00
24.07.2013;0,09;0,09;0,09;0,09;18394427,00
25.07.2013;0,09;0,09;0,08;0,08;23092483,00
26.07.2013;0,08;0,09;0,08;0,09;16789294,00
29.07.2013;0,09;0,10;0,09;0,10;18155496,00
30.07.2013;0,10;0,12;0,10;0,12;20788197,00
31.07.2013;0,12;0,13;0,12;0,12;33773296,00
01.08.2013;0,12;0,12;0,11;0,11;17273094,00
02.08.2013;0,11;0,11;0,10;0,11;9181868,00
05.08.2013;0,11;0,11;0,11;0,11;6236156,00
06.08.2013;0,11;0,11;0,11;0,11;6260872,00
07.08.2013;0,11;0,11;0,10;0,10;6825113,00
08.08.2013;0,10;0,11;0,10;0,11;4616340,00
09.08.2013;0,11;0,11;0,11;0,11;9141180,00
12.08.2013;0,11;0,11;0,11;0,11;7662136,00
13.08.2013;0,11;0,11;0,11;0,11;8564245,00
14.08.2013;0,12;0,12;0,11;0,12;15807870,00
15.08.2013;0,12;0,13;0,11;0,11;29372069,00
16.08.2013;0,11;0,11;0,11;0,11;8137389,00
19.08.2013;0,11;0,11;0,11;0,11;4538656,00
20.08.2013;0,11;0,11;0,11;0,11;3281400,00
21.08.2013;0,11;0,11;0,11;0,11;3132500,00
22.08.2013;0,11;0,11;0,11;0,11;2794324,00
23.08.2013;0,11;0,11;0,11;0,11;2799515,00
26.08.2013;0,11;0,11;0,11;0,11;2447262,00
27.08.2013;0,11;0,11;0,10;0,10;6298630,00
28.08.2013;0,10;0,10;0,10;0,10;3963945,00
29.08.2013;0,10;0,11;0,10;0,11;4592857,00
30.08.2013;0,11;0,11;0,10;0,11;2189796,00
02.09.2013;0,11;0,11;0,11;0,11;2029395,00
03.09.2013;0,11;0,11;0,10;0,11;5007758,00
04.09.2013;0,11;0,11;0,11;0,11;3536247,00
05.09.2013;0,11;0,11;0,11;0,11;4452930,00
06.09.2013;0,11;0,11;0,11;0,11;4441564,00
09.09.2013;0,11;0,12;0,11;0,11;10538084,00
10.09.2013;0,12;0,12;0,11;0,11;12934980,00
11.09.2013;0,11;0,12;0,11;0,12;6955403,00
12.09.2013;0,12;0,12;0,12;0,12;8791652,00
13.09.2013;0,12;0,12;0,12;0,12;12145845,00
16.09.2013;0,12;0,12;0,11;0,12;10722720,00
17.09.2013;0,12;0,12;0,11;0,12;4472700,00
18.09.2013;0,12;0,12;0,11;0,12;5414305,00
19.09.2013;0,12;0,12;0,11;0,11;12081938,00
20.09.2013;0,11;0,11;0,11;0,11;4466042,00
23.09.2013;0,11;0,11;0,11;0,11;7288778,00
24.09.2013;0,11;0,11;0,11;0,11;3390671,00
25.09.2013;0,11;0,11;0,11;0,11;2769349,00
26.09.2013;0,11;0,11;0,10;0,11;8340465,00
27.09.2013;0,11;0,11;0,10;0,11;3403166,00
30.09.2013;0,11;0,11;0,10;0,10;5493874,00
01.10.2013;0,10;0,11;0,10;0,11;3059023,00
02.10.2013;0,11;0,11;0,10;0,11;3582571,00
03.10.2013;0,11;0,11;0,10;0,11;6156398,00
04.10.2013;0,11;0,11;0,11;0,11;3717691,00
07.10.2013;0,10;0,11;0,10;0,10;5227225,00
08.10.2013;0,10;0,10;0,10;0,10;4645931,00
09.10.2013;0,10;0,10;0,10;0,10;7900607,00
10.10.2013;0,09;0,09;0,07;0,08;49808835,00
11.10.2013;0,08;0,08;0,07;0,07;43940613,00
14.10.2013;0,07;0,07;0,07;0,07;15518032,00
15.10.2013;0,07;0,07;0,06;0,06;34689591,00
16.10.2013;0,06;0,06;0,05;0,05;46381344,00
17.10.2013;0,05;0,07;0,05;0,07;39063530,00
18.10.2013;0,07;0,08;0,07;0,07;30954342,00
21.10.2013;0,07;0,08;0,07;0,08;14989224,00
22.10.2013;0,08;0,08;0,07;0,07;19956391,00
23.10.2013;0,07;0,08;0,07;0,08;12206388,00
24.10.2013;0,08;0,09;0,08;0,09;18066004,00
25.10.2013;0,09;0,10;0,09;0,10;22725445,00
28.10.2013;0,10;0,11;0,10;0,10;34914699,00
29.10.2013;0,10;0,10;0,09;0,09;17717113,00
30.10.2013;0,09;0,09;0,07;0,08;33913133,00
31.10.2013;0,07;0,07;0,07;0,07;19479676,00
01.11.2013;0,07;0,08;0,07;0,08;16626762,00
04.11.2013;0,09;0,09;0,09;0,09;24178861,00
05.11.2013;0,09;0,09;0,08;0,08;25902727,00
06.11.2013;0,08;0,09;0,08;0,09;23501807,00
07.11.2013;0,09;0,09;0,07;0,08;39124912,00
08.11.2013;0,08;0,08;0,07;0,07;33098888,00
11.11.2013;0,08;0,08;0,08;0,08;26342517,00
12.11.2013;0,09;0,09;0,08;0,08;25240323,00
13.11.2013;0,08;0,08;0,08;0,08;8638062,00
14.11.2013;0,08;0,08;0,07;0,07;16660009,00
15.11.2013;0,03;0,04;0,02;0,04;93681373,00
18.11.2013;0,05;0,05;0,04;0,04;43943115,00
19.11.2013;0,04;0,04;0,04;0,04;19462215,00
20.11.2013;0,04;0,05;0,04;0,05;37883940,00
21.11.2013;0,05;0,05;0,04;0,04;54342090,00
22.11.2013;0,04;0,04;0,04;0,04;35490817,00
25.11.2013;0,04;0,04;0,03;0,04;23495009,00
26.11.2013;0,04;0,05;0,03;0,03;59007497,00
27.11.2013;0,03;0,04;0,03;0,04;35294768,00
28.11.2013;0,04;0,04;0,04;0,04;26364012,00
29.11.2013;0,04;0,07;0,04;0,06;168670684,00
02.12.2013;0,06;0,07;0,06;0,07;45346184,00
03.12.2013;0,07;0,07;0,06;0,06;35613613,00
04.12.2013;0,06;0,06;0,06;0,06;12123859,00
05.12.2013;0,06;0,06;0,05;0,06;35741779,00
09.12.2013;0,06;0,06;0,05;0,05;10189561,00
10.12.2013;0,05;0,06;0,05;0,06;14685473,00
11.12.2013;0,06;0,06;0,06;0,06;15424973,00
12.12.2013;0,06;0,06;0,06;0,06;10568533,00
13.12.2013;0,06;0,06;0,06;0,06;6677504,00
16.12.2013;0,06;0,08;0,06;0,08;63556951,00
17.12.2013;0,09;0,12;0,09;0,09;135046880,00
18.12.2013;0,10;0,10;0,08;0,08;43733879,00
19.12.2013;0,08;0,09;0,08;0,08;19546505,00
20.12.2013;0,08;0,08;0,08;0,08;18382114,00
23.12.2013;0,08;0,08;0,07;0,07;9695463,00
27.12.2013;0,07;0,07;0,07;0,07;15774582,00
30.12.2013;0,07;0,08;0,07;0,08;15455626,00
02.01.2014;0,08;0,08;0,08;0,08;14519837,00
03.01.2014;0,08;0,08;0,08;0,08;8547161,00
07.01.2014;0,08;0,08;0,08;0,08;5976255,00
08.01.2014;0,08;0,08;0,08;0,08;5627730,00
09.01.2014;0,08;0,08;0,07;0,08;5167199,00
10.01.2014;0,07;0,07;0,07;0,07;9467001,00
13.01.2014;0,07;0,08;0,07;0,08;13694973,00
14.01.2014;0,08;0,08;0,07;0,08;7169433,00
15.01.2014;0,08;0,08;0,08;0,08;6698735,00
16.01.2014;0,08;0,08;0,08;0,08;6858481,00
17.01.2014;0,08;0,08;0,07;0,07;12786991,00
20.01.2014;0,07;0,08;0,07;0,07;3264778,00
21.01.2014;0,07;0,07;0,07;0,07;1887320,00
22.01.2014;0,07;0,07;0,07;0,07;4804186,00
23.01.2014;0,07;0,07;0,07;0,07;5193978,00
24.01.2014;0,07;0,07;0,07;0,07;3718792,00
27.01.2014;0,07;0,07;0,07;0,07;3031354,00
28.01.2014;0,07;0,07;0,07;0,07;3332267,00
29.01.2014;0,07;0,07;0,07;0,07;3189487,00
30.01.2014;0,07;0,07;0,07;0,07;2400525,00
31.01.2014;0,07;0,07;0,06;0,06;2870847,00
03.02.2014;0,06;0,07;0,06;0,06;4904357,00
04.02.2014;0,06;0,06;0,06;0,06;5878530,00
05.02.2014;0,06;0,06;0,06;0,06;2739400,00
06.02.2014;0,06;0,07;0,06;0,07;5361038,00
07.02.2014;0,07;0,07;0,06;0,06;1692617,00
10.02.2014;0,07;0,07;0,06;0,06;3431356,00
11.02.2014;0,07;0,07;0,06;0,07;2154216,00
12.02.2014;0,07;0,07;0,06;0,07;1523318,00
13.02.2014;0,07;0,07;0,06;0,06;1606927,00
14.02.2014;0,06;0,06;0,06;0,06;2579579,00
17.02.2014;0,06;0,06;0,06;0,06;1366440,00
18.02.2014;0,06;0,06;0,06;0,06;1013079,00
19.02.2014;0,06;0,06;0,06;0,06;1265707,00
20.02.2014;0,06;0,06;0,06;0,06;4356894,00
21.02.2014;0,06;0,06;0,06;0,06;1686449,00
24.02.2014;0,06;0,06;0,06;0,06;2128800,00
25.02.2014;0,06;0,06;0,06;0,06;1681212,00
26.02.2014;0,06;0,06;0,06;0,06;2811139,00
27.02.2014;0,06;0,06;0,06;0,06;2250667,00
28.02.2014;0,06;0,07;0,05;0,06;11890505,00
03.03.2014;0,06;0,06;0,05;0,05;4469032,00
04.03.2014;0,06;0,06;0,06;0,06;2945848,00
05.03.2014;0,06;0,06;0,05;0,05;2823464,00
06.03.2014;0,06;0,06;0,05;0,06;3394168,00
07.03.2014;0,05;0,05;0,05;0,05;12838749,00
10.03.2014;0,05;0,05;0,05;0,05;6258605,00
11.03.2014;0,05;0,05;0,05;0,05;1761426,00
12.03.2014;0,05;0,05;0,05;0,05;2760449,00
13.03.2014;0,05;0,05;0,04;0,05;3055813,00
14.03.2014;0,05;0,05;0,04;0,04;2708032,00
17.03.2014;0,04;0,05;0,04;0,04;3953909,00
18.03.2014;0,04;0,05;0,04;0,05;5237259,00
19.03.2014;0,05;0,05;0,05;0,05;3405258,00
20.03.2014;0,05;0,05;0,05;0,05;1856849,00
21.03.2014;0,05;0,05;0,05;0,05;2288568,00
24.03.2014;0,05;0,05;0,04;0,04;4090630,00
25.03.2014;0,04;0,04;0,04;0,04;4918887,00
26.03.2014;0,04;0,05;0,04;0,05;4560954,00
27.03.2014;0,05;0,05;0,04;0,04;3036198,00
28.03.2014;0,05;0,05;0,04;0,04;1989869,00
31.03.2014;0,04;0,05;0,04;0,04;2902223,00
01.04.2014;0,05;0,07;0,05;0,06;45613569,00
02.04.2014;0,06;0,07;0,06;0,06;19388761,00
03.04.2014;0,06;0,06;0,06;0,06;7142049,00
04.04.2014;0,06;0,06;0,06;0,06;5047222,00
07.04.2014;0,06;0,06;0,06;0,06;3797485,00
08.04.2014;0,05;0,06;0,05;0,06;7713512,00
09.04.2014;0,06;0,06;0,05;0,06;4658054,00
10.04.2014;0,06;0,06;0,05;0,06;2342255,00
11.04.2014;0,06;0,06;0,05;0,06;3725811,00
14.04.2014;0,06;0,07;0,06;0,06;23889290,00
15.04.2014;0,07;0,07;0,07;0,07;15167928,00
16.04.2014;0,07;0,09;0,07;0,09;27964053,00
17.04.2014;0,09;0,11;0,09;0,10;52221625,00
22.04.2014;0,11;0,12;0,11;0,12;47848352,00
23.04.2014;0,13;0,15;0,10;0,10;108264251,00
24.04.2014;0,10;0,12;0,10;0,10;24615345,00
25.04.2014;0,10;0,10;0,09;0,09;27820212,00
28.04.2014;0,09;0,09;0,08;0,08;35968901,00
29.04.2014;0,08;0,10;0,07;0,09;37081513,00
30.04.2014;0,10;0,11;0,08;0,08;44644935,00
02.05.2014;0,08;0,08;0,08;0,08;25789947,00
05.05.2014;0,07;0,07;0,06;0,07;15047946,00
06.05.2014;0,07;0,09;0,07;0,09;32260745,00
07.05.2014;0,09;0,10;0,08;0,09;43401580,00
08.05.2014;0,09;0,09;0,09;0,09;13694489,00
09.05.2014;0,09;0,10;0,09;0,09;12345704,00
12.05.2014;0,09;0,09;0,09;0,09;6484415,00
13.05.2014;0,09;0,09;0,09;0,09;7218060,00
14.05.2014;0,10;0,10;0,09;0,09;13763888,00
15.05.2014;0,09;0,09;0,08;0,09;12344489,00
16.05.2014;0,08;0,08;0,08;0,08;9231218,00
19.05.2014;0,08;0,09;0,08;0,09;18324565,00
20.05.2014;0,10;0,10;0,09;0,09;15184079,00
21.05.2014;0,09;0,09;0,09;0,09;14176978,00
22.05.2014;0,09;0,09;0,09;0,09;9117358,00
23.05.2014;0,09;0,09;0,09;0,09;5271915,00
26.05.2014;0,09;0,09;0,09;0,09;3046065,00
27.05.2014;0,09;0,09;0,09;0,09;4045678,00
28.05.2014;0,10;0,10;0,09;0,09;34872053,00
30.05.2014;0,09;0,09;0,08;0,09;15385754,00
02.06.2014;0,09;0,09;0,08;0,08;7027898,00
03.06.2014;0,08;0,09;0,08;0,08;9244461,00
04.06.2014;0,08;0,08;0,08;0,08;9003455,00
05.06.2014;0,08;0,08;0,08;0,08;2695959,00
06.06.2014;0,08;0,08;0,08;0,08;4295264,00
09.06.2014;0,08;0,08;0,08;0,08;3379834,00
10.06.2014;0,08;0,08;0,07;0,07;10494590,00
11.06.2014;0,07;0,07;0,07;0,07;10458109,00
12.06.2014;0,07;0,07;0,07;0,07;8946432,00
13.06.2014;0,07;0,07;0,07;0,07;3905063,00
16.06.2014;0,07;0,07;0,07;0,07;2842165,00
17.06.2014;0,07;0,07;0,07;0,07;3690334,00
18.06.2014;0,07;0,07;0,07;0,07;4204818,00
19.06.2014;0,07;0,08;0,07;0,07;3056978,00
23.06.2014;0,08;0,08;0,07;0,07;3314082,00
24.06.2014;0,07;0,07;0,07;0,07;3679080,00
25.06.2014;0,07;0,07;0,07;0,07;2213420,00
26.06.2014;0,07;0,07;0,07;0,07;1682032,00
27.06.2014;0,07;0,07;0,07;0,07;2294535,00
30.06.2014;0,07;0,07;0,07;0,07;1526383,00
01.07.2014;0,07;0,07;0,07;0,07;1817881,00
02.07.2014;0,07;0,07;0,07;0,07;1081761,00
03.07.2014;0,07;0,07;0,07;0,07;1379134,00
04.07.2014;0,07;0,07;0,07;0,07;3216045,00
07.07.2014;0,07;0,07;0,07;0,07;3385648,00
08.07.2014;0,07;0,07;0,07;0,07;2507433,00
09.07.2014;0,07;0,07;0,07;0,07;1260821,00
10.07.2014;0,07;0,07;0,06;0,06;7358023,00
11.07.2014;0,07;0,07;0,06;0,06;7614070,00
14.07.2014;0,06;0,07;0,06;0,07;4523686,00
15.07.2014;0,07;0,07;0,07;0,07;4901428,00
16.07.2014;0,07;0,07;0,07;0,07;2312100,00
17.07.2014;0,07;0,07;0,07;0,07;2052398,00
18.07.2014;0,07;0,07;0,07;0,07;1120461,00
21.07.2014;0,07;0,07;0,07;0,07;2477565,00
22.07.2014;0,07;0,07;0,07;0,07;1736258,00
23.07.2014;0,07;0,07;0,07;0,07;2428886,00
24.07.2014;0,07;0,07;0,06;0,07;3682746,00
25.07.2014;0,07;0,07;0,06;0,06;4117851,00
28.07.2014;0,06;0,07;0,06;0,06;2278271,00
29.07.2014;0,07;0,07;0,06;0,07;3297039,00
30.07.2014;0,07;0,07;0,06;0,07;1419090,00
31.07.2014;0,07;0,07;0,06;0,06;2841037,00
01.08.2014;0,06;0,06;0,06;0,06;2254390,00
04.08.2014;0,06;0,07;0,06;0,06;5233234,00
05.08.2014;0,06;0,06;0,06;0,06;6658320,00
06.08.2014;0,06;0,06;0,05;0,06;6776781,00
07.08.2014;0,06;0,06;0,06;0,06;3054692,00
08.08.2014;0,06;0,06;0,05;0,05;3000097,00
11.08.2014;0,05;0,06;0,05;0,06;5406682,00
12.08.2014;0,06;0,07;0,06;0,07;15677941,00
13.08.2014;0,07;0,08;0,07;0,07;18949226,00
14.08.2014;0,07;0,07;0,06;0,06;8179847,00
15.08.2014;0,07;0,07;0,07;0,07;4667715,00
18.08.2014;0,07;0,07;0,07;0,07;3592456,00
19.08.2014;0,07;0,07;0,07;0,07;5256585,00
20.08.2014;0,07;0,07;0,07;0,07;2280501,00
21.08.2014;0,07;0,07;0,07;0,07;3829529,00
22.08.2014;0,07;0,07;0,07;0,07;2572439,00
25.08.2014;0,07;0,07;0,06;0,06;7689027,00
26.08.2014;0,06;0,06;0,06;0,06;13735395,00
27.08.2014;0,06;0,06;0,06;0,06;6318709,00
28.08.2014;0,06;0,06;0,06;0,06;6612997,00
29.08.2014;0,06;0,06;0,06;0,06;2964229,00
01.09.2014;0,06;0,06;0,05;0,06;7058712,00
02.09.2014;0,06;0,06;0,06;0,06;3005238,00
03.09.2014;0,06;0,06;0,06;0,06;3981306,00
04.09.2014;0,06;0,06;0,06;0,06;2937612,00
05.09.2014;0,06;0,06;0,06;0,06;5505848,00
08.09.2014;0,06;0,07;0,06;0,07;34425463,00
09.09.2014;0,07;0,08;0,07;0,07;26619302,00
10.09.2014;0,07;0,07;0,06;0,06;12765815,00
11.09.2014;0,06;0,07;0,06;0,06;8505104,00
12.09.2014;0,06;0,06;0,06;0,06;7380398,00
15.09.2014;0,06;0,06;0,05;0,05;15303364,00
16.09.2014;0,05;0,06;0,05;0,05;8119508,00
17.09.2014;0,06;0,06;0,05;0,05;5910491,00
18.09.2014;0,05;0,05;0,05;0,05;4041565,00
19.09.2014;0,06;0,06;0,05;0,05;2707018,00
22.09.2014;0,06;0,06;0,05;0,05;8450301,00
23.09.2014;0,05;0,07;0,05;0,07;31065708,00
24.09.2014;0,07;0,07;0,06;0,06;29568825,00
25.09.2014;0,06;0,06;0,05;0,05;13443481,00
26.09.2014;0,05;0,06;0,05;0,06;9946697,00
29.09.2014;0,06;0,06;0,06;0,06;22706518,00
30.09.2014;0,07;0,07;0,04;0,05;138190215,00
01.10.2014;0,05;0,05;0,04;0,04;55866215,00
02.10.2014;0,03;0,04;0,03;0,04;29623948,00
03.10.2014;0,04;0,05;0,04;0,04;22103886,00
06.10.2014;0,04;0,04;0,04;0,04;8587021,00
07.10.2014;0,04;0,04;0,04;0,04;6446611,00
08.10.2014;0,04;0,04;0,04;0,04;4869624,00
09.10.2014;0,04;0,04;0,04;0,04;3981774,00
10.10.2014;0,04;0,04;0,04;0,04;4243196,00
13.10.2014;0,04;0,04;0,04;0,04;1637998,00
14.10.2014;0,04;0,04;0,04;0,04;2887059,00
15.10.2014;0,04;0,04;0,04;0,04;2825958,00
16.10.2014;0,04;0,04;0,03;0,03;8247392,00
17.10.2014;0,04;0,04;0,03;0,04;5275013,00
20.10.2014;0,04;0,04;0,04;0,04;6845789,00
21.10.2014;0,04;0,04;0,04;0,04;5140216,00
22.10.2014;0,04;0,04;0,03;0,04;4173589,00
23.10.2014;0,03;0,04;0,03;0,03;2878953,00
24.10.2014;0,03;0,04;0,03;0,03;3788970,00
27.10.2014;0,03;0,03;0,03;0,03;1559982,00
28.10.2014;0,03;0,03;0,03;0,03;1842879,00
29.10.2014;0,03;0,04;0,03;0,03;1806662,00
30.10.2014;0,03;0,03;0,03;0,03;5434606,00
31.10.2014;0,03;0,03;0,03;0,03;6404471,00
03.11.2014;0,03;0,03;0,03;0,03;5834552,00
04.11.2014;0,03;0,03;0,03;0,03;1994173,00
05.11.2014;0,03;0,03;0,03;0,03;3039235,00
06.11.2014;0,03;0,03;0,03;0,03;0,00
07.11.2014;0,03;0,03;0,03;0,03;0,00
10.11.2014;0,03;0,03;0,03;0,03;0,00
11.11.2014;0,03;0,03;0,03;0,03;0,00
12.11.2014;0,03;0,03;0,03;0,03;0,00
13.11.2014;0,03;0,03;0,03;0,03;0,00
14.11.2014;0,03;0,03;0,03;0,03;0,00
17.11.2014;0,03;0,03;0,03;0,03;0,00
18.11.2014;0,03;0,03;0,03;0,03;0,00
19.11.2014;0,03;0,03;0,03;0,03;0,00
20.11.2014;0,03;0,03;0,03;0,03;0,00
21.11.2014;0,03;0,03;0,03;0,03;0,00
24.11.2014;0,03;0,03;0,03;0,03;0,00
25.11.2014;0,03;0,03;0,03;0,03;0,00
26.11.2014;0,03;0,03;0,03;0,03;0,00
27.11.2014;0,03;0,03;0,03;0,03;0,00
28.11.2014;0,03;0,03;0,03;0,03;0,00
01.12.2014;0,03;0,03;0,03;0,03;0,00
02.12.2014;0,03;0,03;0,03;0,03;0,00
03.12.2014;0,03;0,03;0,03;0,03;0,00
04.12.2014;0,03;0,03;0,03;0,03;0,00
05.12.2014;0,03;0,03;0,03;0,03;0,00
08.12.2014;0,03;0,03;0,03;0,03;0,00
09.12.2014;0,03;0,03;0,03;0,03;0,00
10.12.2014;0,03;0,03;0,03;0,03;0,00
11.12.2014;0,03;0,03;0,03;0,03;0,00
12.12.2014;0,03;0,03;0,03;0,03;0,00
15.12.2014;0,03;0,03;0,03;0,03;0,00
16.12.2014;0,03;0,03;0,03;0,03;0,00
17.12.2014;0,03;0,03;0,03;0,03;0,00
18.12.2014;0,03;0,03;0,03;0,03;0,00
19.12.2014;0,03;0,03;0,03;0,03;0,00
22.12.2014;0,03;0,03;0,03;0,03;0,00
23.12.2014;0,03;0,03;0,03;0,03;0,00
29.12.2014;0,03;0,03;0,03;0,03;0,00
30.12.2014;0,03;0,03;0,03;0,03;0,00
02.01.2015;0,03;0,03;0,03;0,03;0,00
05.01.2015;0,03;0,03;0,03;0,03;0,00
07.01.2015;0,03;0,03;0,03;0,03;0,00
08.01.2015;0,03;0,03;0,03;0,03;0,00
09.01.2015;0,03;0,03;0,03;0,03;0,00
12.01.2015;0,03;0,03;0,03;0,03;0,00
13.01.2015;0,03;0,03;0,03;0,03;0,00
14.01.2015;0,03;0,03;0,03;0,03;0,00
15.01.2015;0,03;0,03;0,03;0,03;0,00
16.01.2015;0,03;0,03;0,03;0,03;0,00
19.01.2015;0,03;0,03;0,03;0,03;0,00
20.01.2015;0,03;0,03;0,03;0,03;0,00
21.01.2015;0,03;0,03;0,03;0,03;0,00
22.01.2015;0,03;0,03;0,03;0,03;0,00
23.01.2015;0,03;0,03;0,03;0,03;0,00
26.01.2015;0,03;0,03;0,03;0,03;0,00
27.01.2015;0,03;0,03;0,03;0,03;0,00
28.01.2015;0,03;0,03;0,03;0,03;0,00
29.01.2015;0,03;0,03;0,03;0,03;0,00
30.01.2015;0,03;0,03;0,03;0,03;0,00
02.02.2015;0,03;0,03;0,03;0,03;0,00
03.02.2015;0,03;0,03;0,03;0,03;0,00
04.02.2015;0,03;0,03;0,03;0,03;0,00
05.02.2015;0,03;0,03;0,03;0,03;0,00
06.02.2015;0,03;0,03;0,03;0,03;0,00
09.02.2015;0,03;0,03;0,03;0,03;0,00
10.02.2015;0,03;0,03;0,03;0,03;0,00
11.02.2015;0,03;0,03;0,03;0,03;0,00
12.02.2015;0,03;0,03;0,03;0,03;0,00
13.02.2015;0,03;0,03;0,03;0,03;0,00
16.02.2015;0,03;0,03;0,03;0,03;0,00
17.02.2015;0,03;0,03;0,03;0,03;0,00
18.02.2015;0,03;0,03;0,03;0,03;0,00
19.02.2015;0,03;0,03;0,03;0,03;0,00
20.02.2015;0,03;0,03;0,03;0,03;0,00
23.02.2015;0,03;0,03;0,03;0,03;0,00
24.02.2015;0,03;0,03;0,03;0,03;0,00
25.02.2015;0,03;0,03;0,03;0,03;0,00
26.02.2015;0,03;0,03;0,03;0,03;0,00
27.02.2015;0,03;0,03;0,03;0,03;0,00
02.03.2015;0,03;0,03;0,03;0,03;0,00
03.03.2015;0,03;0,03;0,03;0,03;0,00
04.03.2015;0,03;0,03;0,03;0,03;0,00
05.03.2015;0,03;0,03;0,03;0,03;0,00
06.03.2015;0,03;0,03;0,03;0,03;0,00
09.03.2015;0,03;0,03;0,03;0,03;0,00
10.03.2015;0,03;0,03;0,03;0,03;0,00
11.03.2015;0,03;0,03;0,03;0,03;0,00
12.03.2015;0,03;0,03;0,03;0,03;0,00
13.03.2015;0,03;0,03;0,03;0,03;0,00
16.03.2015;0,03;0,03;0,03;0,03;0,00
17.03.2015;0,03;0,03;0,03;0,03;0,00
18.03.2015;0,03;0,03;0,03;0,03;0,00
19.03.2015;0,03;0,03;0,03;0,03;0,00
20.03.2015;0,03;0,03;0,03;0,03;0,00
23.03.2015;0,03;0,03;0,03;0,03;0,00
24.03.2015;0,03;0,03;0,03;0,03;0,00
25.03.2015;0,03;0,03;0,03;0,03;0,00
26.03.2015;0,03;0,03;0,03;0,03;0,00
27.03.2015;0,03;0,03;0,03;0,03;0,00
30.03.2015;0,03;0,03;0,03;0,03;0,00
31.03.2015;0,03;0,03;0,03;0,03;0,00
01.04.2015;0,03;0,03;0,03;0,03;0,00
02.04.2015;0,03;0,03;0,03;0,03;0,00
07.04.2015;0,03;0,03;0,03;0,03;0,00
08.04.2015;0,03;0,03;0,03;0,03;0,00
09.04.2015;0,03;0,03;0,03;0,03;0,00
10.04.2015;0,03;0,03;0,03;0,03;0,00
13.04.2015;0,03;0,03;0,03;0,03;0,00
14.04.2015;0,03;0,03;0,03;0,03;0,00
15.04.2015;0,03;0,03;0,03;0,03;0,00
16.04.2015;0,03;0,03;0,03;0,03;0,00
17.04.2015;0,03;0,03;0,03;0,03;0,00
20.04.2015;0,03;0,03;0,03;0,03;0,00
21.04.2015;0,03;0,03;0,03;0,03;0,00
22.04.2015;0,03;0,03;0,03;0,03;0,00
23.04.2015;0,03;0,03;0,03;0,03;0,00
24.04.2015;0,03;0,03;0,03;0,03;0,00
27.04.2015;0,03;0,03;0,03;0,03;0,00
28.04.2015;0,03;0,03;0,03;0,03;0,00
29.04.2015;0,03;0,03;0,03;0,03;0,00
30.04.2015;0,03;0,03;0,03;0,03;0,00
04.05.2015;0,03;0,03;0,03;0,03;0,00
05.05.2015;0,03;0,03;0,03;0,03;0,00
06.05.2015;0,03;0,03;0,03;0,03;0,00
07.05.2015;0,03;0,03;0,03;0,03;0,00
08.05.2015;0,03;0,03;0,03;0,03;0,00
11.05.2015;0,03;0,03;0,03;0,03;0,00
12.05.2015;0,03;0,03;0,03;0,03;0,00
13.05.2015;0,03;0,03;0,03;0,03;0,00
15.05.2015;0,03;0,03;0,03;0,03;0,00
18.05.2015;0,03;0,03;0,03;0,03;0,00
19.05.2015;0,03;0,03;0,03;0,03;0,00
20.05.2015;0,03;0,03;0,03;0,03;0,00
21.05.2015;0,03;0,03;0,03;0,03;0,00
22.05.2015;0,03;0,03;0,03;0,03;0,00
25.05.2015;0,03;0,03;0,03;0,03;0,00
26.05.2015;0,03;0,03;0,03;0,03;0,00
27.05.2015;0,03;0,03;0,03;0,03;0,00
28.05.2015;0,03;0,03;0,03;0,03;0,00
29.05.2015;0,03;0,03;0,03;0,03;0,00
01.06.2015;0,03;0,03;0,03;0,03;0,00
02.06.2015;0,03;0,03;0,03;0,03;0,00
03.06.2015;0,03;0,03;0,03;0,03;0,00
04.06.2015;0,03;0,03;0,03;0,03;0,00
05.06.2015;0,03;0,03;0,03;0,03;0,00
08.06.2015;0,03;0,03;0,03;0,03;0,00
09.06.2015;0,03;0,03;0,03;0,03;0,00
10.06.2015;0,03;0,03;0,03;0,03;0,00
11.06.2015;0,03;0,03;0,03;0,03;0,00
12.06.2015;0,03;0,03;0,03;0,03;0,00
15.06.2015;0,03;0,03;0,03;0,03;0,00
16.06.2015;0,03;0,03;0,03;0,03;0,00
17.06.2015;0,03;0,03;0,03;0,03;0,00
18.06.2015;0,03;0,03;0,03;0,03;0,00
22.06.2015;0,03;0,03;0,03;0,03;0,00
23.06.2015;0,03;0,03;0,03;0,03;0,00
24.06.2015;0,03;0,03;0,03;0,03;0,00
25.06.2015;0,03;0,03;0,03;0,03;0,00
26.06.2015;0,03;0,03;0,03;0,03;0,00
29.06.2015;0,03;0,03;0,03;0,03;0,00
30.06.2015;0,03;0,03;0,03;0,03;0,00
01.07.2015;0,03;0,03;0,03;0,03;0,00
02.07.2015;0,03;0,03;0,03;0,03;0,00
03.07.2015;0,03;0,03;0,03;0,03;0,00
06.07.2015;0,03;0,03;0,03;0,03;0,00
07.07.2015;0,03;0,03;0,03;0,03;0,00
08.07.2015;0,03;0,03;0,03;0,03;0,00
09.07.2015;0,03;0,03;0,03;0,03;0,00
10.07.2015;0,03;0,03;0,03;0,03;0,00
13.07.2015;0,03;0,03;0,03;0,03;0,00
14.07.2015;0,03;0,03;0,03;0,03;0,00
15.07.2015;0,03;0,03;0,03;0,03;0,00
16.07.2015;0,03;0,03;0,03;0,03;0,00
17.07.2015;0,03;0,03;0,03;0,03;0,00
20.07.2015;0,03;0,03;0,03;0,03;0,00
21.07.2015;0,03;0,03;0,03;0,03;0,00
22.07.2015;0,03;0,03;0,03;0,03;0,00
23.07.2015;0,03;0,03;0,03;0,03;0,00
24.07.2015;0,03;0,03;0,03;0,03;0,00
27.07.2015;0,03;0,03;0,03;0,03;0,00
28.07.2015;0,03;0,03;0,03;0,03;0,00
29.07.2015;0,03;0,03;0,03;0,03;0,00
30.07.2015;0,03;0,03;0,03;0,03;0,00
31.07.2015;0,03;0,03;0,03;0,03;0,00
03.08.2015;0,03;0,03;0,03;0,03;0,00
04.08.2015;0,03;0,03;0,03;0,03;0,00
05.08.2015;0,03;0,03;0,03;0,03;0,00
06.08.2015;0,03;0,03;0,03;0,03;0,00
07.08.2015;0,03;0,03;0,03;0,03;0,00
10.08.2015;0,03;0,03;0,03;0,03;0,00
11.08.2015;0,03;0,03;0,03;0,03;0,00
12.08.2015;0,03;0,03;0,03;0,03;0,00
13.08.2015;0,03;0,03;0,03;0,03;0,00
14.08.2015;0,03;0,03;0,03;0,03;0,00
17.08.2015;0,03;0,03;0,03;0,03;0,00
18.08.2015;0,03;0,03;0,03;0,03;0,00
19.08.2015;0,03;0,03;0,03;0,03;0,00
20.08.2015;0,03;0,03;0,03;0,03;0,00
21.08.2015;0,03;0,03;0,03;0,03;0,00
24.08.2015;0,03;0,03;0,03;0,03;0,00
25.08.2015;0,03;0,03;0,03;0,03;0,00
26.08.2015;0,03;0,03;0,03;0,03;0,00
27.08.2015;0,03;0,03;0,03;0,03;0,00
28.08.2015;0,03;0,03;0,03;0,03;0,00
31.08.2015;0,03;0,03;0,03;0,03;0,00
01.09.2015;0,03;0,03;0,03;0,03;0,00
02.09.2015;0,03;0,03;0,03;0,03;0,00
03.09.2015;0,03;0,03;0,03;0,03;0,00
04.09.2015;0,03;0,03;0,03;0,03;0,00
07.09.2015;0,03;0,03;0,03;0,03;0,00
08.09.2015;0,03;0,03;0,03;0,03;0,00
09.09.2015;0,03;0,03;0,03;0,03;0,00
10.09.2015;0,03;0,03;0,03;0,03;0,00
11.09.2015;0,03;0,03;0,03;0,03;0,00
14.09.2015;0,03;0,03;0,03;0,03;0,00
15.09.2015;0,03;0,03;0,03;0,03;0,00
16.09.2015;0,03;0,03;0,03;0,03;0,00
17.09.2015;0,03;0,03;0,03;0,03;0,00
18.09.2015;0,03;0,03;0,03;0,03;0,00
21.09.2015;0,03;0,03;0,03;0,03;0,00
22.09.2015;0,03;0,03;0,03;0,03;0,00
23.09.2015;0,03;0,03;0,03;0,03;0,00
24.09.2015;0,03;0,03;0,03;0,03;0,00
25.09.2015;0,03;0,03;0,03;0,03;0,00
28.09.2015;0,03;0,03;0,03;0,03;0,00
29.09.2015;0,03;0,03;0,03;0,03;0,00
30.09.2015;0,03;0,03;0,03;0,03;0,00
01.10.2015;0,03;0,03;0,03;0,03;0,00
02.10.2015;0,03;0,03;0,03;0,03;0,00
05.10.2015;0,03;0,03;0,03;0,03;0,00
06.10.2015;0,03;0,03;0,03;0,03;0,00
07.10.2015;0,03;0,03;0,03;0,03;0,00
08.10.2015;0,03;0,03;0,03;0,03;0,00
09.10.2015;0,03;0,03;0,03;0,03;0,00
12.10.2015;0,03;0,03;0,03;0,03;0,00
13.10.2015;0,03;0,03;0,03;0,03;0,00
14.10.2015;0,03;0,03;0,03;0,03;0,00
15.10.2015;0,03;0,03;0,03;0,03;0,00
16.10.2015;0,03;0,03;0,03;0,03;0,00
19.10.2015;0,03;0,03;0,03;0,03;0,00
20.10.2015;0,03;0,03;0,03;0,03;0,00
21.10.2015;0,03;0,03;0,03;0,03;0,00
22.10.2015;0,03;0,03;0,03;0,03;0,00
23.10.2015;0,03;0,03;0,03;0,03;0,00
26.10.2015;0,03;0,03;0,03;0,03;0,00
27.10.2015;0,03;0,03;0,03;0,03;0,00
28.10.2015;0,03;0,03;0,03;0,03;0,00
29.10.2015;0,03;0,03;0,03;0,03;0,00
30.10.2015;0,03;0,03;0,03;0,03;0,00
02.11.2015;0,03;0,03;0,03;0,03;0,00
03.11.2015;0,03;0,03;0,03;0,03;0,00
04.11.2015;0,03;0,03;0,03;0,03;0,00
05.11.2015;0,03;0,03;0,03;0,03;0,00
06.11.2015;0,03;0,03;0,03;0,03;0,00
09.11.2015;0,03;0,03;0,03;0,03;0,00
10.11.2015;0,03;0,03;0,03;0,03;0,00
11.11.2015;0,03;0,03;0,03;0,03;0,00
12.11.2015;0,03;0,03;0,03;0,03;0,00
13.11.2015;0,03;0,03;0,03;0,03;0,00
25.04.2016;0,03;0,03;0,03;0,03;0,00
26.04.2016;0,03;0,03;0,03;0,03;0,00
27.04.2016;0,03;0,03;0,03;0,03;0,00
28.04.2016;0,03;0,03;0,03;0,03;0,00
29.04.2016;0,03;0,03;0,03;0,03;0,00
02.05.2016;0,03;0,03;0,03;0,03;0,00
03.05.2016;0,03;0,03;0,03;0,03;0,00
04.05.2016;0,03;0,03;0,03;0,03;0,00
06.05.2016;0,03;0,03;0,03;0,03;0,00
09.05.2016;0,03;0,03;0,03;0,03;0,00
10.05.2016;0,03;0,03;0,03;0,03;0,00
11.05.2016;0,03;0,03;0,03;0,03;0,00
12.05.2016;0,03;0,03;0,03;0,03;0,00
13.05.2016;0,03;0,03;0,03;0,03;0,00
16.05.2016;0,03;0,03;0,03;0,03;0,00
17.05.2016;0,03;0,03;0,03;0,03;0,00
18.05.2016;0,03;0,03;0,03;0,03;0,00
19.05.2016;0,03;0,03;0,03;0,03;0,00
20.05.2016;0,03;0,03;0,03;0,03;0,00
23.05.2016;0,03;0,03;0,03;0,03;0,00
24.05.2016;0,03;0,03;0,03;0,03;0,00
25.05.2016;0,03;0,03;0,03;0,03;0,00
26.05.2016;0,03;0,03;0,03;0,03;0,00
27.05.2016;0,03;0,03;0,03;0,03;0,00
30.05.2016;0,03;0,03;0,03;0,03;0,00
31.05.2016;0,03;0,03;0,03;0,03;0,00
01.06.2016;0,03;0,03;0,03;0,03;0,00
02.06.2016;0,03;0,03;0,03;0,03;0,00
03.06.2016;0,03;0,03;0,03;0,03;0,00
06.06.2016;0,03;0,03;0,03;0,03;0,00
07.06.2016;0,03;0,03;0,03;0,03;0,00
08.06.2016;0,03;0,03;0,03;0,03;0,00
09.06.2016;0,03;0,03;0,03;0,03;0,00
10.06.2016;0,03;0,03;0,03;0,03;0,00
13.06.2016;0,03;0,03;0,03;0,03;0,00
14.06.2016;0,03;0,03;0,03;0,03;0,00
15.06.2016;0,03;0,03;0,03;0,03;0,00
16.06.2016;0,03;0,03;0,03;0,03;0,00
17.06.2016;0,03;0,03;0,03;0,03;0,00
20.06.2016;0,03;0,03;0,03;0,03;0,00
21.06.2016;0,03;0,03;0,03;0,03;0,00
22.06.2016;0,03;0,03;0,03;0,03;0,00
23.06.2016;0,03;0,03;0,03;0,03;0,00
27.06.2016;0,03;0,03;0,03;0,03;0,00
28.06.2016;0,03;0,03;0,03;0,03;0,00
29.06.2016;0,03;0,03;0,03;0,03;0,00
30.06.2016;0,03;0,03;0,03;0,03;0,00
01.07.2016;0,03;0,03;0,03;0,03;0,00
04.07.2016;0,03;0,03;0,03;0,03;0,00
05.07.2016;0,03;0,03;0,03;0,03;0,00
06.07.2016;0,03;0,03;0,03;0,03;0,00
07.07.2016;0,03;0,03;0,03;0,03;0,00
08.07.2016;0,03;0,03;0,03;0,03;0,00
11.07.2016;0,03;0,03;0,03;0,03;0,00
12.07.2016;0,03;0,03;0,03;0,03;0,00
13.07.2016;0,03;0,03;0,03;0,03;0,00
14.07.2016;0,03;0,03;0,03;0,03;0,00
15.07.2016;0,03;0,03;0,03;0,03;0,00
18.07.2016;0,03;0,03;0,03;0,03;0,00
19.07.2016;0,03;0,03;0,03;0,03;0,00
20.07.2016;0,03;0,03;0,03;0,03;0,00
21.07.2016;0,03;0,03;0,03;0,03;0,00
22.07.2016;0,03;0,03;0,03;0,03;0,00
25.07.2016;0,03;0,03;0,03;0,03;0,00
26.07.2016;0,03;0,03;0,03;0,03;0,00
27.07.2016;0,03;0,03;0,03;0,03;0,00
28.07.2016;0,03;0,03;0,03;0,03;0,00
29.07.2016;0,03;0,03;0,03;0,03;0,00
01.08.2016;0,03;0,03;0,03;0,03;0,00
02.08.2016;0,03;0,03;0,03;0,03;0,00
03.08.2016;0,03;0,03;0,03;0,03;0,00
04.08.2016;0,03;0,03;0,03;0,03;0,00
05.08.2016;0,03;0,03;0,03;0,03;0,00
08.08.2016;0,03;0,03;0,03;0,03;0,00
09.08.2016;0,03;0,03;0,03;0,03;0,00
10.08.2016;0,03;0,03;0,03;0,03;0,00
11.08.2016;0,03;0,03;0,03;0,03;0,00
12.08.2016;0,03;0,03;0,03;0,03;0,00
15.08.2016;0,03;0,03;0,03;0,03;0,00
16.08.2016;0,03;0,03;0,03;0,03;0,00
17.08.2016;0,03;0,03;0,03;0,03;0,00
18.08.2016;0,03;0,03;0,03;0,03;0,00
19.08.2016;0,03;0,03;0,03;0,03;0,00
22.08.2016;0,03;0,03;0,03;0,03;0,00
23.08.2016;0,03;0,03;0,03;0,03;0,00
24.08.2016;0,03;0,03;0,03;0,03;0,00
25.08.2016;0,03;0,03;0,03;0,03;0,00
26.08.2016;0,03;0,03;0,03;0,03;0,00
29.08.2016;0,03;0,03;0,03;0,03;0,00
30.08.2016;0,03;0,03;0,03;0,03;0,00
31.08.2016;0,03;0,03;0,03;0,03;0,00
01.09.2016;0,03;0,03;0,03;0,03;0,00
02.09.2016;0,03;0,03;0,03;0,03;0,00
05.09.2016;0,03;0,03;0,03;0,03;0,00
06.09.2016;0,03;0,03;0,03;0,03;0,00
07.09.2016;0,03;0,03;0,03;0,03;0,00
08.09.2016;0,03;0,03;0,03;0,03;0,00
09.09.2016;0,03;0,03;0,03;0,03;0,00
12.09.2016;0,03;0,03;0,03;0,03;0,00
13.09.2016;0,03;0,03;0,03;0,03;0,00
14.09.2016;0,03;0,03;0,03;0,03;0,00
15.09.2016;0,03;0,03;0,03;0,03;0,00
16.09.2016;0,03;0,03;0,03;0,03;0,00
19.09.2016;0,03;0,03;0,03;0,03;0,00
20.09.2016;0,03;0,03;0,03;0,03;0,00
21.09.2016;0,03;0,03;0,03;0,03;0,00
22.09.2016;0,03;0,03;0,03;0,03;0,00
23.09.2016;0,03;0,03;0,03;0,03;0,00
26.09.2016;0,03;0,03;0,03;0,03;0,00
27.09.2016;0,03;0,03;0,03;0,03;0,00
28.09.2016;0,03;0,03;0,03;0,03;0,00
29.09.2016;0,03;0,03;0,03;0,03;0,00
30.09.2016;0,03;0,03;0,03;0,03;0,00
03.10.2016;0,03;0,03;0,03;0,03;0,00
04.10.2016;0,03;0,03;0,03;0,03;0,00
05.10.2016;0,03;0,03;0,03;0,03;0,00
06.10.2016;0,03;0,03;0,03;0,03;0,00
07.10.2016;0,03;0,03;0,03;0,03;0,00
10.10.2016;0,03;0,03;0,03;0,03;0,00
11.10.2016;0,03;0,03;0,03;0,03;0,00
12.10.2016;0,03;0,03;0,03;0,03;0,00
13.10.2016;0,03;0,03;0,03;0,03;0,00
14.10.2016;0,03;0,03;0,03;0,03;0,00
17.10.2016;0,03;0,03;0,03;0,03;0,00
18.10.2016;0,03;0,03;0,03;0,03;0,00
19.10.2016;0,03;0,03;0,03;0,03;0,00
20.10.2016;0,03;0,03;0,03;0,03;0,00
21.10.2016;0,03;0,03;0,03;0,03;0,00
24.10.2016;0,03;0,03;0,03;0,03;0,00
25.10.2016;0,03;0,03;0,03;0,03;0,00
26.10.2016;0,03;0,03;0,03;0,03;0,00
27.10.2016;0,03;0,03;0,03;0,03;0,00
28.10.2016;0,03;0,03;0,03;0,03;0,00
31.10.2016;0,03;0,03;0,03;0,03;0,00
01.11.2016;0,03;0,03;0,03;0,03;0,00
02.11.2016;0,03;0,03;0,03;0,03;0,00
03.11.2016;0,03;0,03;0,03;0,03;0,00
04.11.2016;0,03;0,03;0,03;0,03;0,00
07.11.2016;0,03;0,03;0,03;0,03;0,00
08.11.2016;0,03;0,03;0,03;0,03;0,00
09.11.2016;0,03;0,03;0,03;0,03;0,00
10.11.2016;0,03;0,03;0,03;0,03;0,00
11.11.2016;0,03;0,03;0,03;0,03;0,00
14.11.2016;0,03;0,03;0,03;0,03;0,00
15.11.2016;0,03;0,03;0,03;0,03;0,00
16.11.2016;0,03;0,03;0,03;0,03;0,00
17.11.2016;0,03;0,03;0,03;0,03;0,00
18.11.2016;0,03;0,03;0,03;0,03;0,00
21.11.2016;0,03;0,03;0,03;0,03;0,00
22.11.2016;0,03;0,03;0,03;0,03;0,00
