date;open;high;low;close;volume
29.09.2009;9,40;10,20;9,00;9,08;108686,00
30.09.2009;9,43;9,43;9,05;9,10;59837,00
01.10.2009;9,20;9,20;9,00;9,05;22380,00
02.10.2009;9,05;9,20;8,92;9,11;40890,00
05.10.2009;9,10;9,18;8,94;8,98;31828,00
06.10.2009;9,05;9,05;8,95;8,97;64834,00
07.10.2009;9,00;9,00;8,75;8,75;156150,00
08.10.2009;8,80;8,90;8,75;8,85;16425,00
09.10.2009;8,85;8,85;8,75;8,79;20221,00
12.10.2009;8,86;8,86;8,66;8,70;214293,00
13.10.2009;8,70;8,70;8,58;8,65;107655,00
14.10.2009;8,65;8,70;8,60;8,60;23677,00
15.10.2009;8,60;8,65;8,39;8,39;7527,00
16.10.2009;8,39;8,40;8,30;8,31;11420,00
19.10.2009;8,40;8,40;8,31;8,34;3354,00
20.10.2009;8,40;8,40;8,33;8,40;2901,00
21.10.2009;8,45;8,45;8,35;8,35;1553,00
22.10.2009;8,35;8,60;8,35;8,40;10911,00
23.10.2009;8,36;8,40;8,30;8,40;12207,00
26.10.2009;8,35;8,36;8,21;8,22;9764,00
27.10.2009;8,21;8,36;8,21;8,23;1687,00
28.10.2009;8,26;8,28;8,18;8,22;5274,00
29.10.2009;8,19;8,19;8,02;8,19;3824,00
30.10.2009;8,22;8,22;8,03;8,06;3194,00
02.11.2009;8,02;8,39;8,02;8,10;2843,00
03.11.2009;8,38;8,38;8,00;8,00;10842,00
04.11.2009;8,00;8,10;7,84;8,00;7634,00
05.11.2009;8,01;8,10;8,00;8,00;1648,00
06.11.2009;8,10;8,75;8,10;8,60;8520,00
09.11.2009;8,60;8,85;8,50;8,60;8041,00
10.11.2009;8,57;8,60;8,21;8,44;12778,00
11.11.2009;8,44;8,50;8,40;8,40;9162,00
12.11.2009;8,38;8,55;8,38;8,40;4628,00
13.11.2009;8,45;8,45;8,22;8,25;3438,00
16.11.2009;8,20;8,20;8,10;8,16;9196,00
17.11.2009;8,16;8,19;8,12;8,13;2522,00
18.11.2009;8,15;8,20;8,11;8,12;9179,00
19.11.2009;8,12;8,14;8,10;8,10;3702,00
20.11.2009;8,09;8,20;8,05;8,08;17342,00
23.11.2009;8,20;8,20;8,06;8,11;4213,00
24.11.2009;8,11;8,13;8,03;8,07;8042,00
25.11.2009;8,07;8,15;8,00;8,00;59254,00
26.11.2009;8,00;8,00;7,92;8,00;4495,00
27.11.2009;8,00;8,00;7,92;7,93;2141,00
30.11.2009;7,91;8,15;7,91;8,15;7719,00
01.12.2009;8,05;8,20;8,05;8,12;48339,00
02.12.2009;8,11;8,15;8,07;8,08;9466,00
03.12.2009;8,10;8,10;7,95;8,00;27850,00
04.12.2009;8,01;8,05;7,91;7,95;5239,00
07.12.2009;7,96;8,00;7,96;8,00;5402,00
08.12.2009;8,05;8,05;7,90;7,92;3832,00
09.12.2009;7,90;8,00;7,90;7,92;12454,00
10.12.2009;7,95;7,95;7,88;7,90;10119,00
11.12.2009;7,89;8,00;7,85;7,91;51852,00
14.12.2009;8,00;8,01;7,90;7,92;5731,00
15.12.2009;8,10;8,10;7,93;8,05;822,00
16.12.2009;7,95;7,95;7,94;7,95;1191,00
17.12.2009;7,91;7,95;7,78;7,91;12197,00
18.12.2009;7,81;7,90;7,81;7,90;2555,00
21.12.2009;7,95;7,95;7,90;7,90;1421,00
22.12.2009;7,95;7,95;7,90;7,90;403146,00
23.12.2009;7,95;7,97;7,90;7,90;1291,00
28.12.2009;7,90;7,90;7,80;7,83;8645,00
29.12.2009;7,84;7,90;7,84;7,89;981,00
30.12.2009;7,89;7,95;7,85;7,85;4989,00
04.01.2010;7,87;8,00;7,77;7,77;220865,00
05.01.2010;7,81;7,90;7,81;7,90;9039,00
07.01.2010;7,90;7,98;7,83;7,94;7969,00
08.01.2010;7,90;7,98;7,90;7,98;454,00
11.01.2010;7,95;7,99;7,94;7,95;2534,00
12.01.2010;7,94;7,94;7,83;7,85;2654,00
13.01.2010;7,83;7,92;7,83;7,92;11631,00
14.01.2010;7,91;7,98;7,91;7,91;2280,00
15.01.2010;7,91;7,95;7,82;7,92;6558,00
18.01.2010;7,90;7,91;7,86;7,86;4783,00
19.01.2010;7,87;7,87;7,83;7,87;2811,00
20.01.2010;7,87;7,90;7,82;7,83;3557,00
21.01.2010;7,85;7,88;7,83;7,85;1627,00
22.01.2010;7,82;7,82;7,79;7,81;6333,00
25.01.2010;7,80;7,80;7,73;7,79;3333,00
26.01.2010;7,79;7,80;7,72;7,73;222998,00
27.01.2010;7,74;7,80;7,73;7,73;3762,00
28.01.2010;7,74;7,82;7,74;7,77;4355,00
29.01.2010;7,77;7,77;7,74;7,75;2350,00
01.02.2010;7,76;7,82;7,74;7,74;2395,00
02.02.2010;7,75;7,80;7,72;7,74;2668,00
03.02.2010;7,72;7,75;7,72;7,73;2508,00
04.02.2010;7,72;7,74;7,70;7,74;7537,00
05.02.2010;7,74;7,80;7,69;7,75;1778,00
08.02.2010;7,66;7,70;7,66;7,67;3718,00
09.02.2010;7,65;7,65;7,62;7,65;2134,00
10.02.2010;7,65;7,76;7,63;7,63;1112,00
11.02.2010;7,50;7,80;7,50;7,56;3087,00
12.02.2010;7,53;7,59;7,30;7,59;11757,00
15.02.2010;7,80;7,80;7,32;7,50;11945,00
16.02.2010;7,48;7,48;7,27;7,29;15564,00
17.02.2010;7,30;7,40;7,30;7,35;107314,00
18.02.2010;7,35;7,35;7,20;7,30;7159,00
19.02.2010;7,25;7,49;7,17;7,20;4674,00
22.02.2010;7,25;7,30;7,20;7,30;2744,00
23.02.2010;7,20;7,30;7,20;7,20;15368,00
24.02.2010;7,25;7,25;7,18;7,18;6786,00
25.02.2010;7,19;7,21;7,18;7,21;3326,00
26.02.2010;7,21;7,21;7,14;7,20;14296,00
01.03.2010;7,20;7,21;7,18;7,18;12661,00
02.03.2010;7,16;7,21;7,12;7,12;27665,00
03.03.2010;7,16;7,20;7,10;7,15;24890,00
04.03.2010;7,13;7,13;7,08;7,10;12561,00
05.03.2010;7,10;7,15;7,10;7,11;15885,00
08.03.2010;7,15;7,15;7,12;7,15;16278,00
09.03.2010;7,16;7,16;7,14;7,14;14036,00
10.03.2010;7,16;7,16;7,14;7,14;14881,00
11.03.2010;7,15;7,16;7,14;7,14;20858,00
12.03.2010;7,17;7,17;7,13;7,14;46068,00
15.03.2010;7,16;7,16;7,14;7,14;33753,00
16.03.2010;7,14;7,20;7,14;7,15;33609,00
17.03.2010;7,30;7,30;7,14;7,15;29726,00
18.03.2010;7,22;7,25;7,16;7,18;13693,00
19.03.2010;7,18;7,20;7,15;7,16;8753,00
22.03.2010;7,20;7,20;7,14;7,14;9197,00
23.03.2010;7,14;7,15;7,08;7,09;36034,00
24.03.2010;7,12;7,12;7,08;7,08;30950,00
25.03.2010;7,08;7,08;6,96;7,01;87483,00
26.03.2010;6,90;6,95;6,81;6,86;50242,00
29.03.2010;6,92;6,99;6,91;6,95;16118,00
30.03.2010;6,95;7,00;6,91;6,92;5773,00
31.03.2010;6,92;6,99;6,92;6,93;5772,00
01.04.2010;6,94;6,94;6,90;6,90;33918,00
06.04.2010;6,94;6,99;6,90;6,99;5922,00
07.04.2010;6,98;7,10;6,94;6,98;94397,00
08.04.2010;7,03;7,03;6,96;6,96;3763,00
09.04.2010;6,96;6,98;6,96;6,98;5343,00
12.04.2010;6,98;6,98;6,90;6,95;8779,00
13.04.2010;6,95;6,98;6,90;6,95;1244,00
14.04.2010;6,99;7,00;6,88;6,90;15527,00
15.04.2010;6,99;6,99;6,87;6,90;15172,00
16.04.2010;6,89;6,90;6,87;6,90;7318,00
19.04.2010;6,90;6,90;6,81;6,86;4772,00
20.04.2010;6,86;6,90;6,86;6,90;1975,00
21.04.2010;6,90;6,95;6,85;6,88;14737,00
22.04.2010;6,90;6,90;6,77;6,79;25016,00
23.04.2010;6,80;6,80;6,76;6,76;10169,00
26.04.2010;6,80;6,80;6,76;6,76;138104,00
27.04.2010;6,75;6,86;6,75;6,75;8917,00
28.04.2010;6,75;6,85;6,75;6,76;5812,00
29.04.2010;6,82;6,82;6,74;6,75;6743,00
30.04.2010;6,75;6,85;6,75;6,80;7420,00
03.05.2010;6,85;6,85;6,80;6,84;15475,00
04.05.2010;6,80;6,84;6,70;6,70;12062,00
05.05.2010;6,66;6,70;6,50;6,60;22049,00
06.05.2010;6,51;6,60;6,50;6,60;1182,00
07.05.2010;6,61;6,72;6,50;6,65;16009,00
10.05.2010;6,64;6,90;6,64;6,90;24088,00
11.05.2010;6,89;6,89;6,81;6,85;43734,00
12.05.2010;6,80;6,90;6,80;6,90;9870,00
14.05.2010;6,85;6,85;6,71;6,73;3486,00
17.05.2010;6,75;6,88;6,68;6,88;9241,00
18.05.2010;6,84;6,85;6,72;6,76;10795,00
19.05.2010;6,72;6,73;6,69;6,69;4551,00
20.05.2010;6,69;6,80;6,65;6,65;3475,00
21.05.2010;6,60;6,65;6,55;6,65;15454,00
24.05.2010;6,65;6,72;6,65;6,68;1599,00
25.05.2010;6,65;6,69;6,55;6,69;1538,00
26.05.2010;6,66;6,75;6,64;6,75;2104,00
27.05.2010;6,75;6,75;6,70;6,71;2311,00
28.05.2010;6,75;6,75;6,64;6,65;4192,00
31.05.2010;6,65;6,73;6,61;6,64;2826,00
01.06.2010;6,65;6,70;6,60;6,65;1838,00
02.06.2010;6,61;6,75;6,61;6,75;3538,00
03.06.2010;6,79;6,79;6,75;6,75;1363,00
04.06.2010;6,74;6,75;6,69;6,69;303166,00
07.06.2010;6,72;6,72;6,62;6,65;5064,00
08.06.2010;6,63;6,70;6,60;6,60;5327,00
09.06.2010;6,60;6,69;6,60;6,69;1745,00
10.06.2010;6,62;6,74;6,62;6,74;1445,00
11.06.2010;6,70;6,70;6,61;6,61;1223,00
14.06.2010;6,62;6,70;6,62;6,66;4941,00
15.06.2010;6,75;6,75;6,64;6,68;5024,00
16.06.2010;6,77;6,77;6,67;6,67;5793,00
17.06.2010;6,67;6,75;6,64;6,65;520,00
18.06.2010;6,70;6,70;6,65;6,66;2183,00
21.06.2010;6,66;6,75;6,66;6,70;9849,00
22.06.2010;6,65;7,02;6,63;6,87;94985,00
23.06.2010;6,90;7,00;6,85;6,89;19434,00
24.06.2010;6,86;6,89;6,75;6,89;6688,00
28.06.2010;6,90;6,90;6,72;6,75;3911,00
29.06.2010;6,75;6,79;6,65;6,75;2395,00
30.06.2010;6,75;6,75;6,68;6,75;2218,00
01.07.2010;6,75;6,75;6,63;6,73;2540,00
02.07.2010;6,75;6,81;6,62;6,80;7285,00
05.07.2010;6,65;6,77;6,65;6,77;3460,00
06.07.2010;6,70;6,75;6,65;6,70;3753,00
07.07.2010;6,70;6,79;6,67;6,73;6439,00
08.07.2010;6,70;6,83;6,70;6,80;1123,00
09.07.2010;6,85;6,85;6,74;6,74;1586,00
12.07.2010;6,85;6,88;6,75;6,85;8447,00
13.07.2010;6,87;6,98;6,87;6,98;10172,00
14.07.2010;6,98;7,07;6,88;6,97;17945,00
15.07.2010;6,96;7,00;6,95;7,00;1992,00
16.07.2010;6,91;6,93;6,91;6,93;1178,00
19.07.2010;6,93;6,99;6,87;6,99;529,00
20.07.2010;6,98;6,98;6,90;6,90;576,00
21.07.2010;6,89;6,91;6,89;6,90;1403,00
22.07.2010;6,91;6,99;6,88;6,99;2964,00
23.07.2010;6,95;6,98;6,85;6,98;2249,00
26.07.2010;7,00;7,15;6,96;7,14;15972,00
27.07.2010;7,15;7,20;7,09;7,14;8311,00
28.07.2010;7,14;7,14;7,05;7,10;1564,00
29.07.2010;7,06;7,11;7,05;7,10;1878,00
30.07.2010;7,08;7,09;7,00;7,00;4948,00
02.08.2010;7,00;7,10;7,00;7,05;3357,00
03.08.2010;7,05;7,14;7,01;7,10;7435,00
04.08.2010;7,01;7,19;7,01;7,19;9118,00
05.08.2010;7,10;7,18;7,10;7,17;1359,00
06.08.2010;7,18;7,18;7,10;7,12;2997,00
09.08.2010;7,15;7,15;7,13;7,14;3468,00
10.08.2010;7,15;7,29;7,11;7,12;1956,00
11.08.2010;7,15;7,15;7,08;7,08;7403,00
12.08.2010;7,10;7,29;7,10;7,21;18424,00
13.08.2010;7,25;7,26;7,20;7,26;4931,00
16.08.2010;7,28;7,29;7,12;7,13;2252,00
17.08.2010;7,15;7,25;7,15;7,20;3627,00
18.08.2010;7,20;7,21;7,20;7,20;4237,00
19.08.2010;7,21;7,28;7,21;7,26;7074,00
20.08.2010;7,30;7,30;7,21;7,27;7508,00
23.08.2010;7,28;7,32;7,27;7,32;9858,00
24.08.2010;7,35;7,35;7,21;7,22;11998,00
25.08.2010;7,25;7,35;7,15;7,20;5931,00
26.08.2010;7,30;7,33;7,21;7,33;5018,00
27.08.2010;7,20;7,30;7,12;7,12;13821,00
30.08.2010;7,21;7,25;7,13;7,14;26422,00
31.08.2010;7,14;7,16;7,09;7,16;9431,00
01.09.2010;7,15;7,17;7,09;7,13;26853,00
02.09.2010;7,17;7,17;7,09;7,13;35799,00
03.09.2010;7,20;7,20;7,11;7,12;16465,00
06.09.2010;7,19;7,19;7,11;7,12;86291,00
07.09.2010;7,11;7,14;7,08;7,10;8258,00
08.09.2010;7,11;7,14;7,08;7,13;5153,00
09.09.2010;7,11;7,15;7,10;7,15;40134,00
10.09.2010;7,14;7,19;7,13;7,15;6614,00
13.09.2010;7,15;7,20;7,11;7,20;57694,00
14.09.2010;7,21;7,22;7,15;7,20;13295,00
15.09.2010;7,20;7,30;7,17;7,25;41941,00
16.09.2010;7,20;7,30;7,20;7,30;17662,00
17.09.2010;7,30;7,35;7,27;7,33;3869,00
20.09.2010;7,33;7,37;7,30;7,37;6202,00
21.09.2010;7,39;7,48;7,35;7,48;18398,00
22.09.2010;7,48;7,52;7,45;7,50;6441,00
23.09.2010;7,50;7,50;7,35;7,40;3076,00
24.09.2010;7,44;7,44;7,34;7,40;19620,00
27.09.2010;7,40;7,40;7,35;7,40;2887,00
28.09.2010;7,40;7,45;7,37;7,41;3748,00
29.09.2010;7,42;7,45;7,41;7,45;3062,00
30.09.2010;7,41;7,47;7,40;7,47;13546,00
01.10.2010;7,47;7,56;7,40;7,56;17839,00
04.10.2010;7,40;7,50;7,40;7,45;15000,00
05.10.2010;7,45;7,50;7,45;7,50;4140,00
06.10.2010;7,50;7,57;7,50;7,50;6343,00
07.10.2010;7,54;7,64;7,50;7,55;12067,00
08.10.2010;7,59;7,60;7,54;7,58;23217,00
11.10.2010;7,58;7,61;7,55;7,60;10776,00
12.10.2010;7,60;7,66;7,60;7,64;11823,00
13.10.2010;7,66;7,81;7,65;7,75;17354,00
14.10.2010;7,84;7,85;7,75;7,77;158631,00
15.10.2010;7,77;7,80;7,70;7,80;6299,00
18.10.2010;7,80;7,84;7,80;7,81;4507,00
19.10.2010;7,84;7,84;7,76;7,80;8368,00
20.10.2010;7,80;7,85;7,75;7,85;8885,00
21.10.2010;7,80;7,84;7,76;7,80;10628,00
22.10.2010;7,77;7,84;7,77;7,82;5420,00
25.10.2010;7,81;7,82;7,75;7,75;3783,00
26.10.2010;7,77;7,80;7,77;7,78;5421,00
27.10.2010;7,82;7,85;7,80;7,83;3038,00
28.10.2010;7,80;7,87;7,80;7,85;3945,00
29.10.2010;7,85;7,85;7,78;7,84;7624,00
01.11.2010;7,84;7,84;7,74;7,74;8776,00
02.11.2010;7,77;7,80;7,74;7,74;1406,00
03.11.2010;7,73;7,80;7,69;7,74;9006,00
04.11.2010;7,83;7,83;7,74;7,80;11787,00
05.11.2010;7,77;7,80;7,77;7,80;21405,00
08.11.2010;7,80;7,80;7,72;7,75;3950,00
09.11.2010;7,75;7,77;7,71;7,75;1911,00
10.11.2010;7,75;7,76;7,74;7,74;44178,00
11.11.2010;7,75;7,77;7,72;7,75;14589,00
12.11.2010;7,75;7,75;7,72;7,72;4735,00
15.11.2010;7,70;7,72;7,70;7,72;4413,00
16.11.2010;7,70;7,70;7,64;7,69;12457,00
17.11.2010;7,65;7,69;7,63;7,63;4859,00
18.11.2010;7,63;7,70;7,62;7,66;3430,00
19.11.2010;7,66;7,70;7,66;7,69;173366,00
22.11.2010;7,69;7,70;7,50;7,62;39366,00
23.11.2010;7,60;7,60;7,53;7,60;3710,00
24.11.2010;7,55;7,55;7,51;7,55;5305,00
25.11.2010;7,70;7,70;7,60;7,67;3685,00
26.11.2010;7,55;7,60;7,55;7,59;2191,00
29.11.2010;7,58;7,59;7,41;7,49;15308,00
30.11.2010;7,49;7,49;7,40;7,43;2539,00
01.12.2010;7,44;7,59;7,44;7,59;7239,00
02.12.2010;7,58;7,59;7,53;7,55;13007,00
03.12.2010;7,55;7,65;7,50;7,60;21861,00
07.12.2010;7,60;7,71;7,56;7,71;14487,00
08.12.2010;7,71;7,77;7,65;7,68;9091,00
09.12.2010;7,69;7,70;7,56;7,64;15118,00
10.12.2010;7,64;7,64;7,50;7,52;17290,00
13.12.2010;7,62;7,62;7,55;7,58;6837,00
14.12.2010;7,58;7,60;7,58;7,60;6227,00
15.12.2010;7,59;7,65;7,52;7,59;43052,00
16.12.2010;7,60;7,60;7,55;7,60;42303,00
17.12.2010;7,60;7,60;7,53;7,53;10326,00
20.12.2010;7,54;7,60;7,54;7,57;18338,00
21.12.2010;7,60;7,60;7,57;7,60;8638,00
22.12.2010;7,60;7,60;7,54;7,58;18752,00
23.12.2010;7,60;7,60;7,53;7,56;11691,00
27.12.2010;7,58;7,60;7,56;7,60;5003,00
28.12.2010;7,60;7,62;7,58;7,60;5501,00
29.12.2010;7,60;7,62;7,56;7,60;18976,00
30.12.2010;7,65;7,65;7,50;7,60;95368,00
03.01.2011;7,54;7,65;7,54;7,59;22839,00
04.01.2011;7,64;7,64;7,59;7,59;32269,00
05.01.2011;7,63;7,64;7,58;7,60;14607,00
07.01.2011;7,60;7,74;7,60;7,68;7351,00
10.01.2011;7,72;7,72;7,66;7,67;12958,00
11.01.2011;7,67;7,72;7,62;7,69;12898,00
12.01.2011;7,69;7,74;7,67;7,70;12123,00
13.01.2011;7,75;7,75;7,65;7,70;278099,00
14.01.2011;7,74;7,75;7,69;7,69;21795,00
17.01.2011;7,75;7,75;7,69;7,69;60442,00
18.01.2011;7,70;7,76;7,69;7,70;65114,00
19.01.2011;7,74;7,74;7,65;7,65;75092,00
20.01.2011;7,65;7,69;7,56;7,56;19011,00
21.01.2011;7,60;7,69;7,58;7,64;48610,00
24.01.2011;7,65;7,69;7,64;7,65;9818,00
25.01.2011;7,70;7,75;7,70;7,74;12794,00
26.01.2011;7,78;7,87;7,70;7,71;14280,00
27.01.2011;7,70;7,86;7,69;7,86;24962,00
28.01.2011;7,86;8,00;7,86;7,89;20875,00
31.01.2011;7,95;7,95;7,81;7,81;47071,00
01.02.2011;7,90;8,00;7,85;8,00;15927,00
02.02.2011;8,00;8,11;8,00;8,09;11708,00
03.02.2011;8,09;8,11;8,01;8,01;5631,00
04.02.2011;8,10;8,11;7,93;7,93;9537,00
07.02.2011;8,00;8,12;8,00;8,12;12632,00
08.02.2011;8,12;8,12;8,01;8,12;20845,00
09.02.2011;8,14;8,14;8,07;8,14;38261,00
10.02.2011;8,09;8,10;8,00;8,01;24857,00
11.02.2011;8,09;8,09;7,89;7,93;21993,00
14.02.2011;7,94;8,07;7,85;7,87;19517,00
15.02.2011;7,90;7,90;7,83;7,86;7954,00
16.02.2011;7,90;8,11;7,86;8,04;19590,00
17.02.2011;7,88;7,88;7,55;7,62;54411,00
18.02.2011;7,65;7,69;7,60;7,60;52742,00
21.02.2011;7,70;7,76;7,57;7,60;31750,00
22.02.2011;7,56;7,56;7,50;7,50;39790,00
23.02.2011;7,48;7,48;7,40;7,43;10012,00
24.02.2011;7,43;7,45;7,27;7,45;10445,00
25.02.2011;7,45;7,45;7,40;7,45;3943,00
28.02.2011;7,47;7,47;7,32;7,45;130793,00
01.03.2011;7,45;7,45;7,39;7,40;9665,00
02.03.2011;7,40;7,40;7,34;7,35;26533,00
03.03.2011;7,35;7,39;7,26;7,26;17587,00
04.03.2011;7,40;7,40;7,25;7,34;14924,00
07.03.2011;7,30;7,30;7,22;7,22;13460,00
08.03.2011;7,22;7,30;7,22;7,30;5361,00
09.03.2011;7,26;7,30;7,22;7,22;13121,00
10.03.2011;7,27;7,27;7,20;7,25;5161,00
11.03.2011;7,22;7,22;7,16;7,19;15445,00
14.03.2011;7,17;7,17;6,96;6,96;22135,00
15.03.2011;6,99;7,10;6,70;7,10;21304,00
16.03.2011;7,10;7,25;7,02;7,02;2980,00
17.03.2011;6,98;7,14;6,98;7,01;4631,00
18.03.2011;7,00;7,23;7,00;7,10;11869,00
21.03.2011;7,20;7,20;7,08;7,08;28917,00
22.03.2011;7,19;7,20;7,11;7,11;11922,00
23.03.2011;7,18;7,19;7,12;7,14;4744,00
24.03.2011;7,19;7,19;7,06;7,06;23779,00
25.03.2011;7,12;7,14;7,08;7,10;28790,00
28.03.2011;7,17;7,17;7,09;7,10;44354,00
29.03.2011;7,10;7,10;7,08;7,10;30015,00
30.03.2011;6,90;6,90;6,77;6,80;26783,00
31.03.2011;6,80;6,80;6,77;6,80;8741,00
01.04.2011;6,80;6,80;6,76;6,78;12498,00
04.04.2011;6,80;6,80;6,76;6,80;12518,00
05.04.2011;6,80;6,80;6,76;6,77;8462,00
06.04.2011;6,77;6,78;6,69;6,77;9448,00
07.04.2011;6,78;6,79;6,75;6,77;7163,00
08.04.2011;6,77;6,92;6,77;6,87;16126,00
11.04.2011;6,93;6,96;6,76;6,79;33116,00
12.04.2011;6,80;6,80;6,70;6,75;161826,00
13.04.2011;6,69;6,73;6,69;6,73;27707,00
14.04.2011;6,69;6,70;6,68;6,68;26902,00
15.04.2011;6,70;6,70;6,63;6,69;36878,00
18.04.2011;6,67;6,67;6,61;6,65;5442,00
19.04.2011;6,64;6,67;6,61;6,63;8698,00
20.04.2011;6,61;6,65;6,61;6,63;14591,00
21.04.2011;6,63;6,64;6,62;6,63;8300,00
26.04.2011;6,65;6,69;6,63;6,69;3337,00
27.04.2011;6,69;6,69;6,63;6,63;18269,00
28.04.2011;6,69;6,72;6,66;6,71;22606,00
29.04.2011;6,71;6,86;6,65;6,86;14193,00
02.05.2011;6,84;6,85;6,73;6,73;3610,00
03.05.2011;6,78;6,78;6,67;6,67;4638,00
04.05.2011;6,67;6,79;6,67;6,74;7628,00
05.05.2011;6,79;6,80;6,70;6,70;105603,00
06.05.2011;6,80;6,80;6,70;6,80;1490,00
09.05.2011;6,74;6,78;6,68;6,69;24319,00
10.05.2011;6,73;6,73;6,68;6,68;7303,00
11.05.2011;6,68;6,70;6,67;6,68;11711,00
12.05.2011;6,69;6,69;6,66;6,68;8308,00
13.05.2011;6,66;6,72;6,66;6,68;16234,00
16.05.2011;6,68;6,70;6,65;6,70;5244,00
17.05.2011;6,70;6,70;6,67;6,70;2841,00
18.05.2011;6,67;6,70;6,67;6,69;4712,00
19.05.2011;6,70;6,70;6,67;6,67;6627,00
20.05.2011;6,67;6,70;6,67;6,68;1767,00
23.05.2011;6,68;6,68;6,65;6,65;4115,00
24.05.2011;6,70;6,70;6,63;6,67;1815,00
25.05.2011;6,63;6,68;6,63;6,68;3943,00
26.05.2011;6,68;6,69;6,66;6,68;2928,00
27.05.2011;6,68;6,68;6,63;6,64;10249,00
30.05.2011;6,66;6,66;6,64;6,65;115092,00
31.05.2011;6,64;6,66;6,63;6,63;16162,00
01.06.2011;6,64;6,65;6,59;6,60;6433,00
03.06.2011;6,59;6,65;6,55;6,65;16725,00
06.06.2011;6,65;6,65;6,56;6,56;5403,00
07.06.2011;6,56;6,58;6,56;6,56;3268,00
08.06.2011;6,56;6,59;6,51;6,59;15618,00
09.06.2011;6,55;6,59;6,55;6,58;2604,00
10.06.2011;6,51;6,58;6,50;6,53;13945,00
13.06.2011;6,31;6,45;6,31;6,38;21741,00
14.06.2011;6,41;6,51;6,30;6,51;16497,00
15.06.2011;6,40;6,40;6,31;6,36;26935,00
16.06.2011;6,31;6,31;6,18;6,20;23018,00
17.06.2011;6,20;6,20;6,03;6,06;36094,00
20.06.2011;6,05;6,06;6,00;6,00;61170,00
21.06.2011;5,99;6,09;5,99;6,08;4404751,00
22.06.2011;6,10;6,20;6,03;6,03;8120,00
23.06.2011;6,04;6,04;5,96;5,98;17702,00
27.06.2011;6,19;6,19;5,96;6,05;2413,00
28.06.2011;6,00;6,04;5,99;6,04;2746,00
29.06.2011;6,01;6,06;6,01;6,05;157282,00
30.06.2011;6,16;6,16;6,13;6,13;6536,00
01.07.2011;6,19;6,19;6,03;6,07;53764,00
04.07.2011;6,10;6,11;6,06;6,11;6684,00
05.07.2011;6,11;6,11;6,08;6,11;2390,00
06.07.2011;6,10;6,10;6,06;6,08;8854,00
07.07.2011;6,10;6,10;6,06;6,07;3688,00
08.07.2011;6,08;6,10;6,07;6,07;7921,00
11.07.2011;6,07;6,07;6,02;6,03;5858,00
12.07.2011;6,00;6,00;5,87;5,93;32610,00
13.07.2011;5,93;6,09;5,91;6,09;24789,00
14.07.2011;6,11;6,11;5,99;6,04;1642,00
15.07.2011;6,03;6,03;5,96;5,99;1759,00
18.07.2011;6,02;6,02;5,90;5,93;6833,00
19.07.2011;5,91;5,95;5,91;5,93;2366,00
20.07.2011;6,05;6,10;6,02;6,10;12767,00
21.07.2011;6,10;6,34;6,10;6,34;6575,00
22.07.2011;6,40;6,48;6,22;6,48;8183,00
25.07.2011;6,30;6,35;6,15;6,35;14686,00
26.07.2011;6,28;6,28;6,17;6,17;338,00
27.07.2011;6,17;6,20;6,17;6,17;126,00
28.07.2011;6,17;6,29;6,04;6,29;5998,00
29.07.2011;6,30;6,30;6,08;6,28;44272,00
01.08.2011;6,05;6,28;6,05;6,19;6575,00
02.08.2011;6,04;6,15;6,04;6,14;12165,00
03.08.2011;5,91;6,05;5,77;6,05;44382,00
04.08.2011;5,80;5,95;5,62;5,85;21357,00
05.08.2011;5,60;5,77;5,40;5,74;40124,00
08.08.2011;5,40;5,59;5,40;5,57;9512,00
09.08.2011;5,50;5,60;5,19;5,60;24051,00
10.08.2011;5,61;5,74;5,42;5,42;81837,00
11.08.2011;5,60;5,60;5,45;5,50;5833,00
12.08.2011;5,51;5,61;5,46;5,61;5453,00
15.08.2011;5,70;5,85;5,69;5,70;7428,00
16.08.2011;5,66;5,66;5,57;5,57;6397,00
17.08.2011;5,57;5,59;5,56;5,56;4890,00
18.08.2011;5,54;5,54;5,30;5,34;34713,00
19.08.2011;5,28;5,42;5,22;5,34;43619,00
22.08.2011;5,30;5,34;5,22;5,32;2415,00
23.08.2011;5,30;5,36;5,30;5,35;3907,00
24.08.2011;5,34;5,42;5,33;5,40;10166,00
25.08.2011;5,43;5,43;5,32;5,32;2482,00
26.08.2011;5,38;5,38;5,22;5,26;6859,00
29.08.2011;5,25;5,39;5,20;5,35;7435,00
30.08.2011;5,40;5,43;5,33;5,33;2605,00
31.08.2011;5,35;5,50;5,35;5,50;5991,00
01.09.2011;5,50;5,65;5,37;5,65;4838,00
02.09.2011;5,47;5,55;5,42;5,55;2015,00
05.09.2011;5,50;5,50;5,37;5,49;11250,00
06.09.2011;5,48;5,48;5,38;5,44;2653,00
07.09.2011;5,38;5,46;5,38;5,45;2852,00
08.09.2011;5,45;5,55;5,40;5,55;2489,00
09.09.2011;5,55;5,55;5,37;5,37;1300,00
12.09.2011;5,33;5,33;5,21;5,25;4264,00
13.09.2011;5,28;5,28;5,18;5,27;3312,00
14.09.2011;5,28;5,40;5,27;5,35;3071,00
15.09.2011;5,40;5,55;5,40;5,50;9826,00
16.09.2011;5,55;5,65;5,49;5,55;29313,00
19.09.2011;5,55;5,55;5,42;5,42;3327,00
20.09.2011;5,46;5,60;5,31;5,60;8923,00
21.09.2011;5,37;5,63;5,37;5,62;12629,00
22.09.2011;5,40;5,43;5,27;5,41;13728,00
23.09.2011;5,25;5,40;5,20;5,20;15946,00
26.09.2011;5,20;5,30;5,20;5,24;3992,00
27.09.2011;5,35;5,51;5,30;5,51;7752,00
28.09.2011;5,41;5,50;5,35;5,50;17914,00
29.09.2011;5,53;5,53;5,32;5,42;1438,00
30.09.2011;5,50;5,50;5,45;5,45;829,00
03.10.2011;5,45;5,45;5,30;5,40;2069,00
04.10.2011;5,31;5,33;5,19;5,28;8484,00
05.10.2011;5,28;5,35;5,21;5,34;3797,00
06.10.2011;5,39;5,50;5,30;5,40;7161,00
07.10.2011;5,35;5,40;5,32;5,39;1501,00
10.10.2011;5,26;5,44;5,26;5,35;3305,00
11.10.2011;5,46;5,47;5,30;5,30;11788,00
12.10.2011;5,28;5,49;5,28;5,45;10095,00
13.10.2011;5,43;5,49;5,42;5,48;105771,00
14.10.2011;5,48;5,48;5,35;5,37;8320,00
17.10.2011;5,40;5,49;5,35;5,48;28869,00
18.10.2011;5,48;5,48;5,37;5,40;330,00
19.10.2011;5,43;5,48;5,40;5,40;1437,00
20.10.2011;5,35;5,35;5,35;5,35;725,00
21.10.2011;5,35;5,40;5,32;5,35;37318,00
24.10.2011;5,35;5,45;5,32;5,40;9119,00
25.10.2011;5,47;5,48;5,32;5,37;7254,00
26.10.2011;5,38;5,40;5,34;5,40;10590,00
27.10.2011;5,40;5,65;5,40;5,65;24540,00
28.10.2011;5,60;5,92;5,54;5,92;15339,00
31.10.2011;5,95;5,95;5,59;5,70;6797,00
01.11.2011;5,51;5,59;5,31;5,43;12816,00
02.11.2011;5,36;5,60;5,36;5,60;1049,00
03.11.2011;5,49;5,79;5,49;5,79;9516,00
04.11.2011;5,62;5,70;5,61;5,65;1927,00
07.11.2011;5,55;5,63;5,54;5,63;257,00
08.11.2011;5,52;5,75;5,52;5,70;9757,00
09.11.2011;5,70;5,70;5,46;5,46;34750,00
10.11.2011;5,43;5,57;5,41;5,41;1459,00
11.11.2011;5,44;5,54;5,43;5,54;420,00
14.11.2011;5,53;5,53;5,39;5,39;1626,00
15.11.2011;5,33;5,35;5,31;5,31;2505,00
16.11.2011;5,32;5,40;5,25;5,25;5321,00
17.11.2011;5,20;5,33;5,20;5,21;1851,00
18.11.2011;5,21;5,21;5,17;5,17;2640,00
21.11.2011;5,25;5,29;4,98;4,98;21663,00
22.11.2011;4,95;5,00;4,81;4,81;109692,00
23.11.2011;4,80;4,85;4,72;4,79;32761,00
24.11.2011;4,84;4,84;4,66;4,66;84714,00
25.11.2011;4,78;4,78;4,61;4,62;24290,00
28.11.2011;4,60;4,75;4,60;4,72;13540,00
29.11.2011;4,71;4,79;4,64;4,79;18468,00
30.11.2011;4,65;4,90;4,61;4,65;80180,00
01.12.2011;4,70;4,74;4,65;4,66;8647,00
02.12.2011;4,72;4,78;4,70;4,70;8860,00
05.12.2011;4,78;4,80;4,67;4,70;24744,00
07.12.2011;4,68;4,81;4,65;4,75;22105,00
08.12.2011;4,65;4,73;4,55;4,70;21849,00
09.12.2011;4,56;4,77;4,56;4,77;15913,00
12.12.2011;4,71;4,75;4,51;4,52;35646,00
13.12.2011;4,52;4,65;4,52;4,65;4401,00
14.12.2011;4,60;4,60;4,40;4,50;26748,00
15.12.2011;4,46;4,46;4,34;4,40;4710,00
16.12.2011;4,40;4,59;4,40;4,53;11577,00
19.12.2011;4,49;4,60;4,43;4,59;16948,00
20.12.2011;4,62;4,70;4,60;4,69;4833,00
21.12.2011;4,63;4,75;4,60;4,62;37772,00
22.12.2011;4,65;4,85;4,65;4,85;34367,00
23.12.2011;4,71;5,20;4,71;5,14;14107,00
27.12.2011;5,30;5,30;4,91;4,91;4010,00
28.12.2011;5,00;5,00;4,81;4,81;2224,00
29.12.2011;4,90;4,90;4,75;4,85;3265,00
30.12.2011;4,77;4,88;4,73;4,88;7811,00
02.01.2012;4,90;5,00;4,90;5,00;447,00
03.01.2012;5,00;5,07;4,94;5,00;2144,00
04.01.2012;5,18;5,22;5,01;5,22;3936,00
05.01.2012;5,20;5,20;5,10;5,10;1377,00
09.01.2012;5,00;5,09;5,00;5,09;120,00
10.01.2012;5,04;5,17;5,04;5,17;6099,00
11.01.2012;5,04;5,20;5,01;5,20;2585,00
12.01.2012;5,15;5,20;5,15;5,20;6064,00
13.01.2012;5,15;5,19;5,10;5,10;5100,00
16.01.2012;5,01;5,19;5,01;5,19;3746,00
17.01.2012;5,20;5,20;5,10;5,15;1617,00
18.01.2012;5,04;5,19;5,04;5,15;4560,00
19.01.2012;5,15;5,20;5,14;5,15;7095,00
20.01.2012;5,20;5,20;5,14;5,19;1375,00
23.01.2012;5,20;5,37;5,20;5,25;6306,00
24.01.2012;5,26;5,30;5,10;5,16;7496,00
25.01.2012;5,19;5,45;5,18;5,23;12780,00
26.01.2012;5,20;5,49;5,20;5,26;6875,00
27.01.2012;5,25;5,48;5,25;5,42;3644,00
30.01.2012;5,44;5,44;5,30;5,39;13725,00
31.01.2012;5,31;5,50;5,31;5,50;8943,00
01.02.2012;5,33;5,60;5,33;5,52;6715,00
02.02.2012;5,60;5,67;5,50;5,67;8000,00
03.02.2012;5,62;5,98;5,60;5,98;11673,00
06.02.2012;5,98;5,98;5,80;5,95;5840,00
07.02.2012;5,86;5,94;5,80;5,90;6133,00
08.02.2012;5,80;5,98;5,80;5,92;8912,00
09.02.2012;5,85;6,00;5,84;6,00;6621,00
10.02.2012;6,00;6,00;5,86;5,86;2145,00
13.02.2012;5,84;5,84;5,77;5,84;7020,00
14.02.2012;5,73;5,90;5,70;5,90;8398,00
15.02.2012;5,85;5,87;5,65;5,82;27998,00
16.02.2012;5,80;5,80;5,70;5,80;9700,00
17.02.2012;5,80;5,85;5,65;5,85;6275,00
20.02.2012;5,75;5,75;5,57;5,60;22148,00
21.02.2012;5,65;5,75;5,37;5,75;43688,00
22.02.2012;5,60;5,70;5,56;5,57;22104,00
23.02.2012;5,57;5,58;5,55;5,55;2171,00
24.02.2012;5,60;5,64;5,55;5,64;6198,00
27.02.2012;5,56;5,60;5,56;5,56;1067,00
28.02.2012;5,58;5,58;5,49;5,51;105089,00
29.02.2012;5,60;5,60;5,51;5,53;3532,00
01.03.2012;5,60;5,60;5,50;5,60;3958,00
02.03.2012;5,55;5,63;5,55;5,63;9100,00
05.03.2012;5,56;5,59;5,50;5,59;5786,00
06.03.2012;5,53;5,60;5,51;5,60;9125,00
07.03.2012;5,51;5,63;5,50;5,59;8000,00
08.03.2012;5,51;5,51;5,48;5,50;831,00
09.03.2012;5,50;5,58;5,50;5,58;1497,00
12.03.2012;5,55;5,63;5,55;5,63;3799,00
13.03.2012;5,60;5,63;5,58;5,61;7790,00
14.03.2012;5,60;5,63;5,58;5,60;9366,00
15.03.2012;5,56;5,60;5,56;5,60;443,00
16.03.2012;5,56;5,62;5,56;5,56;21204,00
19.03.2012;5,64;5,64;5,56;5,58;746,00
20.03.2012;5,56;5,60;5,55;5,60;3234,00
21.03.2012;5,56;5,61;5,51;5,61;1143,00
22.03.2012;5,55;5,60;5,55;5,55;893,00
23.03.2012;5,55;5,56;5,55;5,55;6679,00
26.03.2012;5,55;5,59;5,54;5,59;926,00
27.03.2012;5,54;5,60;5,44;5,44;3637,00
28.03.2012;5,44;5,50;5,44;5,49;2489,00
29.03.2012;5,47;5,59;5,45;5,50;3916,00
30.03.2012;5,44;5,55;5,44;5,55;8978,00
02.04.2012;5,50;5,60;5,50;5,60;3340,00
03.04.2012;5,58;5,59;5,55;5,59;2158,00
04.04.2012;5,59;5,60;5,50;5,50;8296,00
05.04.2012;5,50;5,52;5,50;5,50;699,00
10.04.2012;5,55;5,60;5,55;5,55;6866,00
11.04.2012;5,55;5,58;5,55;5,55;2400,00
12.04.2012;5,53;5,58;5,52;5,58;416,00
13.04.2012;5,58;5,59;5,55;5,56;5217,00
16.04.2012;5,58;5,70;5,51;5,61;15710,00
17.04.2012;5,53;5,53;5,30;5,41;14659,00
18.04.2012;5,39;5,45;5,34;5,35;2539,00
19.04.2012;5,40;5,40;5,35;5,39;1763,00
20.04.2012;5,30;5,30;5,27;5,28;1654,00
23.04.2012;5,27;5,35;5,26;5,34;4372,00
24.04.2012;5,30;5,34;5,26;5,33;12515,00
25.04.2012;5,30;5,35;5,26;5,35;26296,00
26.04.2012;5,30;5,30;5,26;5,26;956,00
27.04.2012;5,26;5,30;5,25;5,28;4610,00
30.04.2012;5,30;5,31;5,29;5,29;836,00
02.05.2012;5,31;5,35;5,28;5,30;1088,00
03.05.2012;5,28;5,34;5,27;5,27;7380,00
04.05.2012;5,26;5,26;5,19;5,20;15294,00
07.05.2012;5,12;5,20;5,08;5,20;5113,00
08.05.2012;5,20;5,28;5,14;5,25;9074,00
09.05.2012;5,07;5,34;5,07;5,32;4589,00
10.05.2012;5,10;5,21;5,10;5,15;13374,00
11.05.2012;5,09;5,21;5,09;5,20;8374,00
14.05.2012;5,20;5,20;5,15;5,15;3569,00
15.05.2012;5,15;5,20;5,07;5,10;5736,00
16.05.2012;5,10;5,25;5,08;5,25;14779,00
18.05.2012;5,08;5,25;5,08;5,24;4405,00
21.05.2012;5,12;5,25;5,10;5,12;2163,00
22.05.2012;5,09;5,20;5,09;5,15;4770,00
23.05.2012;5,10;5,15;5,10;5,10;14638,00
24.05.2012;5,09;5,09;5,04;5,04;1467,00
25.05.2012;5,04;5,05;5,00;5,00;2360,00
28.05.2012;4,92;5,00;4,89;4,99;578,00
29.05.2012;4,98;5,12;4,96;4,96;9342,00
30.05.2012;4,90;4,90;4,80;4,81;7963,00
31.05.2012;4,80;5,00;4,80;4,85;14146,00
01.06.2012;4,90;4,90;4,70;4,80;17527,00
04.06.2012;4,70;4,75;4,60;4,70;2352,00
05.06.2012;4,70;4,78;4,63;4,65;6372,00
06.06.2012;4,63;4,80;4,63;4,79;5189,00
07.06.2012;4,80;4,90;4,80;4,90;71389,00
08.06.2012;4,90;4,90;4,71;4,76;26943,00
11.06.2012;4,80;4,80;4,73;4,73;2707,00
12.06.2012;4,73;4,73;4,65;4,65;1933,00
13.06.2012;4,65;4,65;4,55;4,65;9805,00
14.06.2012;4,65;4,65;4,55;4,65;22193,00
15.06.2012;4,60;4,62;4,50;4,52;27223,00
18.06.2012;4,70;4,70;4,45;4,45;21292,00
19.06.2012;4,55;4,57;4,44;4,50;20550,00
20.06.2012;4,60;4,64;4,48;4,50;4118,00
21.06.2012;4,50;4,65;4,48;4,65;11380,00
25.06.2012;4,61;4,61;4,48;4,50;25736,00
26.06.2012;4,55;4,55;4,44;4,48;15306,00
27.06.2012;4,50;4,50;4,43;4,48;2218,00
28.06.2012;4,45;4,45;4,42;4,42;10754,00
29.06.2012;4,44;4,50;4,42;4,46;52892,00
02.07.2012;4,50;4,50;4,46;4,48;8972,00
03.07.2012;4,48;4,48;4,45;4,48;25469,00
04.07.2012;4,47;4,48;4,43;4,44;14923,00
05.07.2012;4,44;4,44;4,41;4,41;20817,00
06.07.2012;4,42;4,44;4,39;4,42;7804,00
09.07.2012;4,40;4,40;4,37;4,37;4960,00
10.07.2012;4,39;4,40;4,36;4,40;10079,00
11.07.2012;4,39;4,40;4,39;4,39;4865,00
12.07.2012;4,40;4,40;4,37;4,37;24601,00
13.07.2012;4,40;4,40;4,38;4,39;6155,00
16.07.2012;4,40;4,40;4,38;4,39;6993,00
17.07.2012;4,40;4,40;4,35;4,36;10470,00
18.07.2012;4,38;4,45;4,34;4,38;17443,00
19.07.2012;4,38;4,40;4,37;4,37;24076,00
20.07.2012;4,40;4,47;4,40;4,47;2501,00
23.07.2012;4,37;4,53;4,36;4,53;18075,00
24.07.2012;4,45;4,54;4,41;4,50;11029,00
25.07.2012;4,50;4,52;4,43;4,52;5800,00
26.07.2012;4,45;4,58;4,42;4,58;7359,00
27.07.2012;4,50;4,50;4,50;4,50;190,00
30.07.2012;4,50;4,60;4,50;4,50;2746,00
31.07.2012;4,50;4,54;4,50;4,50;3607,00
01.08.2012;4,50;4,56;4,50;4,51;3024,00
02.08.2012;4,50;4,60;4,50;4,50;3149,00
03.08.2012;4,50;4,53;4,48;4,48;2830,00
06.08.2012;4,81;5,00;4,78;4,80;222121,00
07.08.2012;4,82;4,95;4,81;4,89;973849,00
08.08.2012;4,95;4,99;4,86;4,86;17813,00
09.08.2012;4,94;4,99;4,89;4,95;23844,00
10.08.2012;4,95;4,98;4,92;4,97;8522,00
13.08.2012;4,90;4,99;4,90;4,98;9682,00
14.08.2012;5,00;5,00;4,96;5,00;19800,00
15.08.2012;5,00;5,10;5,00;5,00;1227,00
16.08.2012;5,01;5,02;5,00;5,02;56203,00
17.08.2012;5,08;5,10;5,08;5,10;3608,00
20.08.2012;4,99;5,09;4,99;5,01;3140,00
21.08.2012;5,01;5,09;5,01;5,09;19957,00
22.08.2012;5,10;5,10;5,01;5,08;6568,00
23.08.2012;5,03;5,09;4,95;4,95;7278,00
24.08.2012;5,00;5,09;5,00;5,06;10716,00
27.08.2012;5,08;5,09;5,02;5,09;24243,00
28.08.2012;5,09;5,09;5,04;5,04;8908,00
29.08.2012;5,02;5,04;5,02;5,02;1893,00
30.08.2012;5,03;5,07;4,97;4,97;7427,00
31.08.2012;5,07;5,07;5,00;5,00;5213,00
03.09.2012;5,08;5,09;5,03;5,09;12659,00
04.09.2012;5,08;5,15;5,08;5,10;34575,00
05.09.2012;5,10;5,14;5,10;5,12;3132,00
06.09.2012;5,15;5,19;5,15;5,19;4474,00
07.09.2012;5,19;5,24;5,19;5,24;25090,00
10.09.2012;5,22;5,28;5,22;5,27;6192,00
11.09.2012;5,27;5,29;5,21;5,29;13205,00
12.09.2012;5,29;5,29;5,20;5,24;45260,00
13.09.2012;5,25;5,25;5,23;5,24;10974,00
14.09.2012;5,29;5,30;5,24;5,30;199432,00
17.09.2012;5,30;5,30;5,26;5,30;32708,00
18.09.2012;5,28;5,28;5,21;5,25;22182,00
19.09.2012;5,25;5,31;5,25;5,27;11841,00
20.09.2012;5,25;5,30;5,23;5,30;12552,00
21.09.2012;5,29;5,32;5,22;5,30;6038,00
24.09.2012;5,35;5,47;5,30;5,46;114784,00
25.09.2012;5,40;5,41;5,34;5,35;29917,00
26.09.2012;5,35;5,44;5,26;5,27;20524,00
27.09.2012;5,29;5,42;5,29;5,42;3363,00
28.09.2012;5,45;5,47;5,24;5,35;10818,00
01.10.2012;5,31;5,41;5,31;5,40;10094,00
02.10.2012;5,42;5,46;5,40;5,40;32610,00
03.10.2012;5,40;5,49;5,40;5,49;11003,00
04.10.2012;5,49;5,77;5,46;5,50;62704,00
05.10.2012;5,45;5,57;5,45;5,51;104450,00
08.10.2012;5,53;5,56;5,50;5,50;2586,00
09.10.2012;5,50;5,58;5,50;5,58;4005,00
10.10.2012;5,54;5,58;5,52;5,52;46101,00
11.10.2012;5,55;5,60;5,55;5,56;10300,00
12.10.2012;5,60;5,65;5,56;5,65;33287,00
15.10.2012;5,73;5,85;5,65;5,78;59047,00
16.10.2012;5,75;5,82;5,70;5,75;14965,00
17.10.2012;5,75;5,79;5,72;5,78;4278,00
18.10.2012;5,75;5,85;5,75;5,84;8665,00
19.10.2012;5,85;5,85;5,75;5,75;2965,00
22.10.2012;5,79;5,84;5,76;5,78;2404,00
23.10.2012;5,76;5,84;5,74;5,75;35859,00
24.10.2012;5,69;5,73;5,68;5,72;19912,00
25.10.2012;5,75;5,75;5,68;5,75;2167,00
26.10.2012;5,60;5,75;5,60;5,75;3306,00
29.10.2012;5,75;5,75;5,61;5,70;2558,00
30.10.2012;5,73;5,75;5,70;5,70;674,00
31.10.2012;5,70;5,75;5,70;5,73;36188,00
01.11.2012;5,75;5,75;5,70;5,75;10651,00
02.11.2012;5,70;5,75;5,68;5,75;3706,00
05.11.2012;5,75;5,75;5,71;5,71;3106,00
06.11.2012;5,74;5,75;5,71;5,75;9373,00
07.11.2012;5,75;5,82;5,73;5,76;2886,00
08.11.2012;5,92;6,00;5,77;5,78;23825,00
09.11.2012;5,80;5,89;5,74;5,78;18014,00
12.11.2012;5,80;5,85;5,75;5,75;11783,00
13.11.2012;5,75;5,93;5,75;5,88;3687,00
14.11.2012;5,89;5,90;5,87;5,89;6979,00
15.11.2012;5,95;5,97;5,85;5,87;4277,00
16.11.2012;5,87;5,94;5,80;5,80;3856,00
19.11.2012;5,83;5,92;5,76;5,88;13684,00
20.11.2012;5,93;5,93;5,80;5,80;5735,00
21.11.2012;5,80;5,80;5,76;5,77;6082,00
22.11.2012;5,85;5,85;5,76;5,83;1237,00
23.11.2012;5,83;5,83;5,78;5,79;6673,00
26.11.2012;5,82;5,92;5,77;5,90;11510,00
27.11.2012;5,90;5,90;5,74;5,74;8495,00
28.11.2012;5,75;5,79;5,74;5,79;5791,00
29.11.2012;5,80;5,80;5,74;5,80;5264,00
30.11.2012;5,80;5,80;5,77;5,79;2996,00
03.12.2012;5,83;5,83;5,74;5,74;516373,00
04.12.2012;5,75;5,76;5,70;5,75;405325,00
05.12.2012;5,71;5,80;5,71;5,80;154818,00
07.12.2012;5,85;5,85;5,78;5,80;43221,00
10.12.2012;5,85;5,85;5,75;5,80;4371,00
11.12.2012;5,75;5,80;5,75;5,80;12816,00
12.12.2012;5,80;5,80;5,78;5,80;24710,00
13.12.2012;5,80;5,80;5,79;5,79;10275,00
14.12.2012;5,78;5,80;5,78;5,80;12884,00
17.12.2012;5,80;5,80;5,77;5,80;13978,00
18.12.2012;5,79;5,84;5,79;5,84;22573,00
19.12.2012;5,80;5,85;5,80;5,85;26598,00
20.12.2012;5,89;5,89;5,79;5,85;17553,00
21.12.2012;5,85;5,85;5,78;5,82;11558,00
27.12.2012;5,82;5,85;5,74;5,76;17969,00
28.12.2012;5,80;5,85;5,76;5,80;7488,00
02.01.2013;5,85;5,89;5,82;5,85;25165,00
03.01.2013;5,88;5,88;5,83;5,84;22440,00
04.01.2013;5,84;5,90;5,84;5,90;27205,00
07.01.2013;5,91;6,02;5,90;5,94;31824,00
08.01.2013;5,99;5,99;5,88;5,94;47863,00
09.01.2013;5,99;6,04;5,87;5,94;58957,00
10.01.2013;5,94;5,94;5,88;5,89;86242,00
11.01.2013;5,90;5,90;5,86;5,90;23248,00
14.01.2013;5,97;5,97;5,88;5,90;71739,00
15.01.2013;5,90;5,90;5,88;5,89;21816,00
16.01.2013;5,96;5,96;5,88;5,90;39506,00
17.01.2013;5,94;5,94;5,88;5,90;18022,00
18.01.2013;5,90;5,92;5,89;5,89;31628,00
21.01.2013;5,90;5,90;5,88;5,90;18923,00
22.01.2013;5,96;5,96;5,89;5,92;59804,00
23.01.2013;5,95;5,98;5,90;5,97;93651,00
24.01.2013;5,98;6,12;5,92;6,03;83721,00
25.01.2013;6,09;6,18;6,09;6,18;59423,00
28.01.2013;6,16;6,26;6,14;6,25;46130,00
29.01.2013;6,22;6,26;6,17;6,22;23308,00
30.01.2013;6,22;6,27;6,16;6,20;22224,00
31.01.2013;6,20;6,20;6,07;6,15;10229,00
01.02.2013;6,12;6,20;6,12;6,16;12034,00
04.02.2013;6,17;6,28;6,10;6,13;42115,00
05.02.2013;6,14;6,28;6,13;6,25;24141,00
06.02.2013;6,30;6,35;6,24;6,34;35947,00
07.02.2013;6,35;6,35;6,24;6,30;33602,00
08.02.2013;6,35;6,35;6,20;6,32;31744,00
11.02.2013;6,34;6,36;6,30;6,36;22367,00
12.02.2013;6,36;6,37;6,33;6,36;27233,00
13.02.2013;6,36;6,40;6,35;6,36;32764,00
14.02.2013;6,38;6,60;6,38;6,48;86563,00
15.02.2013;6,50;6,68;6,48;6,62;302209,00
18.02.2013;6,67;6,77;6,65;6,77;38644,00
19.02.2013;6,77;7,14;6,77;7,05;83776,00
20.02.2013;7,08;7,27;7,05;7,22;51532,00
21.02.2013;7,22;7,24;7,12;7,24;57626,00
22.02.2013;7,20;7,32;7,18;7,32;38665,00
25.02.2013;7,31;7,45;7,30;7,30;46236,00
26.02.2013;7,27;7,27;7,00;7,12;134276,00
27.02.2013;7,21;7,24;7,11;7,20;6436,00
28.02.2013;7,20;7,20;7,10;7,18;56654,00
01.03.2013;7,15;7,37;7,15;7,25;19331,00
04.03.2013;7,35;7,36;7,21;7,23;14336,00
05.03.2013;7,24;7,27;7,13;7,19;41891,00
06.03.2013;7,22;7,25;7,19;7,25;15894,00
07.03.2013;7,30;7,30;7,17;7,19;11833,00
08.03.2013;7,23;7,23;7,16;7,17;11955,00
11.03.2013;7,22;7,32;7,11;7,12;15820,00
12.03.2013;7,12;7,15;7,09;7,10;15382,00
13.03.2013;7,10;7,17;7,08;7,12;16728,00
14.03.2013;7,13;7,18;7,11;7,18;10544,00
15.03.2013;7,25;7,30;7,20;7,24;48451,00
18.03.2013;7,20;7,20;7,12;7,13;21877,00
19.03.2013;7,13;7,16;7,01;7,01;27940,00
20.03.2013;7,07;7,14;7,07;7,10;67186,00
21.03.2013;7,10;7,21;7,10;7,13;10927,00
22.03.2013;7,13;7,20;7,10;7,20;210277,00
25.03.2013;7,20;7,27;7,09;7,12;43781,00
26.03.2013;7,10;7,14;7,05;7,11;10626,00
27.03.2013;7,15;7,18;7,11;7,18;23696,00
28.03.2013;7,18;7,18;7,15;7,15;8920,00
02.04.2013;7,17;7,20;7,13;7,15;16494,00
03.04.2013;7,15;7,20;7,12;7,20;19209,00
04.04.2013;7,20;7,30;7,15;7,19;12324,00
05.04.2013;7,19;7,26;7,12;7,14;15526,00
08.04.2013;7,15;7,15;7,02;7,02;14156,00
09.04.2013;7,02;7,10;6,96;6,99;52025,00
10.04.2013;6,55;6,94;6,52;6,94;33157,00
11.04.2013;6,89;6,93;6,74;6,80;5024,00
12.04.2013;6,74;6,80;6,72;6,80;1330,00
15.04.2013;6,80;6,80;6,70;6,70;7002,00
16.04.2013;6,70;6,71;6,27;6,27;22393,00
17.04.2013;6,31;6,37;6,25;6,29;28424,00
18.04.2013;6,28;6,30;6,17;6,30;13355,00
19.04.2013;6,30;6,30;6,17;6,25;33100,00
22.04.2013;6,25;6,36;6,25;6,30;9061,00
23.04.2013;6,35;6,35;6,26;6,32;5989,00
24.04.2013;6,30;6,35;6,29;6,35;15300,00
25.04.2013;6,35;6,37;6,26;6,37;4447,00
26.04.2013;6,37;6,45;6,36;6,45;9823,00
29.04.2013;6,46;6,50;6,40;6,40;14094,00
30.04.2013;6,47;6,52;6,40;6,50;12097,00
02.05.2013;6,50;6,50;6,40;6,43;3512,00
03.05.2013;6,42;6,49;6,42;6,49;13205,00
06.05.2013;6,50;6,50;6,43;6,50;59129,00
07.05.2013;6,67;6,85;6,67;6,80;67828,00
08.05.2013;6,80;6,90;6,70;6,87;26826,00
10.05.2013;6,90;7,05;6,90;7,02;26110,00
13.05.2013;7,03;7,10;6,95;6,97;26424,00
14.05.2013;7,00;7,11;6,95;6,95;11950,00
15.05.2013;6,95;7,10;6,88;7,00;33605,00
16.05.2013;7,00;7,00;6,85;6,85;8693,00
17.05.2013;6,90;6,95;6,90;6,91;5196,00
20.05.2013;6,92;7,03;6,92;6,97;6416,00
21.05.2013;6,95;7,09;6,95;7,09;21046,00
22.05.2013;7,09;7,10;7,00;7,05;115014,00
23.05.2013;7,00;7,00;6,86;6,99;15760,00
24.05.2013;6,91;7,05;6,91;7,04;29324,00
27.05.2013;7,06;7,06;6,96;6,96;8611,00
28.05.2013;6,97;7,11;6,90;6,98;25172,00
29.05.2013;6,98;7,00;6,91;6,92;3348,00
30.05.2013;6,92;7,01;6,92;7,00;7506,00
31.05.2013;7,00;7,00;6,94;6,98;3013,00
03.06.2013;6,96;6,96;6,84;6,90;19026,00
04.06.2013;6,90;6,90;6,83;6,90;16559,00
05.06.2013;6,90;6,90;6,60;6,60;41600,00
06.06.2013;6,60;6,79;6,60;6,75;10549,00
07.06.2013;6,73;6,80;6,67;6,78;10876,00
10.06.2013;6,77;7,00;6,74;6,94;6142,00
11.06.2013;6,95;6,95;6,75;6,79;6287,00
12.06.2013;6,71;6,78;6,67;6,78;9613,00
13.06.2013;6,75;6,90;6,75;6,90;15717,00
14.06.2013;6,75;6,87;6,75;6,84;1941,00
17.06.2013;6,84;6,84;6,76;6,80;5323,00
18.06.2013;6,80;6,84;6,75;6,80;62059,00
19.06.2013;6,75;6,88;6,75;6,88;3938,00
20.06.2013;6,83;6,88;6,68;6,68;25163,00
24.06.2013;6,66;6,66;6,51;6,63;10532,00
25.06.2013;6,61;6,69;6,56;6,63;30243,00
26.06.2013;6,63;6,67;6,55;6,60;8528,00
27.06.2013;6,66;6,84;6,63;6,80;5835,00
28.06.2013;6,68;6,80;6,64;6,70;5891,00
01.07.2013;6,75;6,80;6,00;6,70;69144,00
02.07.2013;6,53;6,90;6,53;6,66;10111,00
03.07.2013;6,65;6,80;6,56;6,75;5134,00
04.07.2013;6,75;6,87;6,62;6,85;5373,00
05.07.2013;6,80;6,90;6,74;6,88;10968,00
08.07.2013;6,88;6,88;6,71;6,87;2421,00
09.07.2013;6,75;6,86;6,75;6,80;1344,00
10.07.2013;6,85;6,95;6,78;6,90;9027,00
11.07.2013;6,80;7,00;6,80;6,97;1311,00
12.07.2013;6,90;7,00;6,80;6,92;5703,00
15.07.2013;6,91;6,99;6,85;6,98;2193,00
16.07.2013;6,85;6,98;6,85;6,97;1932,00
17.07.2013;6,86;6,97;6,85;6,95;4076,00
18.07.2013;6,84;6,95;6,84;6,95;3286,00
19.07.2013;6,95;6,98;6,85;6,98;10912,00
22.07.2013;6,96;6,97;6,81;6,96;2518,00
23.07.2013;6,98;6,99;6,95;6,95;8343,00
24.07.2013;6,99;7,08;6,96;7,05;10548,00
25.07.2013;7,05;7,05;6,99;7,05;6564,00
26.07.2013;7,05;7,10;7,00;7,09;10850,00
29.07.2013;7,09;7,12;7,00;7,10;7994,00
30.07.2013;7,11;7,21;7,10;7,13;32436,00
31.07.2013;7,18;7,25;7,12;7,19;16964,00
01.08.2013;7,19;7,21;7,15;7,15;13233,00
02.08.2013;7,20;7,24;7,18;7,19;20141,00
05.08.2013;7,22;7,25;7,17;7,21;35860,00
06.08.2013;7,19;7,19;7,03;7,07;57631,00
07.08.2013;7,10;7,19;7,10;7,12;8246,00
08.08.2013;7,14;7,20;7,12;7,20;43149,00
09.08.2013;7,11;7,21;7,11;7,19;10761,00
12.08.2013;7,16;7,17;7,10;7,17;6635,00
13.08.2013;7,14;7,18;7,13;7,18;33814,00
14.08.2013;7,20;7,23;7,18;7,23;35664,00
15.08.2013;7,20;7,24;7,20;7,20;9739,00
16.08.2013;7,18;7,24;7,18;7,24;3612,00
19.08.2013;7,24;7,25;7,17;7,18;3972,00
20.08.2013;7,18;7,24;7,17;7,18;4241,00
21.08.2013;7,17;7,20;7,11;7,14;5342,00
22.08.2013;7,14;7,18;7,12;7,16;3190,00
23.08.2013;7,15;7,19;7,13;7,19;4423,00
26.08.2013;7,19;7,24;7,19;7,22;7687,00
27.08.2013;7,20;7,20;7,14;7,16;6904,00
28.08.2013;7,16;7,17;7,13;7,14;11864,00
29.08.2013;7,15;7,22;7,15;7,18;8509,00
30.08.2013;7,15;7,24;7,15;7,24;59272,00
02.09.2013;7,24;7,25;7,15;7,25;10485,00
03.09.2013;7,25;7,26;7,25;7,25;17655,00
04.09.2013;7,26;7,26;7,22;7,25;8504,00
05.09.2013;7,26;7,26;7,23;7,25;12148,00
06.09.2013;7,25;7,25;7,19;7,25;23004,00
09.09.2013;7,24;7,26;7,23;7,24;22917,00
10.09.2013;7,26;7,42;7,25;7,40;23687,00
11.09.2013;7,42;7,50;7,41;7,49;30000,00
12.09.2013;7,51;7,59;7,45;7,49;31035,00
13.09.2013;7,50;7,50;7,40;7,43;13639,00
16.09.2013;7,50;7,53;7,45;7,53;10738,00
17.09.2013;7,54;7,58;7,52;7,58;16158,00
18.09.2013;7,58;7,59;7,56;7,59;14551,00
19.09.2013;7,63;7,77;7,59;7,59;40804,00
20.09.2013;7,68;7,70;7,56;7,60;18400,00
23.09.2013;7,70;7,70;7,45;7,50;41976,00
24.09.2013;7,52;7,60;7,50;7,60;10360,00
25.09.2013;7,62;7,63;7,57;7,59;20148,00
26.09.2013;7,58;7,65;7,58;7,61;8666,00
27.09.2013;7,64;7,64;7,47;7,54;23111,00
30.09.2013;7,54;7,54;7,28;7,28;37615,00
01.10.2013;7,35;7,58;7,35;7,47;17904,00
02.10.2013;7,49;7,69;7,49;7,60;15296,00
03.10.2013;7,60;7,64;7,54;7,54;6904,00
04.10.2013;7,54;7,57;7,51;7,55;7017,00
07.10.2013;7,60;7,66;7,49;7,66;5935,00
08.10.2013;7,65;7,65;7,56;7,63;10678,00
09.10.2013;7,63;7,63;7,48;7,51;7950,00
10.10.2013;7,51;7,62;7,46;7,57;13327,00
11.10.2013;7,60;7,68;7,59;7,66;6376,00
14.10.2013;7,66;7,68;7,59;7,68;6264,00
15.10.2013;7,68;7,69;7,59;7,62;4962,00
16.10.2013;7,60;7,66;7,55;7,66;6719,00
17.10.2013;7,66;7,68;7,57;7,63;7031,00
18.10.2013;7,65;7,65;7,59;7,60;8530,00
21.10.2013;7,60;7,65;7,55;7,63;11243,00
22.10.2013;7,64;7,65;7,57;7,60;10223,00
23.10.2013;7,60;7,60;7,51;7,60;6564,00
24.10.2013;7,61;7,64;7,55;7,60;5577,00
25.10.2013;7,60;7,60;7,55;7,57;6253,00
28.10.2013;7,57;7,59;7,52;7,55;7214,00
29.10.2013;7,56;7,62;7,55;7,62;4961,00
30.10.2013;7,62;7,69;7,62;7,68;13393,00
31.10.2013;7,68;7,68;7,52;7,63;12267,00
01.11.2013;7,59;7,60;7,59;7,60;2836,00
04.11.2013;7,59;7,71;7,54;7,70;12230,00
05.11.2013;7,70;7,72;7,65;7,66;17798,00
06.11.2013;7,71;7,71;7,67;7,69;15786,00
07.11.2013;7,77;7,98;7,77;7,93;104866,00
08.11.2013;7,93;7,95;7,85;7,95;9496,00
11.11.2013;7,98;8,11;7,98;8,03;32796,00
12.11.2013;8,05;8,07;8,02;8,05;18378,00
13.11.2013;8,07;8,09;7,95;8,03;18106,00
14.11.2013;8,04;8,10;8,00;8,05;15070,00
15.11.2013;8,05;8,12;8,01;8,09;14866,00
18.11.2013;8,06;8,10;7,92;8,10;14201,00
19.11.2013;8,10;8,10;8,00;8,03;9039,00
20.11.2013;8,03;8,03;7,98;8,03;8887,00
21.11.2013;8,00;8,05;7,98;8,00;5483,00
22.11.2013;8,05;8,10;8,00;8,05;5149,00
25.11.2013;8,10;8,12;8,06;8,10;15193,00
26.11.2013;8,10;8,14;7,98;7,98;15063,00
27.11.2013;8,00;8,08;7,95;8,01;16524,00
28.11.2013;8,05;8,10;8,02;8,06;8850,00
29.11.2013;8,09;8,10;8,07;8,08;6974,00
02.12.2013;8,10;8,12;8,07;8,08;5887,00
03.12.2013;8,08;8,08;8,02;8,03;6476,00
04.12.2013;8,05;8,10;7,97;8,03;417874,00
05.12.2013;8,00;8,10;7,98;8,04;11093,00
09.12.2013;8,04;8,05;7,99;7,99;8280,00
10.12.2013;7,99;8,00;7,99;7,99;35924,00
11.12.2013;7,96;8,00;7,96;8,00;12043,00
12.12.2013;8,00;8,10;7,97;8,04;6058,00
13.12.2013;8,00;8,04;7,96;7,97;29444,00
16.12.2013;7,97;8,02;7,91;7,92;24584,00
17.12.2013;7,92;8,00;7,91;7,94;24815,00
18.12.2013;7,98;8,07;7,93;7,98;7910,00
19.12.2013;8,06;8,06;7,95;7,98;13918,00
20.12.2013;7,95;8,00;7,90;7,96;19409,00
23.12.2013;8,03;8,05;7,96;7,99;19429,00
27.12.2013;8,02;8,08;7,99;8,05;17658,00
30.12.2013;8,06;8,10;8,06;8,10;9493,00
02.01.2014;8,10;8,10;8,04;8,06;9690,00
03.01.2014;8,03;8,06;8,03;8,05;22285,00
07.01.2014;8,05;8,05;8,04;8,05;11947,00
08.01.2014;8,07;8,07;8,04;8,05;10983,00
09.01.2014;8,07;8,10;8,02;8,10;10401,00
10.01.2014;8,10;8,10;8,05;8,08;10539,00
13.01.2014;8,08;8,20;8,05;8,15;35331,00
14.01.2014;8,18;8,23;8,15;8,23;16365,00
15.01.2014;8,24;8,29;8,20;8,29;20220,00
16.01.2014;8,31;8,50;8,27;8,27;19099,00
17.01.2014;8,30;8,33;8,26;8,32;22530,00
20.01.2014;8,35;8,40;8,33;8,35;26055,00
21.01.2014;8,39;8,40;8,33;8,40;15704,00
22.01.2014;8,40;8,40;8,33;8,39;14630,00
23.01.2014;8,38;8,38;8,28;8,28;13919,00
24.01.2014;8,28;8,36;8,28;8,34;5858,00
27.01.2014;8,25;8,25;8,12;8,20;9117,00
28.01.2014;8,20;8,38;8,16;8,36;9945,00
29.01.2014;8,37;8,37;8,18;8,19;15816,00
30.01.2014;8,20;8,20;8,13;8,20;13376,00
31.01.2014;8,13;8,15;8,01;8,12;16608,00
03.02.2014;8,07;8,25;8,07;8,12;23914,00
04.02.2014;7,99;8,08;7,99;8,04;29268,00
05.02.2014;8,06;8,20;8,06;8,20;6226,00
06.02.2014;8,20;8,24;8,07;8,23;160527,00
07.02.2014;8,36;8,40;8,28;8,34;27635,00
10.02.2014;8,38;8,45;8,28;8,40;29540,00
11.02.2014;8,43;8,43;8,34;8,40;32242,00
12.02.2014;8,45;8,57;8,23;8,40;82955,00
13.02.2014;8,42;8,42;8,33;8,39;15659,00
14.02.2014;8,39;8,80;8,39;8,77;79842,00
17.02.2014;8,78;8,87;8,63;8,81;39783,00
18.02.2014;8,85;8,89;8,78;8,84;17257,00
19.02.2014;8,82;8,86;8,74;8,85;12559,00
20.02.2014;8,85;8,86;8,78;8,83;22815,00
21.02.2014;8,83;8,97;8,83;8,96;28014,00
24.02.2014;8,98;9,09;8,97;9,05;33429,00
25.02.2014;9,08;9,23;9,08;9,19;46824,00
26.02.2014;9,20;9,20;9,10;9,18;11779,00
27.02.2014;9,20;9,25;9,15;9,18;18605,00
28.02.2014;9,18;9,22;9,15;9,17;10477,00
03.03.2014;9,10;9,10;8,80;8,83;26484,00
04.03.2014;8,88;9,11;8,88;9,00;11466,00
05.03.2014;9,03;9,12;9,02;9,10;63300,00
06.03.2014;9,10;9,17;9,10;9,12;4705,00
07.03.2014;9,14;9,18;9,10;9,16;11232,00
10.03.2014;9,12;9,16;9,01;9,10;9943,00
11.03.2014;9,06;9,15;9,06;9,11;9979,00
12.03.2014;9,11;9,15;9,06;9,08;10516,00
13.03.2014;9,05;9,12;9,04;9,11;11300,00
14.03.2014;9,02;9,05;8,85;8,95;30841,00
17.03.2014;9,00;9,00;8,81;8,91;33812,00
18.03.2014;9,08;9,20;9,03;9,18;19666,00
19.03.2014;9,10;9,18;9,10;9,16;5911,00
20.03.2014;9,14;9,20;9,12;9,15;12555,00
21.03.2014;9,17;9,23;9,13;9,15;165787,00
24.03.2014;9,15;9,20;9,14;9,18;10399,00
25.03.2014;9,17;9,22;9,15;9,22;36992,00
26.03.2014;9,26;9,28;9,22;9,25;9400,00
27.03.2014;9,25;9,29;9,21;9,28;8587,00
28.03.2014;9,29;9,45;9,29;9,44;24012,00
31.03.2014;9,44;9,52;9,44;9,46;31226,00
01.04.2014;9,50;9,70;9,50;9,70;17149,00
02.04.2014;9,75;9,76;9,64;9,70;15532,00
03.04.2014;9,64;9,68;9,59;9,60;22872,00
04.04.2014;9,60;9,60;9,51;9,58;61925,00
07.04.2014;9,58;9,60;9,45;9,58;42494,00
08.04.2014;9,29;9,29;9,08;9,17;17479,00
09.04.2014;9,17;9,20;9,06;9,14;26572,00
10.04.2014;9,14;9,14;8,90;9,05;22420,00
11.04.2014;9,04;9,04;8,92;8,99;6264,00
14.04.2014;8,94;8,94;8,77;8,80;22210,00
15.04.2014;8,80;8,80;8,73;8,78;15579,00
16.04.2014;8,78;8,90;8,60;8,61;20991,00
17.04.2014;8,65;8,80;8,65;8,80;6669,00
22.04.2014;8,77;9,20;8,73;9,11;28229,00
23.04.2014;9,02;9,17;9,02;9,16;15082,00
24.04.2014;9,17;9,17;9,06;9,12;9551,00
25.04.2014;9,15;9,15;8,97;8,97;11261,00
28.04.2014;9,09;9,09;8,95;9,00;7212,00
29.04.2014;8,96;9,03;8,90;9,00;13194,00
30.04.2014;9,03;9,03;8,98;9,02;7889,00
02.05.2014;9,05;9,10;8,98;9,00;16056,00
05.05.2014;9,00;9,00;8,98;9,00;8587,00
06.05.2014;8,96;8,96;8,63;8,80;50213,00
07.05.2014;8,80;8,99;8,80;8,99;19493,00
08.05.2014;9,00;9,03;8,92;9,00;71333,00
09.05.2014;9,00;9,00;8,90;8,96;16558,00
12.05.2014;8,99;8,99;8,89;8,92;86165,00
13.05.2014;8,94;8,94;8,87;8,88;22146,00
14.05.2014;8,90;8,90;8,86;8,88;46881,00
15.05.2014;8,88;8,92;8,85;8,88;32140,00
16.05.2014;8,86;8,88;8,82;8,87;7160,00
19.05.2014;8,87;8,90;8,82;8,90;7674,00
20.05.2014;8,91;9,15;8,83;9,10;4844731,00
21.05.2014;9,10;9,42;9,09;9,27;139142,00
22.05.2014;9,28;9,29;9,12;9,22;47423,00
23.05.2014;9,23;9,27;9,15;9,23;17536,00
26.05.2014;9,20;9,24;9,15;9,23;11080,00
27.05.2014;9,25;9,25;9,15;9,24;26842,00
28.05.2014;9,24;9,48;9,23;9,34;52353,00
30.05.2014;9,39;9,43;9,34;9,40;25418,00
02.06.2014;9,40;9,50;9,37;9,45;50720,00
03.06.2014;9,50;9,50;9,46;9,50;32309,00
04.06.2014;9,46;9,60;9,42;9,56;62244,00
05.06.2014;9,60;9,60;9,52;9,56;19939,00
06.06.2014;9,60;9,60;9,52;9,60;21793,00
09.06.2014;9,58;9,70;9,58;9,68;22107,00
10.06.2014;9,69;9,88;9,66;9,86;41960,00
11.06.2014;9,80;9,84;9,65;9,75;22839,00
12.06.2014;9,79;9,89;9,77;9,89;42954,00
13.06.2014;9,80;9,80;9,68;9,75;46584,00
16.06.2014;9,75;9,75;9,65;9,75;40181,00
17.06.2014;9,75;9,75;9,73;9,75;35466,00
18.06.2014;9,74;9,77;9,71;9,75;22853,00
19.06.2014;9,76;9,79;9,24;9,24;101272,00
23.06.2014;9,52;9,63;9,32;9,35;40701,00
24.06.2014;9,36;9,44;9,30;9,31;47936,00
25.06.2014;9,30;9,34;9,24;9,24;20835,00
26.06.2014;9,24;9,33;9,24;9,32;14836,00
27.06.2014;9,30;9,32;9,28;9,30;15104,00
30.06.2014;9,33;9,33;9,25;9,27;30494,00
01.07.2014;9,25;9,61;9,25;9,58;25482,00
02.07.2014;9,47;9,60;9,47;9,58;11935,00
03.07.2014;9,58;9,75;9,55;9,75;15185,00
04.07.2014;9,72;9,75;9,63;9,75;18095,00
07.07.2014;9,62;9,72;9,55;9,64;53650,00
08.07.2014;9,61;9,69;9,51;9,51;25291,00
09.07.2014;9,55;9,56;9,50;9,51;12090,00
10.07.2014;9,50;9,51;9,30;9,41;9940,00
11.07.2014;9,38;9,50;9,37;9,46;10441,00
14.07.2014;9,55;9,55;9,42;9,51;11913,00
15.07.2014;9,58;9,58;9,45;9,50;7066,00
16.07.2014;9,46;9,57;9,46;9,51;15546,00
17.07.2014;9,53;9,73;9,50;9,68;12341,00
18.07.2014;9,56;9,64;9,55;9,56;7643,00
21.07.2014;9,56;9,62;9,50;9,50;22728,00
22.07.2014;9,51;9,55;9,20;9,20;32951,00
23.07.2014;9,24;9,40;9,24;9,29;20553,00
24.07.2014;9,32;9,39;9,31;9,36;5955,00
25.07.2014;9,36;9,46;9,31;9,43;6550,00
28.07.2014;9,45;9,51;9,31;9,33;8069,00
29.07.2014;9,39;9,61;9,33;9,42;13330,00
30.07.2014;9,45;9,49;9,36;9,36;8196,00
31.07.2014;9,43;9,50;9,38;9,38;15949,00
01.08.2014;9,35;9,40;9,21;9,22;25376,00
04.08.2014;9,26;9,39;9,22;9,38;6119,00
05.08.2014;9,44;9,62;9,36;9,38;234150,00
06.08.2014;9,40;9,51;9,36;9,36;15760,00
07.08.2014;9,38;9,39;9,35;9,35;9322,00
08.08.2014;9,35;9,35;9,25;9,29;15832,00
11.08.2014;9,30;9,54;9,30;9,46;9623,00
12.08.2014;9,59;9,59;9,42;9,48;21031,00
13.08.2014;9,52;9,52;9,39;9,50;9964,00
14.08.2014;9,42;9,50;9,37;9,41;6764,00
15.08.2014;9,50;9,50;9,40;9,50;119309,00
18.08.2014;9,50;9,67;9,44;9,67;13804,00
19.08.2014;9,69;9,75;9,60;9,75;17295,00
20.08.2014;9,74;9,74;9,64;9,74;18231,00
21.08.2014;9,74;9,75;9,70;9,75;11352,00
22.08.2014;9,73;9,78;9,70;9,77;6692,00
25.08.2014;9,76;9,77;9,68;9,69;21737,00
26.08.2014;9,69;9,73;9,67;9,72;17593,00
27.08.2014;9,74;9,75;9,66;9,70;16302,00
28.08.2014;9,70;9,70;9,56;9,60;36446,00
29.08.2014;9,57;9,67;9,57;9,65;14612,00
01.09.2014;9,50;9,74;9,50;9,73;6698,00
02.09.2014;9,70;9,72;9,51;9,54;424853,00
03.09.2014;9,67;9,67;9,51;9,59;16390,00
04.09.2014;9,51;9,60;9,48;9,55;12885,00
05.09.2014;9,60;9,75;9,60;9,70;33630,00
08.09.2014;9,70;9,70;9,55;9,69;12334,00
09.09.2014;9,67;9,75;9,65;9,72;41826,00
10.09.2014;9,74;9,74;9,66;9,71;22274,00
11.09.2014;9,71;9,72;9,65;9,65;16202,00
12.09.2014;9,71;9,73;9,65;9,65;27449,00
15.09.2014;9,65;9,73;9,65;9,68;19075,00
16.09.2014;9,73;9,75;9,65;9,67;13850,00
17.09.2014;9,67;9,74;9,67;9,74;6886,00
18.09.2014;9,70;9,84;9,70;9,82;16815,00
19.09.2014;9,85;9,90;9,85;9,90;19209,00
22.09.2014;9,92;10,00;9,91;9,91;26325,00
23.09.2014;9,94;9,96;9,85;9,85;18751,00
24.09.2014;9,89;9,95;9,80;9,95;25981,00
25.09.2014;9,95;9,95;9,88;9,95;22627,00
26.09.2014;9,95;9,95;9,84;9,91;24089,00
29.09.2014;9,95;10,00;9,95;9,96;30850,00
30.09.2014;10,00;10,00;9,80;9,80;34197,00
01.10.2014;9,98;9,98;9,85;9,88;10023,00
02.10.2014;9,86;9,88;9,76;9,83;20095,00
03.10.2014;9,85;9,98;9,85;9,91;8190,00
06.10.2014;9,91;9,98;9,89;9,90;7860,00
07.10.2014;9,96;9,96;9,87;9,87;17847,00
08.10.2014;9,90;9,90;9,78;9,78;18228,00
09.10.2014;9,80;9,98;9,73;9,73;16686,00
10.10.2014;9,70;9,70;9,36;9,50;24879,00
13.10.2014;9,45;9,50;9,40;9,41;41501,00
14.10.2014;9,43;9,48;9,35;9,36;15302,00
15.10.2014;9,36;9,49;9,11;9,22;22489,00
16.10.2014;9,22;9,45;8,90;9,16;36116,00
17.10.2014;9,19;9,64;9,15;9,50;21163,00
20.10.2014;9,70;9,76;9,52;9,55;11323,00
21.10.2014;9,78;9,78;9,50;9,70;12049,00
22.10.2014;9,70;9,90;9,37;9,61;32819,00
23.10.2014;9,72;9,75;9,61;9,69;5161,00
24.10.2014;9,74;9,74;9,49;9,49;9669,00
27.10.2014;9,51;9,74;9,51;9,55;10883,00
28.10.2014;9,61;9,75;9,58;9,63;7382,00
29.10.2014;9,75;9,75;9,65;9,73;3692,00
30.10.2014;9,73;9,73;9,61;9,66;9783,00
31.10.2014;9,70;9,77;9,68;9,71;11367,00
03.11.2014;9,74;9,94;9,72;9,94;22337,00
04.11.2014;9,83;9,83;9,33;9,60;43797,00
05.11.2014;9,48;9,60;9,48;9,53;15556,00
06.11.2014;9,54;9,60;9,50;9,51;12550,00
07.11.2014;9,52;9,56;9,44;9,45;16889,00
10.11.2014;9,45;9,47;9,36;9,38;8749,00
11.11.2014;9,44;9,49;9,41;9,43;5908,00
12.11.2014;9,43;9,43;9,36;9,37;29253,00
13.11.2014;9,35;9,40;9,26;9,29;25464,00
14.11.2014;9,31;9,35;9,29;9,30;9988,00
17.11.2014;9,30;9,34;9,27;9,30;61616,00
18.11.2014;9,33;9,42;9,29;9,35;15151,00
19.11.2014;9,35;9,50;9,34;9,47;53792,00
20.11.2014;9,31;9,50;9,31;9,47;11216,00
21.11.2014;9,52;9,53;9,44;9,52;22878,00
24.11.2014;9,54;9,75;9,54;9,66;32792,00
25.11.2014;9,70;9,80;9,66;9,77;25090,00
26.11.2014;9,69;9,79;9,69;9,75;15250,00
27.11.2014;9,76;9,80;9,76;9,80;10445,00
28.11.2014;9,80;9,80;9,75;9,80;14025,00
01.12.2014;9,79;9,80;9,73;9,80;16147,00
02.12.2014;9,75;9,80;9,69;9,72;11053,00
03.12.2014;9,72;9,78;9,72;9,76;4171,00
04.12.2014;9,79;9,80;9,74;9,76;9864,00
05.12.2014;9,76;9,90;9,76;9,84;21603,00
08.12.2014;9,84;9,87;9,78;9,78;10718,00
09.12.2014;9,86;9,86;9,71;9,71;15915,00
10.12.2014;9,69;9,84;9,69;9,80;6771,00
11.12.2014;9,80;9,85;9,78;9,80;22923,00
12.12.2014;9,75;9,75;9,69;9,69;15504,00
15.12.2014;9,70;9,74;9,65;9,65;16258,00
16.12.2014;9,60;9,60;9,25;9,40;20058,00
17.12.2014;9,40;9,40;9,27;9,31;31476,00
18.12.2014;9,36;9,60;9,36;9,46;11313,00
19.12.2014;9,49;9,60;9,40;9,40;10660,00
22.12.2014;9,47;9,60;9,40;9,43;13107,00
23.12.2014;9,43;9,87;9,43;9,67;9439,00
29.12.2014;9,89;9,89;9,70;9,73;6629,00
30.12.2014;9,80;9,81;9,68;9,77;5160,00
02.01.2015;9,65;9,93;9,65;9,87;10979,00
05.01.2015;9,90;9,90;9,65;9,65;10618,00
07.01.2015;9,75;9,75;9,53;9,53;9373,00
08.01.2015;9,53;9,58;9,45;9,49;19945,00
09.01.2015;9,49;9,50;9,44;9,48;48924,00
12.01.2015;9,50;9,53;9,40;9,47;19555,00
13.01.2015;9,47;9,47;9,40;9,45;16629,00
14.01.2015;9,47;9,47;9,40;9,40;19301,00
15.01.2015;9,45;9,47;9,33;9,47;19201,00
16.01.2015;9,45;9,47;9,35;9,42;14234,00
19.01.2015;9,43;9,45;9,36;9,42;28506,00
20.01.2015;9,48;9,52;9,44;9,52;26107,00
21.01.2015;9,50;9,60;9,50;9,60;11373,00
22.01.2015;9,60;9,70;9,51;9,70;27609,00
23.01.2015;9,70;9,88;9,70;9,85;35269,00
26.01.2015;9,85;9,95;9,72;9,95;23039,00
27.01.2015;9,98;9,98;9,80;9,85;12850,00
28.01.2015;9,85;10,00;9,85;9,99;33029,00
29.01.2015;9,99;10,00;9,94;10,00;21737,00
30.01.2015;9,99;10,00;9,95;10,00;23907,00
02.02.2015;9,96;10,07;9,92;10,01;56577,00
03.02.2015;10,05;10,15;10,05;10,15;38074,00
04.02.2015;10,10;10,17;10,02;10,10;22469,00
05.02.2015;10,05;10,24;10,05;10,23;18794,00
06.02.2015;10,23;10,47;10,23;10,35;13277,00
09.02.2015;10,37;10,37;10,16;10,25;24943,00
10.02.2015;10,30;10,35;10,23;10,29;26961,00
11.02.2015;10,30;11,20;10,26;10,92;121692,00
12.02.2015;10,84;10,84;10,39;10,53;115908,00
13.02.2015;10,60;11,07;10,60;10,98;46221,00
16.02.2015;10,99;11,05;10,91;11,00;37594,00
17.02.2015;10,94;11,11;10,94;11,02;33244,00
18.02.2015;11,05;11,05;10,95;11,05;68424,00
19.02.2015;11,05;11,08;10,97;11,01;17352,00
20.02.2015;11,00;11,05;11,00;11,00;4674,00
23.02.2015;11,00;11,01;10,93;10,99;8793,00
24.02.2015;10,99;10,99;10,93;10,98;31539,00
25.02.2015;10,95;11,03;10,89;11,00;14428,00
26.02.2015;11,00;11,00;10,90;10,98;37193,00
27.02.2015;10,91;11,00;10,91;10,97;12503,00
02.03.2015;11,00;11,14;10,98;11,08;28181,00
03.03.2015;11,09;11,18;11,00;11,03;24763,00
04.03.2015;11,07;11,07;10,89;10,98;21691,00
05.03.2015;10,98;11,07;10,96;11,07;9686,00
06.03.2015;11,07;11,07;10,95;11,07;16655,00
09.03.2015;11,07;11,07;10,98;11,07;14372,00
10.03.2015;11,07;11,07;11,00;11,00;6649,00
11.03.2015;11,00;11,03;10,95;10,96;11824,00
12.03.2015;10,94;11,00;10,93;11,00;12747,00
13.03.2015;11,00;11,05;10,97;10,99;7370,00
16.03.2015;10,99;10,99;10,80;10,90;14521,00
17.03.2015;10,90;10,90;10,73;10,74;11440,00
18.03.2015;10,74;10,80;10,60;10,62;23939,00
19.03.2015;10,65;10,99;10,65;10,88;25029,00
20.03.2015;10,89;10,99;10,80;10,89;27969,00
23.03.2015;10,89;11,00;10,86;10,95;15177,00
24.03.2015;10,94;10,99;10,91;10,95;16208,00
25.03.2015;10,95;10,97;10,87;10,93;36938,00
26.03.2015;10,97;10,97;10,62;10,70;19504,00
27.03.2015;10,66;10,80;10,62;10,78;21582,00
30.03.2015;10,78;10,96;10,78;10,94;16630,00
31.03.2015;10,95;10,98;10,92;10,98;8031,00
01.04.2015;10,95;10,98;10,84;10,95;27827,00
02.04.2015;10,96;11,11;10,96;11,03;27127,00
07.04.2015;11,02;11,07;10,97;11,01;25128,00
08.04.2015;11,06;11,08;11,00;11,03;24897,00
09.04.2015;11,07;11,14;11,06;11,14;36733,00
10.04.2015;11,14;11,40;11,13;11,40;37134,00
13.04.2015;11,39;11,45;11,33;11,45;47050,00
14.04.2015;10,97;10,97;10,86;10,93;33688,00
15.04.2015;10,92;10,92;10,80;10,82;12287,00
16.04.2015;10,94;11,06;10,94;10,99;51345,00
17.04.2015;11,00;11,01;10,89;10,95;110822,00
20.04.2015;10,85;10,95;10,84;10,95;11800,00
21.04.2015;10,99;10,99;10,86;10,91;20907,00
22.04.2015;10,91;10,91;10,81;10,86;23419,00
23.04.2015;10,94;10,94;10,87;10,90;44517,00
24.04.2015;10,86;10,97;10,86;10,97;42050,00
27.04.2015;10,95;10,99;10,90;10,99;16628,00
28.04.2015;10,99;11,05;10,97;11,05;50509,00
29.04.2015;11,05;11,07;11,00;11,00;44681,00
30.04.2015;10,94;10,95;10,89;10,92;27737,00
04.05.2015;10,90;11,07;10,86;11,00;33951,00
05.05.2015;11,00;11,07;10,97;11,04;61194,00
06.05.2015;10,85;10,99;10,85;10,98;47540,00
07.05.2015;10,87;10,95;10,83;10,95;94250,00
08.05.2015;10,97;11,10;10,97;11,05;44219,00
11.05.2015;10,81;11,35;10,81;11,28;96754,00
12.05.2015;11,22;11,29;11,15;11,24;68452,00
13.05.2015;11,14;11,30;11,14;11,30;94383,00
15.05.2015;11,23;11,37;11,23;11,37;15106,00
18.05.2015;11,27;11,49;11,27;11,45;112768,00
19.05.2015;11,31;11,50;11,31;11,50;78606,00
20.05.2015;11,31;11,62;11,31;11,61;83197,00
21.05.2015;11,60;11,68;11,50;11,68;29942,00
22.05.2015;11,72;11,90;11,70;11,82;28122,00
25.05.2015;11,74;11,90;11,64;11,64;12337,00
26.05.2015;11,64;11,90;11,64;11,84;49636,00
27.05.2015;11,65;11,99;11,60;11,98;17827,00
28.05.2015;11,90;12,07;11,87;12,04;36248,00
29.05.2015;11,97;12,07;11,90;11,91;29740,00
01.06.2015;11,92;11,97;11,80;11,87;20552,00
02.06.2015;11,74;11,97;11,74;11,90;5232,00
03.06.2015;11,58;11,92;11,58;11,89;7088,00
04.06.2015;11,89;11,93;11,78;11,78;12284,00
05.06.2015;11,73;11,93;11,58;11,74;15818,00
08.06.2015;11,63;11,93;11,62;11,77;12382,00
09.06.2015;11,75;11,80;11,32;11,80;27218,00
10.06.2015;11,59;11,90;11,59;11,90;6945,00
11.06.2015;11,88;11,89;11,67;11,83;7031,00
12.06.2015;11,33;11,76;11,30;11,34;30522,00
15.06.2015;11,10;11,28;11,09;11,28;15520,00
16.06.2015;11,23;11,24;10,80;10,99;37287,00
17.06.2015;11,01;11,01;10,87;10,90;20596,00
18.06.2015;10,90;11,03;10,74;11,03;73926,00
22.06.2015;10,90;11,55;10,90;11,30;10841,00
23.06.2015;11,30;11,30;11,10;11,25;26713,00
24.06.2015;11,25;11,29;11,01;11,05;15786,00
25.06.2015;11,05;11,15;11,05;11,05;18469,00
26.06.2015;11,05;11,12;11,01;11,03;8086,00
29.06.2015;11,00;11,00;10,50;10,67;22390,00
30.06.2015;10,68;10,75;10,60;10,65;12738,00
01.07.2015;10,80;10,81;10,63;10,65;5826,00
02.07.2015;10,70;10,72;10,62;10,62;2750,00
03.07.2015;10,60;10,72;10,56;10,57;6721,00
06.07.2015;10,55;10,57;10,24;10,38;14337,00
07.07.2015;10,37;10,45;10,16;10,16;10629,00
08.07.2015;10,10;10,30;10,03;10,16;8657,00
09.07.2015;10,25;10,50;10,20;10,34;7015,00
10.07.2015;10,57;10,58;10,51;10,58;5042,00
13.07.2015;10,60;10,77;10,58;10,60;7211,00
14.07.2015;10,65;10,65;10,50;10,56;6946,00
15.07.2015;10,69;10,72;10,56;10,67;5169,00
16.07.2015;10,70;10,93;10,70;10,93;8164,00
17.07.2015;10,95;10,98;10,81;10,94;4251,00
20.07.2015;10,76;11,27;10,76;11,19;12608,00
21.07.2015;11,20;11,24;11,00;11,07;8137,00
22.07.2015;11,21;11,24;11,05;11,05;10427,00
23.07.2015;11,28;11,28;11,00;11,00;8738,00
24.07.2015;11,20;11,20;10,86;10,88;8631,00
27.07.2015;10,81;10,81;10,61;10,64;11540,00
28.07.2015;10,68;10,90;10,63;10,90;4903,00
29.07.2015;10,67;10,90;10,67;10,76;2078,00
30.07.2015;10,90;10,99;10,78;10,78;3437,00
31.07.2015;10,95;11,26;10,95;11,25;14620,00
03.08.2015;11,24;11,24;11,09;11,22;7703,00
04.08.2015;11,19;11,19;11,02;11,19;2845,00
05.08.2015;11,19;11,30;11,07;11,30;5342,00
06.08.2015;11,30;11,47;11,19;11,20;6311,00
07.08.2015;11,10;11,30;11,09;11,09;2857,00
10.08.2015;11,09;11,20;11,08;11,15;1774,00
11.08.2015;11,06;11,07;10,97;11,03;5932,00
12.08.2015;11,03;11,03;10,70;10,70;16684,00
13.08.2015;10,80;10,95;10,80;10,81;12051,00
14.08.2015;10,86;10,91;10,81;10,81;4128,00
17.08.2015;10,90;11,04;10,90;10,90;6474,00
18.08.2015;10,92;11,28;10,90;11,13;16670,00
19.08.2015;10,88;11,11;10,86;10,88;2717,00
20.08.2015;10,90;10,95;10,70;10,70;7055,00
21.08.2015;10,70;10,71;10,40;10,50;8295,00
24.08.2015;10,40;10,40;9,96;10,00;28071,00
25.08.2015;10,05;10,92;10,05;10,45;9284,00
26.08.2015;10,48;10,65;10,36;10,45;7688,00
27.08.2015;10,68;10,99;10,68;10,80;12542,00
28.08.2015;10,80;10,82;10,68;10,70;5407,00
31.08.2015;10,70;10,70;10,55;10,59;8572,00
01.09.2015;10,60;10,60;10,36;10,36;5309,00
02.09.2015;10,49;10,70;10,12;10,51;11886,00
03.09.2015;10,70;10,95;10,70;10,92;22574,00
04.09.2015;10,80;10,92;10,80;10,80;9901,00
07.09.2015;10,92;11,05;10,76;10,76;11470,00
08.09.2015;10,76;10,96;10,76;10,86;6913,00
09.09.2015;10,93;11,10;10,93;11,00;13889,00
10.09.2015;11,00;11,05;10,95;11,05;420150,00
11.09.2015;11,05;11,05;10,90;10,99;17492,00
14.09.2015;10,98;10,98;10,75;10,75;6364,00
15.09.2015;10,99;10,99;10,80;10,89;7965,00
16.09.2015;10,83;10,94;10,83;10,83;9281,00
17.09.2015;10,75;11,10;10,75;11,10;24168,00
18.09.2015;11,00;11,00;10,85;10,85;3554,00
21.09.2015;10,85;10,94;10,76;10,80;2362,00
22.09.2015;10,74;10,85;10,54;10,85;8972,00
23.09.2015;10,64;10,70;10,64;10,65;22216,00
24.09.2015;10,60;10,71;10,29;10,29;10361,00
25.09.2015;10,40;10,76;10,40;10,60;19263,00
28.09.2015;10,30;10,79;10,30;10,77;7932,00
29.09.2015;10,59;10,79;10,59;10,79;13289,00
30.09.2015;10,80;10,95;10,80;10,90;8675,00
01.10.2015;10,90;11,09;10,90;11,07;5805,00
02.10.2015;11,00;11,52;11,00;11,39;22191,00
05.10.2015;11,40;11,66;11,40;11,55;14162,00
06.10.2015;11,54;11,54;11,20;11,20;9975,00
07.10.2015;11,22;11,30;10,95;11,10;3339,00
08.10.2015;11,30;11,38;11,25;11,33;5976,00
09.10.2015;11,17;11,45;11,17;11,45;3044,00
12.10.2015;11,20;11,42;11,20;11,35;5344,00
13.10.2015;11,35;11,44;11,30;11,30;3498,00
14.10.2015;11,30;11,66;11,30;11,61;9848,00
15.10.2015;11,50;11,59;11,50;11,51;4226,00
16.10.2015;11,29;11,50;11,29;11,40;2762,00
19.10.2015;11,21;11,48;11,21;11,29;8345,00
20.10.2015;11,30;11,42;11,30;11,41;3007,00
21.10.2015;11,30;11,30;11,10;11,15;4845,00
22.10.2015;11,15;11,21;11,10;11,19;3190,00
23.10.2015;11,19;11,28;11,11;11,27;5587,00
26.10.2015;11,27;11,30;11,19;11,24;4997,00
27.10.2015;11,19;11,27;11,01;11,14;4734,00
28.10.2015;11,15;11,19;11,01;11,02;3829,00
29.10.2015;11,10;11,10;11,02;11,03;4824,00
30.10.2015;11,01;11,09;10,90;10,97;4756,00
02.11.2015;10,92;11,02;10,92;10,94;4993,00
03.11.2015;10,96;11,10;10,96;10,97;8167,00
04.11.2015;10,97;11,06;10,94;10,94;11029,00
05.11.2015;10,94;11,10;10,92;11,03;8192,00
06.11.2015;11,05;11,10;11,00;11,00;7461,00
09.11.2015;11,05;11,09;11,00;11,05;8300,00
10.11.2015;11,08;11,10;11,05;11,08;7073,00
11.11.2015;11,10;11,10;10,99;11,10;8029,00
12.11.2015;11,10;11,10;10,97;11,00;7289,00
13.11.2015;11,00;11,10;11,00;11,04;3896,00
16.11.2015;11,04;11,04;10,70;10,93;8801,00
17.11.2015;10,93;10,93;10,22;10,22;122741,00
18.11.2015;10,30;10,40;10,21;10,21;22819,00
19.11.2015;10,21;10,25;10,17;10,17;36141,00
20.11.2015;10,18;10,25;9,80;10,16;16144,00
23.11.2015;10,16;10,19;10,09;10,11;25106,00
24.11.2015;10,18;10,18;10,06;10,11;28537,00
25.11.2015;10,11;10,25;10,11;10,24;23987,00
26.11.2015;10,25;10,31;10,20;10,23;124710,00
27.11.2015;10,25;10,25;10,14;10,19;120319,00
30.11.2015;10,20;10,20;10,13;10,15;178738,00
01.12.2015;10,17;10,18;10,08;10,11;330140,00
02.12.2015;10,15;10,18;10,03;10,14;50576,00
03.12.2015;10,19;10,19;10,10;10,10;32506,00
04.12.2015;10,15;10,15;10,03;10,05;47535,00
07.12.2015;10,07;10,21;10,07;10,12;20336,00
08.12.2015;10,16;10,19;10,02;10,02;17355,00
09.12.2015;10,02;10,03;9,92;9,94;33564,00
10.12.2015;10,00;10,04;9,93;10,02;6998,00
11.12.2015;10,10;10,10;9,80;9,83;30356,00
14.12.2015;10,00;10,00;9,76;9,76;23730,00
15.12.2015;9,84;10,00;9,78;10,00;19193,00
16.12.2015;10,10;10,13;10,00;10,07;22321,00
17.12.2015;10,20;10,20;10,10;10,15;21034,00
18.12.2015;10,16;10,39;10,10;10,39;47772,00
21.12.2015;10,37;10,37;10,20;10,24;81965,00
22.12.2015;10,24;10,35;10,20;10,35;29380,00
23.12.2015;10,35;10,38;10,31;10,35;11035,00
28.12.2015;10,33;10,40;10,26;10,39;21841,00
29.12.2015;10,40;10,47;10,35;10,44;18600,00
30.12.2015;10,41;10,50;10,31;10,31;16063,00
04.01.2016;10,25;10,25;10,09;10,12;27197,00
05.01.2016;10,12;10,26;10,12;10,26;10219,00
07.01.2016;10,26;10,26;9,90;10,00;30755,00
08.01.2016;10,01;10,26;10,01;10,05;8933,00
11.01.2016;10,03;10,19;10,00;10,02;8914,00
12.01.2016;10,02;10,15;10,02;10,10;4721,00
13.01.2016;10,14;10,18;10,06;10,15;201437,00
14.01.2016;10,11;10,11;9,94;10,03;19566,00
15.01.2016;10,05;10,08;9,81;9,92;109568,00
18.01.2016;9,99;10,02;9,65;9,71;22319,00
19.01.2016;9,99;9,99;9,70;9,76;20323,00
20.01.2016;9,76;9,76;9,61;9,64;15638,00
21.01.2016;9,60;9,80;9,60;9,80;10273,00
22.01.2016;9,90;9,95;9,90;9,94;6758,00
25.01.2016;9,96;10,00;9,91;9,98;19522,00
26.01.2016;9,93;10,14;9,91;10,14;25980,00
27.01.2016;10,01;10,15;10,01;10,14;23779,00
28.01.2016;10,15;10,16;10,00;10,04;13778,00
29.01.2016;10,07;10,10;9,98;10,06;32043,00
01.02.2016;10,09;10,13;10,00;10,00;64483,00
02.02.2016;10,05;10,10;9,98;9,98;12815,00
03.02.2016;9,98;10,00;9,90;9,99;16120,00
04.02.2016;10,00;10,10;9,86;9,96;21471,00
05.02.2016;9,96;10,10;9,91;9,95;11526,00
08.02.2016;10,09;10,09;9,81;9,85;6169,00
09.02.2016;9,80;9,80;9,51;9,51;16632,00
10.02.2016;9,55;9,58;9,46;9,52;11156,00
11.02.2016;9,52;9,52;9,16;9,45;7522,00
12.02.2016;9,19;9,28;9,06;9,24;21690,00
15.02.2016;9,25;9,25;8,95;9,04;45923,00
16.02.2016;9,03;9,07;8,80;8,85;25543,00
17.02.2016;8,86;9,00;8,86;8,96;15182,00
18.02.2016;9,00;9,09;8,93;9,04;23363,00
19.02.2016;9,10;9,10;9,00;9,04;10573,00
22.02.2016;9,09;9,15;9,05;9,10;12157,00
23.02.2016;9,10;9,15;9,04;9,04;8154,00
24.02.2016;9,10;9,10;9,01;9,04;12041,00
25.02.2016;9,05;9,08;8,97;9,08;4529,00
26.02.2016;9,02;9,06;8,91;8,96;24772,00
29.02.2016;8,96;9,04;8,93;9,01;12837,00
01.03.2016;9,01;9,11;8,97;9,11;32913,00
02.03.2016;9,14;9,26;9,05;9,05;31148,00
03.03.2016;9,08;9,17;9,08;9,15;13565,00
04.03.2016;9,15;9,24;9,12;9,24;12993,00
07.03.2016;9,24;9,26;9,17;9,22;17214,00
08.03.2016;9,21;9,34;9,19;9,23;10982,00
09.03.2016;9,25;9,39;9,25;9,28;14372,00
10.03.2016;9,28;9,36;9,21;9,28;19807,00
11.03.2016;9,31;9,44;9,31;9,36;12932,00
14.03.2016;9,40;9,50;9,35;9,50;17235,00
15.03.2016;9,50;9,71;9,46;9,63;9205,00
16.03.2016;9,77;9,77;9,51;9,52;18648,00
17.03.2016;9,51;9,62;9,47;9,48;6284,00
18.03.2016;9,50;9,69;9,50;9,60;23832,00
21.03.2016;9,76;9,82;9,70;9,82;6664,00
22.03.2016;9,81;9,81;9,63;9,65;8783,00
23.03.2016;9,70;9,78;9,68;9,73;23287,00
24.03.2016;9,70;9,72;9,55;9,59;11781,00
29.03.2016;9,72;9,80;9,64;9,77;13305,00
30.03.2016;9,80;9,99;9,79;9,85;17994,00
31.03.2016;9,95;9,95;9,79;9,82;10631,00
01.04.2016;9,82;9,98;9,82;9,95;11755,00
04.04.2016;9,98;9,98;9,85;9,93;10714,00
05.04.2016;9,86;9,95;9,80;9,80;8092,00
06.04.2016;9,85;9,87;9,76;9,79;8100,00
07.04.2016;9,82;9,86;9,70;9,70;15211,00
08.04.2016;9,85;9,96;9,78;9,96;114979,00
11.04.2016;9,99;10,00;9,80;9,99;39845,00
12.04.2016;10,00;10,00;9,95;10,00;30722,00
13.04.2016;9,33;9,34;9,16;9,33;31157,00
14.04.2016;9,50;9,50;9,38;9,40;7341,00
15.04.2016;9,40;9,40;9,24;9,27;12744,00
18.04.2016;9,20;9,22;8,98;9,00;32883,00
19.04.2016;9,02;9,07;9,00;9,03;37578,00
20.04.2016;9,02;9,05;8,93;9,00;16318,00
21.04.2016;9,00;9,00;8,75;8,92;63064,00
22.04.2016;8,92;8,97;8,80;8,97;8967,00
25.04.2016;9,00;9,00;8,89;8,99;8757,00
26.04.2016;8,70;8,95;8,70;8,87;9564,00
27.04.2016;8,99;9,00;8,90;8,95;7677,00
28.04.2016;9,00;9,00;8,87;8,99;6737,00
29.04.2016;8,99;8,99;8,76;8,77;87055,00
02.05.2016;8,77;8,84;8,70;8,75;9349,00
03.05.2016;8,76;8,77;8,67;8,75;8058,00
04.05.2016;8,63;8,66;8,38;8,43;25196,00
06.05.2016;8,50;8,60;8,48;8,59;8042,00
09.05.2016;8,43;8,67;8,43;8,43;11090,00
10.05.2016;8,45;8,67;8,45;8,64;15407,00
11.05.2016;8,46;8,70;8,46;8,70;10642,00
12.05.2016;8,69;8,70;8,50;8,50;14639,00
13.05.2016;8,50;8,53;8,27;8,46;18373,00
16.05.2016;8,44;8,45;8,35;8,35;5557,00
17.05.2016;8,35;8,45;8,23;8,33;12066,00
18.05.2016;8,32;8,33;8,24;8,33;9624,00
19.05.2016;8,30;8,35;8,20;8,35;19091,00
20.05.2016;8,35;8,37;8,27;8,32;9559,00
23.05.2016;8,40;8,40;8,18;8,18;27471,00
24.05.2016;8,24;8,24;8,15;8,17;39468,00
25.05.2016;8,23;8,33;8,20;8,31;24707,00
26.05.2016;8,31;8,39;8,28;8,30;17576,00
27.05.2016;8,28;8,32;8,23;8,25;22621,00
30.05.2016;8,33;8,33;8,15;8,25;27343,00
31.05.2016;8,27;8,29;8,24;8,24;22371,00
01.06.2016;8,23;8,24;8,20;8,23;33201,00
02.06.2016;8,24;8,24;8,18;8,22;18713,00
03.06.2016;8,24;8,28;8,20;8,28;16104,00
06.06.2016;8,30;8,35;8,26;8,32;26287,00
07.06.2016;8,34;8,49;8,29;8,42;22471,00
08.06.2016;8,42;8,45;8,36;8,38;10548,00
09.06.2016;8,40;8,40;8,20;8,26;24459,00
10.06.2016;8,29;8,29;8,22;8,28;27715,00
13.06.2016;8,29;8,29;8,05;8,15;44452,00
14.06.2016;8,25;8,25;7,94;7,99;34746,00
15.06.2016;8,00;8,03;7,96;8,00;24279,00
16.06.2016;8,00;8,00;7,88;7,90;21835,00
17.06.2016;7,93;8,12;7,70;7,70;55070,00
20.06.2016;8,04;8,11;7,93;8,04;22766,00
21.06.2016;8,08;8,14;8,05;8,09;20170,00
22.06.2016;8,15;8,23;8,12;8,21;35795,00
23.06.2016;8,21;8,21;8,02;8,20;20860,00
27.06.2016;7,70;8,05;7,70;7,93;71965,00
28.06.2016;8,02;8,07;7,99;8,05;15134,00
29.06.2016;8,10;8,23;8,10;8,15;13199,00
30.06.2016;8,15;8,25;8,15;8,19;9963,00
01.07.2016;8,21;8,28;8,20;8,20;17176,00
04.07.2016;8,20;8,22;8,08;8,12;20191,00
05.07.2016;8,15;8,22;8,11;8,12;25100,00
06.07.2016;8,12;8,12;8,01;8,08;13147,00
07.07.2016;8,13;8,23;8,13;8,20;14144,00
08.07.2016;8,23;8,26;8,23;8,24;7798,00
11.07.2016;8,27;8,41;8,27;8,32;16006,00
12.07.2016;8,35;8,41;8,35;8,38;13640,00
13.07.2016;8,37;8,43;8,35;8,35;13433,00
14.07.2016;8,36;8,46;8,36;8,40;6953,00
15.07.2016;8,40;8,50;8,39;8,46;25058,00
18.07.2016;8,47;8,70;8,47;8,67;30787,00
19.07.2016;8,68;8,68;8,59;8,59;8991,00
20.07.2016;8,69;8,70;8,63;8,66;10696,00
21.07.2016;8,70;8,80;8,65;8,72;21361,00
22.07.2016;8,80;8,80;8,70;8,70;9045,00
25.07.2016;8,77;8,82;8,73;8,73;9805,00
26.07.2016;8,73;8,81;8,70;8,70;8291,00
27.07.2016;8,70;8,78;8,70;8,71;5292,00
28.07.2016;8,75;8,76;8,70;8,70;4370,00
29.07.2016;8,67;8,76;8,67;8,71;12730,00
01.08.2016;8,74;8,80;8,73;8,77;12880,00
02.08.2016;8,73;8,77;8,60;8,68;12252,00
03.08.2016;8,68;8,76;8,64;8,69;15159,00
04.08.2016;8,71;8,75;8,67;8,75;9757,00
05.08.2016;8,70;8,88;8,70;8,87;13010,00
08.08.2016;8,88;8,93;8,85;8,89;16660,00
09.08.2016;8,92;8,95;8,83;8,90;22009,00
10.08.2016;8,96;8,96;8,73;8,78;23762,00
11.08.2016;8,86;8,86;8,78;8,80;17934,00
12.08.2016;8,81;8,90;8,80;8,90;105486,00
15.08.2016;9,00;9,10;8,96;9,04;22013,00
16.08.2016;9,08;9,10;8,95;8,99;42934,00
17.08.2016;8,95;8,95;8,85;8,85;7188,00
18.08.2016;8,90;8,93;8,85;8,86;9721,00
19.08.2016;8,86;8,90;8,80;8,88;9744,00
22.08.2016;8,95;8,95;8,85;8,88;13071,00
23.08.2016;8,94;9,04;8,89;9,02;19926,00
24.08.2016;9,00;9,10;9,00;9,09;10836,00
25.08.2016;9,10;9,20;9,09;9,19;27756,00
26.08.2016;9,21;9,30;9,20;9,27;11322,00
29.08.2016;9,37;9,37;9,24;9,33;12862,00
30.08.2016;9,37;9,68;9,36;9,55;36127,00
31.08.2016;9,79;9,84;9,60;9,63;107189,00
01.09.2016;9,63;9,63;9,50;9,51;10132,00
02.09.2016;9,51;9,57;9,47;9,47;11497,00
05.09.2016;9,47;9,56;9,40;9,42;12247,00
06.09.2016;9,45;9,50;9,40;9,41;12013,00
07.09.2016;9,38;9,41;9,21;9,21;15191,00
08.09.2016;9,21;9,38;9,21;9,36;12597,00
09.09.2016;9,41;9,51;9,39;9,40;13015,00
12.09.2016;9,40;9,41;9,20;9,25;14511,00
13.09.2016;9,28;9,45;9,28;9,29;11248,00
14.09.2016;9,29;9,30;9,11;9,11;8440,00
15.09.2016;9,25;9,36;9,14;9,30;11633,00
16.09.2016;9,30;9,30;9,11;9,21;2312,00
19.09.2016;9,21;9,22;9,12;9,14;9120,00
20.09.2016;9,14;9,25;9,12;9,14;5748,00
21.09.2016;9,20;9,23;9,10;9,10;13740,00
22.09.2016;9,10;9,19;9,10;9,10;8905,00
23.09.2016;9,12;9,15;9,10;9,15;6457,00
26.09.2016;9,15;9,20;9,09;9,13;9882,00
27.09.2016;9,15;9,22;9,12;9,15;7389,00
28.09.2016;9,19;9,29;9,12;9,23;11492,00
29.09.2016;9,22;9,29;9,22;9,25;5970,00
30.09.2016;9,25;9,28;9,00;9,04;25112,00
03.10.2016;9,15;9,21;9,09;9,10;10993,00
04.10.2016;9,15;9,20;9,09;9,20;16774,00
05.10.2016;9,20;9,20;9,12;9,20;9463,00
06.10.2016;9,20;9,25;9,13;9,15;17338,00
07.10.2016;9,10;9,20;9,06;9,09;13870,00
10.10.2016;9,10;9,11;9,07;9,10;15654,00
11.10.2016;9,10;9,25;9,10;9,15;12086,00
12.10.2016;9,20;9,24;9,12;9,12;11213,00
13.10.2016;9,20;9,21;9,10;9,11;7936,00
14.10.2016;9,11;9,26;9,11;9,18;4027,00
17.10.2016;9,18;9,30;9,16;9,22;5857,00
18.10.2016;9,21;9,32;9,20;9,30;10377,00
19.10.2016;9,30;9,32;9,25;9,25;6361,00
20.10.2016;9,26;9,32;9,25;9,30;5155,00
21.10.2016;9,30;9,36;9,30;9,32;4717,00
24.10.2016;9,38;9,38;9,25;9,25;9439,00
25.10.2016;9,25;9,30;9,18;9,19;24937,00
26.10.2016;9,30;9,30;9,20;9,21;10972,00
27.10.2016;9,25;9,27;9,14;9,16;11313,00
28.10.2016;9,20;9,20;9,11;9,19;13102,00
31.10.2016;9,11;9,14;9,06;9,10;10480,00
01.11.2016;9,10;9,18;9,00;9,02;15482,00
02.11.2016;9,00;9,00;8,87;8,94;27619,00
03.11.2016;8,95;9,10;8,91;9,05;10598,00
04.11.2016;9,05;9,10;8,90;8,93;11984,00
07.11.2016;8,90;9,10;8,90;9,08;12542,00
08.11.2016;9,10;9,20;8,98;8,98;11592,00
09.11.2016;8,67;9,15;8,53;9,10;22332,00
10.11.2016;9,15;9,24;9,15;9,18;18684,00
11.11.2016;9,22;9,23;9,15;9,19;8213,00
14.11.2016;9,19;9,19;9,07;9,07;10165,00
15.11.2016;9,16;9,16;9,02;9,07;10407,00
16.11.2016;9,10;9,10;8,97;9,00;25214,00
17.11.2016;9,00;9,07;8,92;9,03;24162,00
18.11.2016;9,07;9,20;9,06;9,08;21053,00
21.11.2016;9,10;9,34;9,10;9,32;98753,00
22.11.2016;9,32;9,55;9,32;9,52;13789,00
