date;open;high;low;close;volume
29.09.2009;9,50;10,00;9,45;9,50;9381,00
30.09.2009;9,49;9,95;9,40;9,40;6285,00
01.10.2009;9,50;9,65;9,50;9,65;3000,00
02.10.2009;9,50;10,35;9,47;10,00;1502,00
05.10.2009;10,99;11,45;10,30;10,30;5851,00
06.10.2009;10,99;10,99;10,00;10,00;7744,00
07.10.2009;10,40;10,50;10,00;10,00;8122,00
08.10.2009;10,45;10,47;10,45;10,47;2043,00
09.10.2009;10,47;10,47;9,95;10,00;22150,00
12.10.2009;10,14;10,14;9,96;10,00;1016,00
13.10.2009;9,91;9,92;9,90;9,92;225,00
14.10.2009;9,90;9,90;9,90;9,90;150,00
15.10.2009;9,99;10,00;9,90;9,90;2430,00
16.10.2009;9,90;9,90;9,90;9,90;0,00
19.10.2009;9,95;9,95;9,95;9,95;26,00
20.10.2009;10,00;10,00;9,90;9,90;850,00
21.10.2009;9,90;9,90;9,70;9,70;6700,00
22.10.2009;9,70;9,70;9,70;9,70;2,00
23.10.2009;9,53;9,53;9,50;9,50;2839,00
26.10.2009;9,42;9,50;9,42;9,50;350,00
27.10.2009;9,50;9,50;9,50;9,50;500,00
28.10.2009;9,15;9,15;9,15;9,15;373,00
29.10.2009;9,13;9,15;9,13;9,15;212,00
30.10.2009;9,15;9,16;9,15;9,16;890,00
02.11.2009;9,40;9,40;9,40;9,40;135,00
03.11.2009;9,49;9,49;9,15;9,15;595,00
04.11.2009;9,48;9,48;9,48;9,48;20,00
05.11.2009;9,44;9,44;9,44;9,44;3,00
06.11.2009;9,43;9,45;9,43;9,45;204,00
09.11.2009;9,85;9,85;9,70;9,70;110,00
10.11.2009;9,55;9,60;9,50;9,50;92541,00
11.11.2009;9,55;9,60;9,50;9,51;21690,00
12.11.2009;9,55;9,55;9,55;9,55;200,00
13.11.2009;9,55;9,55;9,55;9,55;100,00
16.11.2009;9,55;9,55;9,31;9,31;130,00
17.11.2009;9,31;9,31;9,31;9,31;100,00
18.11.2009;9,50;9,50;9,35;9,35;1545,00
19.11.2009;9,50;9,50;9,50;9,50;1400,00
20.11.2009;9,50;9,50;9,31;9,50;377,00
23.11.2009;10,00;10,00;9,30;9,30;25,00
24.11.2009;9,99;9,99;9,99;9,99;200,00
25.11.2009;9,65;9,65;9,65;9,65;5,00
26.11.2009;9,50;9,50;9,50;9,50;30,00
27.11.2009;9,50;9,50;9,50;9,50;0,00
30.11.2009;9,90;9,90;9,90;9,90;5,00
01.12.2009;9,90;9,90;9,90;9,90;0,00
02.12.2009;9,20;9,50;9,20;9,50;330,00
03.12.2009;9,70;9,70;9,70;9,70;200,00
04.12.2009;9,80;9,80;9,70;9,70;223,00
07.12.2009;9,70;9,70;9,70;9,70;0,00
08.12.2009;9,70;9,70;9,70;9,70;0,00
09.12.2009;9,70;9,70;9,70;9,70;0,00
10.12.2009;9,70;9,70;9,70;9,70;0,00
11.12.2009;9,40;9,40;9,40;9,40;100,00
14.12.2009;9,31;9,31;9,31;9,31;500,00
15.12.2009;9,30;9,30;9,20;9,20;176,00
16.12.2009;9,00;9,00;9,00;9,00;0,00
17.12.2009;9,00;9,00;9,00;9,00;218,00
18.12.2009;9,02;9,02;9,00;9,00;487,00
21.12.2009;9,15;9,15;9,15;9,15;100,00
22.12.2009;9,00;9,00;9,00;9,00;200000,00
23.12.2009;9,00;9,00;9,00;9,00;0,00
28.12.2009;9,00;9,00;9,00;9,00;0,00
29.12.2009;9,01;9,30;9,01;9,30;459,00
30.12.2009;9,05;9,35;9,05;9,06;2091,00
04.01.2010;9,35;9,35;9,30;9,30;27,00
05.01.2010;9,00;9,01;9,00;9,01;2230,00
07.01.2010;9,00;9,00;9,00;9,00;250,00
08.01.2010;9,00;9,00;9,00;9,00;0,00
11.01.2010;9,00;9,00;8,95;8,95;380,00
12.01.2010;8,95;9,10;8,86;8,86;345,00
13.01.2010;8,86;9,00;8,86;9,00;220,00
14.01.2010;9,00;9,00;9,00;9,00;0,00
15.01.2010;9,00;9,00;9,00;9,00;0,00
18.01.2010;9,00;9,00;9,00;9,00;150,00
19.01.2010;9,00;9,00;9,00;9,00;0,00
20.01.2010;9,20;9,20;9,20;9,20;463,00
21.01.2010;8,86;9,25;8,86;9,25;7,00
22.01.2010;9,25;9,25;9,25;9,25;0,00
25.01.2010;9,20;9,20;9,20;9,20;50,00
26.01.2010;9,10;9,15;9,10;9,10;22000,00
27.01.2010;9,10;9,10;9,10;9,10;100,00
28.01.2010;9,10;9,10;9,10;9,10;0,00
29.01.2010;8,90;8,90;8,90;8,90;515,00
01.02.2010;8,90;8,90;8,90;8,90;0,00
02.02.2010;9,15;9,15;9,15;9,15;2,00
03.02.2010;9,15;9,15;9,15;9,15;0,00
04.02.2010;9,15;9,15;9,15;9,15;500,00
05.02.2010;8,90;8,90;8,50;8,50;150,00
08.02.2010;8,50;8,50;8,50;8,50;0,00
09.02.2010;8,50;8,50;8,50;8,50;0,00
10.02.2010;8,70;8,70;8,31;8,31;515,00
11.02.2010;8,31;8,31;8,31;8,31;0,00
12.02.2010;8,52;8,52;8,52;8,52;120,00
15.02.2010;8,55;9,20;8,55;9,18;1753,00
16.02.2010;9,18;9,18;9,10;9,10;48,00
17.02.2010;9,10;9,10;9,10;9,10;0,00
18.02.2010;9,10;9,10;9,10;9,10;0,00
19.02.2010;9,00;9,00;9,00;9,00;30,00
22.02.2010;9,00;9,00;9,00;9,00;0,00
23.02.2010;9,05;9,05;9,05;9,05;2,00
24.02.2010;9,05;9,05;9,05;9,05;0,00
25.02.2010;9,05;9,05;9,05;9,05;0,00
26.02.2010;8,52;8,55;8,41;8,51;2925,00
01.03.2010;8,52;9,00;8,52;9,00;930,00
02.03.2010;9,00;9,00;9,00;9,00;0,00
03.03.2010;8,76;8,76;8,76;8,76;133,00
04.03.2010;8,52;8,67;8,52;8,67;330,00
05.03.2010;8,51;8,51;8,46;8,46;1450,00
08.03.2010;8,46;8,46;8,46;8,46;0,00
09.03.2010;8,46;8,46;8,46;8,46;0,00
10.03.2010;8,47;8,47;8,46;8,46;354,00
11.03.2010;8,45;8,50;8,45;8,45;5135,00
12.03.2010;8,45;8,50;8,45;8,50;10859,00
15.03.2010;8,50;8,50;8,50;8,50;6,00
16.03.2010;8,50;8,50;8,50;8,50;500,00
17.03.2010;8,50;8,50;8,50;8,50;0,00
18.03.2010;8,50;8,50;8,50;8,50;330,00
19.03.2010;8,45;8,45;8,40;8,40;182,00
22.03.2010;8,40;8,50;8,40;8,50;27050,00
23.03.2010;8,50;8,50;8,50;8,50;700,00
24.03.2010;8,50;8,50;8,50;8,50;705,00
25.03.2010;8,50;8,50;8,50;8,50;200,00
26.03.2010;7,89;8,10;7,89;8,02;7835,00
29.03.2010;8,29;8,29;8,29;8,29;10,00
30.03.2010;8,29;8,29;8,24;8,25;950,00
31.03.2010;8,03;8,03;7,97;7,97;2588,00
01.04.2010;7,97;8,19;7,97;8,15;495,00
06.04.2010;8,15;8,15;8,15;8,15;38,00
07.04.2010;8,10;8,10;8,05;8,05;350,00
08.04.2010;8,00;8,00;8,00;8,00;50,00
09.04.2010;8,08;8,08;8,00;8,00;158,00
12.04.2010;7,90;7,90;7,90;7,90;100,00
13.04.2010;7,91;7,91;7,91;7,91;50,00
14.04.2010;8,02;8,02;8,02;8,02;100,00
15.04.2010;8,00;8,00;8,00;8,00;1205,00
16.04.2010;8,10;8,10;8,10;8,10;100,00
19.04.2010;8,10;8,10;8,10;8,10;0,00
20.04.2010;7,96;8,00;7,96;8,00;1200,00
21.04.2010;8,00;8,00;8,00;8,00;532,00
22.04.2010;8,00;8,00;8,00;8,00;462,00
23.04.2010;8,09;8,10;8,09;8,10;720,00
26.04.2010;8,15;8,15;8,00;8,00;638,00
27.04.2010;8,00;8,00;8,00;8,00;800,00
28.04.2010;8,15;8,15;8,15;8,15;50,00
29.04.2010;8,15;8,15;8,15;8,15;0,00
30.04.2010;8,15;8,15;8,15;8,15;0,00
03.05.2010;8,05;8,05;8,05;8,05;500,00
04.05.2010;8,04;8,04;8,04;8,04;700,00
05.05.2010;8,04;8,05;8,04;8,05;13900,00
06.05.2010;8,00;8,05;8,00;8,05;1180,00
07.05.2010;8,00;8,04;8,00;8,04;800,00
10.05.2010;8,00;8,10;8,00;8,10;720,00
11.05.2010;8,04;8,04;8,04;8,04;75,00
12.05.2010;8,04;8,10;8,04;8,10;145,00
14.05.2010;8,10;8,10;8,04;8,04;765,00
17.05.2010;8,04;8,04;8,04;8,04;0,00
18.05.2010;8,04;8,04;8,04;8,04;0,00
19.05.2010;8,04;8,04;8,04;8,04;0,00
20.05.2010;8,04;8,04;8,04;8,04;300,00
21.05.2010;8,04;8,04;8,04;8,04;137,00
24.05.2010;8,04;8,04;8,04;8,04;0,00
25.05.2010;8,04;8,04;8,04;8,04;0,00
26.05.2010;8,10;8,10;8,10;8,10;1000,00
27.05.2010;8,10;8,10;8,10;8,10;0,00
28.05.2010;8,10;8,10;8,10;8,10;100,00
31.05.2010;8,10;8,10;8,10;8,10;60,00
01.06.2010;8,10;8,10;8,10;8,10;0,00
02.06.2010;8,10;8,10;8,10;8,10;0,00
03.06.2010;8,10;8,10;8,10;8,10;0,00
04.06.2010;8,10;8,10;8,10;8,10;0,00
07.06.2010;8,10;8,10;8,10;8,10;0,00
08.06.2010;8,10;8,10;8,10;8,10;0,00
09.06.2010;8,10;8,10;8,10;8,10;0,00
10.06.2010;8,10;8,10;8,10;8,10;4,00
11.06.2010;8,10;8,10;8,10;8,10;0,00
14.06.2010;8,10;8,10;8,10;8,10;0,00
15.06.2010;8,10;8,10;8,10;8,10;0,00
16.06.2010;8,10;8,10;8,10;8,10;600,00
17.06.2010;8,10;8,10;8,10;8,10;555,00
18.06.2010;8,10;8,10;8,10;8,10;0,00
21.06.2010;8,10;8,10;8,10;8,10;0,00
22.06.2010;8,40;8,40;8,40;8,40;700,00
23.06.2010;8,20;8,20;8,20;8,20;19388,00
24.06.2010;8,20;8,20;8,20;8,20;0,00
28.06.2010;8,20;8,20;8,20;8,20;0,00
29.06.2010;8,20;8,20;8,20;8,20;0,00
30.06.2010;8,20;8,20;8,20;8,20;0,00
01.07.2010;8,20;8,20;8,20;8,20;0,00
02.07.2010;8,20;8,20;8,20;8,20;0,00
05.07.2010;8,20;8,20;8,20;8,20;0,00
06.07.2010;8,20;8,20;8,20;8,20;1957,00
07.07.2010;8,20;8,20;8,20;8,20;0,00
08.07.2010;8,20;8,20;8,20;8,20;0,00
09.07.2010;8,20;8,20;8,20;8,20;0,00
12.07.2010;8,40;8,40;8,40;8,40;268,00
13.07.2010;8,40;8,40;8,40;8,40;0,00
14.07.2010;8,40;8,40;8,40;8,40;0,00
15.07.2010;8,40;8,40;8,40;8,40;0,00
16.07.2010;8,40;8,40;8,40;8,40;0,00
19.07.2010;8,40;8,40;8,40;8,40;0,00
20.07.2010;8,40;8,40;8,40;8,40;0,00
21.07.2010;8,40;8,40;8,40;8,40;32,00
22.07.2010;8,40;8,40;8,40;8,40;0,00
23.07.2010;8,40;8,40;8,40;8,40;218,00
26.07.2010;8,40;8,40;8,40;8,40;0,00
27.07.2010;8,40;8,40;8,40;8,40;0,00
28.07.2010;8,40;8,40;8,40;8,40;0,00
29.07.2010;8,40;8,40;8,40;8,40;0,00
30.07.2010;8,40;8,40;8,40;8,40;0,00
02.08.2010;8,40;8,40;8,40;8,40;300,00
03.08.2010;8,40;8,40;8,40;8,40;0,00
04.08.2010;8,40;8,40;8,40;8,40;0,00
05.08.2010;8,40;8,40;8,40;8,40;0,00
06.08.2010;8,50;8,50;8,45;8,45;120,00
09.08.2010;8,45;8,45;8,45;8,45;0,00
10.08.2010;8,25;8,25;8,25;8,25;60,00
11.08.2010;8,25;8,25;8,25;8,25;0,00
12.08.2010;8,25;8,25;8,25;8,25;0,00
13.08.2010;8,25;8,25;8,25;8,25;0,00
16.08.2010;8,30;8,30;8,30;8,30;1370,00
17.08.2010;8,30;8,65;8,30;8,30;1855,00
18.08.2010;8,30;8,30;8,30;8,30;0,00
19.08.2010;8,20;8,60;8,20;8,60;160,00
20.08.2010;8,22;8,22;8,22;8,22;236,00
23.08.2010;8,64;8,64;8,50;8,64;188,00
24.08.2010;8,50;8,50;8,50;8,50;50,00
25.08.2010;8,50;8,50;8,50;8,50;0,00
26.08.2010;8,65;8,65;8,60;8,60;55,00
27.08.2010;8,45;8,45;8,45;8,45;45,00
30.08.2010;8,60;8,60;8,20;8,25;1840,00
31.08.2010;8,20;8,30;8,20;8,20;33729,00
01.09.2010;8,20;8,25;8,20;8,25;5025,00
02.09.2010;8,25;8,25;8,25;8,25;0,00
03.09.2010;8,25;8,25;8,25;8,25;0,00
06.09.2010;8,10;8,25;8,10;8,25;60,00
07.09.2010;8,25;8,25;8,25;8,25;0,00
08.09.2010;8,15;8,15;8,15;8,15;50,00
09.09.2010;8,15;8,15;8,15;8,15;1,00
10.09.2010;8,25;8,25;8,25;8,25;350,00
13.09.2010;8,10;8,20;8,10;8,20;40482,00
14.09.2010;8,10;8,10;8,00;8,00;400,00
15.09.2010;8,00;8,00;8,00;8,00;0,00
16.09.2010;8,00;8,00;8,00;8,00;0,00
17.09.2010;8,00;8,00;8,00;8,00;0,00
20.09.2010;8,00;8,00;8,00;8,00;0,00
21.09.2010;8,21;8,21;8,21;8,21;208,00
22.09.2010;8,25;8,25;8,25;8,25;378,00
23.09.2010;8,21;8,21;8,20;8,20;700,00
24.09.2010;8,20;8,20;8,20;8,20;50,00
27.09.2010;8,20;8,20;8,20;8,20;0,00
28.09.2010;8,20;8,20;8,20;8,20;0,00
29.09.2010;8,20;8,78;8,20;8,78;529,00
30.09.2010;8,78;8,78;8,78;8,78;0,00
01.10.2010;8,78;8,78;8,78;8,78;0,00
04.10.2010;8,78;8,78;8,78;8,78;0,00
05.10.2010;8,21;8,21;8,21;8,21;20,00
06.10.2010;8,21;8,21;8,21;8,21;0,00
07.10.2010;8,22;8,22;8,22;8,22;180,00
08.10.2010;8,22;8,22;8,22;8,22;0,00
11.10.2010;8,22;8,22;8,22;8,22;0,00
12.10.2010;8,24;8,24;8,24;8,24;640,00
13.10.2010;8,24;8,24;8,24;8,24;0,00
14.10.2010;8,24;8,24;8,24;8,24;0,00
15.10.2010;8,24;8,24;8,24;8,24;0,00
18.10.2010;8,24;8,24;8,24;8,24;0,00
19.10.2010;8,24;8,24;8,24;8,24;0,00
20.10.2010;8,57;8,57;8,27;8,27;740,00
21.10.2010;8,25;8,25;8,24;8,24;556,00
22.10.2010;8,29;8,29;8,29;8,29;300,00
25.10.2010;8,30;8,30;8,29;8,29;1312,00
26.10.2010;8,29;8,29;8,29;8,29;0,00
27.10.2010;8,54;8,60;8,54;8,60;5000,00
28.10.2010;8,59;8,70;8,59;8,70;1050,00
29.10.2010;8,70;8,70;8,70;8,70;35,00
01.11.2010;8,70;8,70;8,70;8,70;0,00
02.11.2010;8,70;8,70;8,70;8,70;0,00
03.11.2010;8,70;8,70;8,70;8,70;0,00
04.11.2010;8,60;8,60;8,60;8,60;1843,00
05.11.2010;8,60;8,60;8,60;8,60;0,00
08.11.2010;8,60;8,60;8,60;8,60;0,00
09.11.2010;8,70;8,70;8,60;8,60;169,00
10.11.2010;8,60;8,60;8,60;8,60;153,00
11.11.2010;8,60;8,60;8,60;8,60;0,00
12.11.2010;8,60;8,60;8,60;8,60;0,00
15.11.2010;8,30;8,30;8,10;8,10;5616,00
16.11.2010;8,10;8,10;8,10;8,10;0,00
17.11.2010;8,10;8,10;8,10;8,10;0,00
18.11.2010;8,26;8,27;8,25;8,26;2668,00
19.11.2010;8,26;8,26;8,25;8,25;200,00
22.11.2010;8,25;8,25;8,25;8,25;0,00
23.11.2010;8,25;8,25;8,25;8,25;0,00
24.11.2010;8,25;8,25;8,25;8,25;0,00
25.11.2010;8,25;8,25;8,24;8,25;31768,00
26.11.2010;8,25;8,25;8,25;8,25;0,00
29.11.2010;8,25;8,25;8,25;8,25;0,00
30.11.2010;8,28;8,69;8,28;8,69;197,00
01.12.2010;8,69;8,69;8,69;8,69;0,00
02.12.2010;8,32;8,32;8,30;8,32;738,00
03.12.2010;8,66;8,66;8,66;8,66;10,00
07.12.2010;8,66;8,66;8,66;8,66;0,00
08.12.2010;8,66;8,66;8,66;8,66;0,00
09.12.2010;8,66;8,66;8,66;8,66;0,00
10.12.2010;8,66;8,66;8,66;8,66;0,00
13.12.2010;8,66;8,66;8,66;8,66;0,00
14.12.2010;8,66;8,66;8,66;8,66;0,00
15.12.2010;8,66;8,66;8,66;8,66;0,00
16.12.2010;8,32;8,32;8,32;8,32;113,00
17.12.2010;8,50;8,68;8,50;8,68;100,00
20.12.2010;8,66;8,66;8,66;8,66;10,00
21.12.2010;8,66;8,66;8,66;8,66;0,00
22.12.2010;8,36;8,49;8,36;8,49;660,00
23.12.2010;8,64;8,64;8,49;8,49;70,00
27.12.2010;8,40;8,40;8,40;8,40;580,00
28.12.2010;8,40;8,40;8,40;8,40;100,00
29.12.2010;8,43;8,43;8,43;8,43;300,00
30.12.2010;8,51;8,51;8,50;8,50;100,00
03.01.2011;8,64;8,64;8,64;8,64;100,00
04.01.2011;8,50;8,50;8,50;8,50;90138,00
05.01.2011;8,50;8,50;8,50;8,50;10,00
07.01.2011;8,50;8,50;8,50;8,50;0,00
10.01.2011;8,50;8,50;8,50;8,50;252,00
11.01.2011;8,60;8,67;8,60;8,67;1429,00
12.01.2011;8,67;8,67;8,67;8,67;0,00
13.01.2011;8,80;8,80;8,80;8,80;100,00
14.01.2011;8,80;8,80;8,80;8,80;0,00
17.01.2011;8,80;8,80;8,80;8,80;0,00
18.01.2011;8,80;8,80;8,80;8,80;0,00
19.01.2011;8,80;8,80;8,80;8,80;0,00
20.01.2011;8,80;8,80;8,80;8,80;0,00
21.01.2011;8,80;8,80;8,80;8,80;0,00
24.01.2011;9,00;9,00;8,85;8,85;210,00
25.01.2011;8,85;8,85;8,85;8,85;0,00
26.01.2011;8,85;8,85;8,85;8,85;0,00
27.01.2011;8,85;8,85;8,85;8,85;300,00
28.01.2011;8,85;9,14;8,85;9,14;810,00
31.01.2011;9,14;9,14;9,14;9,14;0,00
01.02.2011;9,15;9,15;9,15;9,15;400,00
02.02.2011;9,15;9,15;9,15;9,15;0,00
03.02.2011;9,15;9,15;9,15;9,15;0,00
04.02.2011;9,15;9,15;9,15;9,15;0,00
07.02.2011;9,15;9,15;9,15;9,15;0,00
08.02.2011;9,15;9,15;9,15;9,15;0,00
09.02.2011;9,15;9,15;9,15;9,15;0,00
10.02.2011;9,15;9,15;9,15;9,15;0,00
11.02.2011;8,75;8,75;8,75;8,75;250,00
14.02.2011;8,65;8,65;8,21;8,34;1168,00
15.02.2011;8,55;8,55;8,55;8,55;200,00
16.02.2011;8,45;8,55;8,45;8,55;607,00
17.02.2011;9,15;9,15;8,39;8,39;969,00
18.02.2011;9,15;9,15;9,12;9,14;383,00
21.02.2011;8,38;8,42;8,38;8,42;524,00
22.02.2011;9,00;9,01;9,00;9,01;543,00
23.02.2011;9,01;9,01;9,01;9,01;0,00
24.02.2011;9,05;9,05;9,05;9,05;33,00
25.02.2011;9,05;9,05;9,05;9,05;0,00
28.02.2011;9,05;9,05;9,05;9,05;0,00
01.03.2011;9,05;9,05;9,05;9,05;0,00
02.03.2011;9,05;9,05;9,05;9,05;0,00
03.03.2011;8,43;8,43;8,43;8,43;100,00
04.03.2011;8,43;8,43;8,43;8,43;0,00
07.03.2011;8,43;8,43;8,43;8,43;0,00
08.03.2011;9,10;9,10;9,10;9,10;180,00
09.03.2011;9,10;9,10;9,10;9,10;0,00
10.03.2011;9,10;9,10;9,10;9,10;0,00
11.03.2011;8,57;8,57;8,50;8,50;1234,00
14.03.2011;8,50;8,50;8,50;8,50;1312,00
15.03.2011;8,50;8,50;8,50;8,50;0,00
16.03.2011;8,50;8,50;8,50;8,50;0,00
17.03.2011;8,50;8,50;8,50;8,50;0,00
18.03.2011;8,50;8,50;8,50;8,50;0,00
21.03.2011;8,50;8,50;8,50;8,50;0,00
22.03.2011;8,50;8,50;8,50;8,50;0,00
23.03.2011;8,50;8,50;8,50;8,50;0,00
24.03.2011;8,70;8,70;8,70;8,70;50,00
25.03.2011;8,70;8,70;8,70;8,70;0,00
28.03.2011;8,70;8,70;8,70;8,70;0,00
29.03.2011;8,70;8,70;8,70;8,70;0,00
30.03.2011;8,70;8,70;8,70;8,70;0,00
31.03.2011;8,96;8,96;8,95;8,95;120,00
01.04.2011;8,95;8,95;8,95;8,95;0,00
04.04.2011;8,70;8,70;8,70;8,70;100,00
05.04.2011;8,70;8,75;8,69;8,75;11792,00
06.04.2011;8,70;8,70;8,50;8,50;9570,00
07.04.2011;8,50;8,50;8,50;8,50;150,00
08.04.2011;8,50;8,50;8,50;8,50;0,00
11.04.2011;8,50;8,50;8,50;8,50;0,00
12.04.2011;8,50;8,50;8,50;8,50;0,00
13.04.2011;8,70;8,70;8,70;8,70;15000,00
14.04.2011;8,70;8,70;8,70;8,70;0,00
15.04.2011;8,80;8,80;8,40;8,40;512,00
18.04.2011;8,40;8,40;8,40;8,40;160,00
19.04.2011;8,40;8,40;8,40;8,40;0,00
20.04.2011;8,40;8,40;8,40;8,40;0,00
21.04.2011;8,40;8,40;8,40;8,40;0,00
26.04.2011;8,40;8,40;8,40;8,40;0,00
27.04.2011;8,60;8,60;8,60;8,60;20000,00
28.04.2011;8,60;8,60;8,60;8,60;0,00
29.04.2011;8,98;8,99;8,98;8,99;40,00
02.05.2011;8,99;8,99;8,99;8,99;15,00
03.05.2011;8,99;8,99;8,99;8,99;0,00
04.05.2011;8,99;8,99;8,99;8,99;0,00
05.05.2011;8,99;8,99;8,99;8,99;0,00
06.05.2011;8,99;8,99;8,99;8,99;0,00
09.05.2011;8,50;8,50;8,50;8,50;825,00
10.05.2011;8,50;8,50;8,50;8,50;0,00
11.05.2011;8,50;8,50;8,50;8,50;0,00
12.05.2011;8,50;8,50;8,50;8,50;0,00
13.05.2011;8,61;8,61;8,59;8,59;988,00
16.05.2011;8,91;8,91;8,91;8,91;96,00
17.05.2011;8,91;8,91;8,91;8,91;0,00
18.05.2011;8,91;8,91;8,91;8,91;0,00
19.05.2011;8,40;8,40;8,40;8,40;80,00
20.05.2011;8,60;8,60;8,60;8,60;75327,00
23.05.2011;8,60;8,60;8,60;8,60;0,00
24.05.2011;8,60;8,60;8,60;8,60;0,00
25.05.2011;8,60;8,60;8,60;8,60;0,00
26.05.2011;9,00;9,00;9,00;9,00;500,00
27.05.2011;9,00;9,00;9,00;9,00;0,00
30.05.2011;9,00;9,00;9,00;9,00;0,00
31.05.2011;9,00;9,00;9,00;9,00;0,00
01.06.2011;9,00;9,00;9,00;9,00;0,00
03.06.2011;8,78;8,78;8,78;8,78;30,00
06.06.2011;8,78;8,78;8,78;8,78;0,00
07.06.2011;8,78;8,78;8,78;8,78;0,00
08.06.2011;8,78;8,78;8,78;8,78;0,00
09.06.2011;8,78;8,78;8,78;8,78;0,00
10.06.2011;8,78;8,78;8,78;8,78;0,00
13.06.2011;8,78;8,78;8,78;8,78;0,00
14.06.2011;8,78;8,78;8,78;8,78;0,00
15.06.2011;8,35;8,35;8,35;8,35;52,00
16.06.2011;8,35;8,35;8,35;8,35;0,00
17.06.2011;8,35;8,35;8,35;8,35;0,00
20.06.2011;8,35;8,35;8,35;8,35;700,00
21.06.2011;8,35;8,35;8,35;8,35;1248,00
22.06.2011;8,35;8,35;8,35;8,35;0,00
23.06.2011;8,35;8,35;8,35;8,35;0,00
27.06.2011;8,35;8,35;8,35;8,35;0,00
28.06.2011;8,35;8,35;8,35;8,35;0,00
29.06.2011;8,35;8,35;8,35;8,35;0,00
30.06.2011;8,71;8,78;8,71;8,78;10610,00
01.07.2011;8,70;8,70;8,70;8,70;32677,00
04.07.2011;8,70;8,70;8,70;8,70;0,00
05.07.2011;8,70;8,70;8,70;8,70;0,00
06.07.2011;8,70;8,70;8,70;8,70;0,00
07.07.2011;8,70;8,70;8,70;8,70;0,00
08.07.2011;8,70;8,70;8,70;8,70;0,00
11.07.2011;8,70;8,70;8,70;8,70;0,00
12.07.2011;8,70;8,70;8,70;8,70;0,00
13.07.2011;8,70;8,70;8,70;8,70;0,00
14.07.2011;8,70;8,70;8,70;8,70;0,00
15.07.2011;8,70;8,70;8,70;8,70;0,00
18.07.2011;8,70;8,70;8,70;8,70;0,00
19.07.2011;8,70;8,70;8,70;8,70;0,00
20.07.2011;8,30;8,30;8,30;8,30;150,00
21.07.2011;8,30;8,30;8,30;8,30;0,00
22.07.2011;8,30;8,30;8,30;8,30;0,00
25.07.2011;8,30;8,30;8,30;8,30;0,00
26.07.2011;8,36;8,36;8,35;8,35;100,00
27.07.2011;8,35;8,35;8,35;8,35;0,00
28.07.2011;8,35;8,35;8,35;8,35;0,00
29.07.2011;8,35;8,35;8,35;8,35;0,00
01.08.2011;8,35;8,35;8,35;8,35;0,00
02.08.2011;8,35;8,35;8,35;8,35;0,00
03.08.2011;8,35;8,35;8,35;8,35;85,00
04.08.2011;8,35;8,35;8,35;8,35;0,00
05.08.2011;8,35;8,35;8,35;8,35;462,00
08.08.2011;8,35;8,35;8,35;8,35;0,00
09.08.2011;8,15;8,15;8,15;8,15;25,00
10.08.2011;8,15;8,15;8,15;8,15;0,00
11.08.2011;8,15;8,15;8,15;8,15;0,00
12.08.2011;8,15;8,15;8,15;8,15;0,00
15.08.2011;8,15;8,15;8,15;8,15;0,00
16.08.2011;8,15;8,15;8,15;8,15;0,00
17.08.2011;8,15;8,15;8,15;8,15;0,00
18.08.2011;8,15;8,15;8,15;8,15;0,00
19.08.2011;8,15;8,15;8,15;8,15;0,00
22.08.2011;8,15;8,15;8,15;8,15;0,00
23.08.2011;8,15;8,15;8,15;8,15;0,00
24.08.2011;8,15;8,15;8,15;8,15;0,00
25.08.2011;8,15;8,15;8,15;8,15;0,00
26.08.2011;6,93;6,93;6,93;6,93;99,00
29.08.2011;6,93;6,93;6,93;6,93;0,00
30.08.2011;8,10;8,10;8,10;8,10;10000,00
31.08.2011;8,10;8,10;8,10;8,10;4500,00
01.09.2011;8,10;8,10;8,10;8,10;0,00
02.09.2011;8,10;8,10;8,10;8,10;0,00
05.09.2011;8,10;8,10;8,10;8,10;0,00
06.09.2011;8,10;8,10;8,10;8,10;0,00
07.09.2011;8,10;8,10;8,10;8,10;0,00
08.09.2011;8,10;8,10;8,10;8,10;0,00
09.09.2011;8,10;8,10;8,10;8,10;0,00
12.09.2011;8,10;8,10;8,10;8,10;0,00
13.09.2011;8,10;8,10;8,10;8,10;0,00
14.09.2011;8,10;8,10;8,10;8,10;0,00
15.09.2011;8,10;8,10;8,10;8,10;0,00
16.09.2011;8,10;8,10;8,10;8,10;0,00
19.09.2011;8,10;8,10;8,10;8,10;0,00
20.09.2011;8,10;8,10;8,10;8,10;0,00
21.09.2011;8,10;8,10;8,10;8,10;0,00
22.09.2011;8,10;8,10;8,10;8,10;0,00
23.09.2011;8,10;8,10;8,10;8,10;0,00
26.09.2011;8,10;8,10;8,10;8,10;0,00
27.09.2011;8,10;8,10;8,10;8,10;0,00
28.09.2011;8,10;8,10;8,10;8,10;0,00
29.09.2011;8,10;8,10;8,10;8,10;99,00
30.09.2011;8,75;8,75;8,75;8,75;20,00
03.10.2011;8,75;8,75;8,75;8,75;0,00
04.10.2011;8,75;8,75;8,75;8,75;0,00
05.10.2011;8,75;8,75;8,75;8,75;0,00
06.10.2011;8,10;8,10;8,10;8,10;76,00
07.10.2011;8,10;8,10;8,10;8,10;0,00
10.10.2011;8,10;8,10;8,10;8,10;0,00
11.10.2011;8,10;8,10;8,10;8,10;0,00
12.10.2011;8,10;8,10;8,10;8,10;0,00
13.10.2011;8,50;8,50;8,50;8,50;4500,00
14.10.2011;8,75;8,75;8,75;8,75;500,00
17.10.2011;8,75;8,75;8,75;8,75;0,00
18.10.2011;8,50;8,50;8,50;8,50;2500,00
19.10.2011;8,50;8,50;8,50;8,50;0,00
20.10.2011;8,50;8,50;8,50;8,50;0,00
21.10.2011;8,50;8,50;8,50;8,50;0,00
24.10.2011;8,50;8,50;8,50;8,50;0,00
25.10.2011;8,50;8,50;8,50;8,50;0,00
26.10.2011;8,50;8,50;8,50;8,50;0,00
27.10.2011;8,50;8,50;8,50;8,50;0,00
28.10.2011;8,50;8,50;8,50;8,50;0,00
31.10.2011;8,64;8,64;8,60;8,60;62,00
01.11.2011;8,60;8,60;8,60;8,60;0,00
02.11.2011;8,60;8,60;8,60;8,60;0,00
03.11.2011;8,60;8,60;8,60;8,60;0,00
04.11.2011;8,10;8,10;8,10;8,10;126,00
07.11.2011;8,10;8,10;8,10;8,10;0,00
08.11.2011;8,10;8,10;8,10;8,10;0,00
09.11.2011;8,10;8,10;8,10;8,10;0,00
10.11.2011;8,10;8,10;8,10;8,10;0,00
11.11.2011;8,10;8,10;8,10;8,10;0,00
14.11.2011;8,10;8,10;8,10;8,10;0,00
15.11.2011;8,10;8,10;8,10;8,10;0,00
16.11.2011;8,25;8,25;8,25;8,25;250,00
17.11.2011;8,25;8,25;8,25;8,25;650,00
18.11.2011;8,25;8,25;8,25;8,25;131,00
21.11.2011;8,25;8,25;8,25;8,25;287,00
22.11.2011;8,25;8,25;8,25;8,25;0,00
23.11.2011;8,25;8,25;8,25;8,25;0,00
24.11.2011;8,25;8,60;8,00;8,60;15505,00
25.11.2011;8,60;8,60;8,60;8,60;0,00
28.11.2011;8,52;8,52;8,52;8,52;10,00
29.11.2011;8,52;8,52;8,52;8,52;0,00
30.11.2011;8,52;8,52;8,52;8,52;0,00
01.12.2011;8,52;8,52;8,52;8,52;0,00
02.12.2011;8,52;8,52;8,52;8,52;0,00
05.12.2011;8,52;8,52;8,52;8,52;0,00
07.12.2011;8,52;8,52;8,52;8,52;0,00
08.12.2011;8,50;8,50;8,50;8,50;4071,00
09.12.2011;8,50;8,50;8,50;8,50;2011,00
12.12.2011;8,50;8,50;8,50;8,50;0,00
13.12.2011;8,50;8,50;8,50;8,50;0,00
14.12.2011;8,50;8,50;8,50;8,50;0,00
15.12.2011;8,50;8,50;8,50;8,50;0,00
16.12.2011;8,50;8,50;8,50;8,50;0,00
19.12.2011;8,49;8,50;8,49;8,50;200,00
20.12.2011;8,50;8,50;8,50;8,50;0,00
21.12.2011;8,50;8,50;8,50;8,50;0,00
22.12.2011;8,50;8,50;8,50;8,50;0,00
23.12.2011;8,50;8,50;8,50;8,50;0,00
27.12.2011;8,50;8,50;8,50;8,50;0,00
28.12.2011;8,50;8,50;8,50;8,50;0,00
29.12.2011;8,50;8,50;8,50;8,50;0,00
30.12.2011;8,50;8,50;8,50;8,50;1,00
02.01.2012;8,50;8,50;8,50;8,50;0,00
03.01.2012;8,50;8,50;8,50;8,50;0,00
04.01.2012;8,50;8,50;8,50;8,50;0,00
05.01.2012;8,50;8,50;8,50;8,50;0,00
09.01.2012;8,50;8,50;8,50;8,50;0,00
10.01.2012;8,38;8,38;8,38;8,38;13,00
11.01.2012;8,38;8,38;8,38;8,38;0,00
12.01.2012;8,38;8,38;8,38;8,38;0,00
13.01.2012;8,38;8,38;8,38;8,38;0,00
16.01.2012;8,38;8,38;8,38;8,38;0,00
17.01.2012;8,38;8,38;8,38;8,38;39,00
18.01.2012;8,38;8,38;8,38;8,38;0,00
19.01.2012;8,38;8,38;8,38;8,38;0,00
20.01.2012;8,38;8,38;8,38;8,38;0,00
23.01.2012;8,38;8,38;8,38;8,38;0,00
24.01.2012;7,13;7,13;7,13;7,13;52,00
25.01.2012;7,13;7,13;7,13;7,13;0,00
26.01.2012;7,13;7,13;7,13;7,13;0,00
27.01.2012;7,13;7,13;7,13;7,13;0,00
30.01.2012;7,13;7,13;7,13;7,13;0,00
31.01.2012;7,13;7,13;7,13;7,13;0,00
01.02.2012;7,13;7,13;7,13;7,13;0,00
02.02.2012;7,13;7,13;7,13;7,13;0,00
03.02.2012;7,13;7,13;7,13;7,13;0,00
06.02.2012;7,13;7,13;7,13;7,13;0,00
07.02.2012;7,13;7,13;7,13;7,13;0,00
08.02.2012;7,13;7,13;7,13;7,13;0,00
09.02.2012;7,13;7,13;7,13;7,13;0,00
10.02.2012;7,13;7,13;7,13;7,13;0,00
13.02.2012;7,13;7,13;7,13;7,13;0,00
14.02.2012;7,64;7,70;7,64;7,70;75,00
15.02.2012;7,70;8,50;7,70;8,50;315,00
16.02.2012;8,50;8,50;8,50;8,50;0,00
17.02.2012;8,50;8,50;8,50;8,50;0,00
20.02.2012;8,50;8,50;8,50;8,50;0,00
21.02.2012;7,72;7,72;7,70;7,70;222,00
22.02.2012;7,74;7,74;7,74;7,74;50,00
23.02.2012;7,74;7,74;7,74;7,74;0,00
24.02.2012;7,74;7,74;7,74;7,74;0,00
27.02.2012;8,19;8,19;8,19;8,19;1,00
28.02.2012;7,70;7,70;7,70;7,70;5,00
29.02.2012;7,70;7,70;7,70;7,70;0,00
01.03.2012;7,70;7,70;7,70;7,70;0,00
02.03.2012;7,70;7,70;7,70;7,70;0,00
05.03.2012;7,70;7,70;7,70;7,70;5,00
06.03.2012;7,70;7,70;7,70;7,70;0,00
07.03.2012;7,70;7,70;7,70;7,70;0,00
08.03.2012;7,70;7,70;7,70;7,70;0,00
09.03.2012;7,70;7,70;7,70;7,70;0,00
12.03.2012;7,70;7,70;7,70;7,70;0,00
13.03.2012;7,70;7,70;7,70;7,70;0,00
14.03.2012;7,70;7,70;7,70;7,70;0,00
15.03.2012;7,70;7,70;7,70;7,70;0,00
16.03.2012;7,70;7,70;7,70;7,70;200,00
19.03.2012;7,72;7,72;7,72;7,72;2,00
20.03.2012;7,72;7,72;7,72;7,72;0,00
21.03.2012;7,72;7,72;7,72;7,72;0,00
22.03.2012;7,72;7,72;7,72;7,72;0,00
23.03.2012;7,73;7,73;7,73;7,73;10000,00
26.03.2012;7,73;7,73;7,73;7,73;0,00
27.03.2012;7,73;7,73;7,73;7,73;0,00
28.03.2012;7,73;7,73;7,73;7,73;0,00
29.03.2012;7,73;7,73;7,73;7,73;0,00
30.03.2012;7,73;7,73;7,73;7,73;0,00
02.04.2012;7,73;7,73;7,73;7,73;0,00
03.04.2012;7,90;7,90;7,90;7,90;148,00
04.04.2012;8,49;8,50;8,49;8,50;80,00
05.04.2012;8,49;8,49;8,49;8,49;10,00
10.04.2012;8,49;8,49;8,49;8,49;0,00
11.04.2012;8,49;8,49;8,49;8,49;0,00
12.04.2012;8,49;8,49;8,49;8,49;0,00
13.04.2012;8,49;8,50;8,49;8,50;279,00
16.04.2012;8,50;8,50;8,50;8,50;0,00
17.04.2012;8,50;8,50;8,50;8,50;0,00
18.04.2012;8,50;8,50;8,50;8,50;0,00
19.04.2012;8,50;8,50;8,50;8,50;0,00
20.04.2012;7,80;7,80;7,80;7,80;2000,00
23.04.2012;7,80;7,80;7,80;7,80;0,00
24.04.2012;7,80;7,80;7,80;7,80;0,00
25.04.2012;7,80;7,80;7,80;7,80;50,00
26.04.2012;7,80;7,80;7,80;7,80;0,00
27.04.2012;7,80;7,80;7,80;7,80;0,00
30.04.2012;7,80;7,80;7,80;7,80;0,00
02.05.2012;7,80;7,80;7,80;7,80;0,00
03.05.2012;7,80;7,80;7,80;7,80;0,00
04.05.2012;7,50;7,50;7,50;7,50;875,00
07.05.2012;7,51;7,51;7,01;7,03;9601,00
08.05.2012;7,30;7,30;7,30;7,30;150,00
09.05.2012;7,30;7,30;7,30;7,30;0,00
10.05.2012;7,30;7,30;7,30;7,30;0,00
11.05.2012;7,30;7,30;7,30;7,30;0,00
14.05.2012;7,30;7,30;7,30;7,30;0,00
15.05.2012;7,30;7,30;7,30;7,30;0,00
16.05.2012;7,30;7,30;7,30;7,30;0,00
18.05.2012;7,30;7,30;7,30;7,30;0,00
21.05.2012;7,30;7,30;7,30;7,30;0,00
22.05.2012;7,00;7,00;7,00;7,00;150,00
23.05.2012;6,99;6,99;6,99;6,99;90,00
24.05.2012;6,99;6,99;6,99;6,99;0,00
25.05.2012;6,99;6,99;6,99;6,99;0,00
28.05.2012;6,99;6,99;6,99;6,99;0,00
29.05.2012;6,99;6,99;6,99;6,99;0,00
30.05.2012;6,99;6,99;6,99;6,99;0,00
31.05.2012;6,99;6,99;6,99;6,99;0,00
01.06.2012;6,99;6,99;6,90;6,90;300,00
04.06.2012;6,90;6,90;6,90;6,90;0,00
05.06.2012;6,90;6,90;6,90;6,90;0,00
06.06.2012;6,90;6,90;6,90;6,90;0,00
07.06.2012;6,80;6,80;6,80;6,80;40000,00
08.06.2012;6,80;6,80;6,80;6,80;3000,00
11.06.2012;6,80;6,80;6,80;6,80;0,00
12.06.2012;6,80;6,80;6,80;6,80;0,00
13.06.2012;6,80;6,80;6,80;6,80;0,00
14.06.2012;6,80;6,80;6,80;6,80;0,00
15.06.2012;6,80;6,80;6,80;6,80;0,00
18.06.2012;6,85;6,85;6,85;6,85;68,00
19.06.2012;6,85;6,85;6,85;6,85;0,00
20.06.2012;6,85;6,85;6,85;6,85;0,00
21.06.2012;6,85;6,85;6,85;6,85;0,00
25.06.2012;6,85;6,85;6,85;6,85;0,00
26.06.2012;6,85;6,85;6,85;6,85;0,00
27.06.2012;6,85;6,85;6,85;6,85;0,00
28.06.2012;6,85;6,85;6,85;6,85;0,00
29.06.2012;6,85;6,85;6,85;6,85;0,00
02.07.2012;6,85;6,85;6,85;6,85;0,00
03.07.2012;6,85;6,85;6,85;6,85;0,00
04.07.2012;6,75;6,75;6,75;6,75;63,00
05.07.2012;6,75;6,75;6,75;6,75;0,00
06.07.2012;6,75;6,75;6,75;6,75;0,00
09.07.2012;6,75;6,75;6,75;6,75;0,00
10.07.2012;6,75;6,75;6,75;6,75;0,00
11.07.2012;6,75;7,10;6,75;7,10;200,00
12.07.2012;7,10;7,10;7,10;7,10;0,00
13.07.2012;7,10;7,10;7,10;7,10;0,00
16.07.2012;7,10;7,10;7,10;7,10;0,00
17.07.2012;7,10;7,10;7,10;7,10;0,00
18.07.2012;7,10;7,10;7,10;7,10;0,00
19.07.2012;7,10;7,10;7,10;7,10;0,00
20.07.2012;7,10;7,10;7,10;7,10;0,00
23.07.2012;7,10;7,10;7,10;7,10;0,00
24.07.2012;7,05;7,05;7,05;7,05;100,00
25.07.2012;7,05;7,05;7,05;7,05;0,00
26.07.2012;7,05;7,05;7,05;7,05;0,00
27.07.2012;7,05;7,05;7,05;7,05;0,00
30.07.2012;7,05;7,05;7,05;7,05;0,00
31.07.2012;7,05;7,05;7,05;7,05;0,00
01.08.2012;7,05;7,05;7,05;7,05;0,00
02.08.2012;7,05;7,05;7,05;7,05;0,00
03.08.2012;7,05;7,05;7,05;7,05;0,00
06.08.2012;7,05;7,05;7,05;7,05;103,00
07.08.2012;7,05;7,05;7,05;7,05;0,00
08.08.2012;7,05;7,05;7,05;7,05;0,00
09.08.2012;7,05;7,05;7,05;7,05;0,00
10.08.2012;7,05;7,05;7,05;7,05;0,00
13.08.2012;7,10;7,10;7,10;7,10;200,00
14.08.2012;7,10;7,10;7,10;7,10;0,00
15.08.2012;7,10;7,10;7,10;7,10;0,00
16.08.2012;7,10;7,10;7,10;7,10;0,00
17.08.2012;7,10;7,10;7,10;7,10;0,00
20.08.2012;7,10;7,10;7,10;7,10;0,00
21.08.2012;7,10;7,10;7,10;7,10;0,00
22.08.2012;7,10;7,10;7,10;7,10;0,00
23.08.2012;7,10;7,10;7,10;7,10;0,00
24.08.2012;7,10;7,10;7,10;7,10;0,00
27.08.2012;7,10;7,10;7,10;7,10;0,00
28.08.2012;7,10;7,10;7,10;7,10;0,00
29.08.2012;7,10;7,10;7,10;7,10;0,00
30.08.2012;7,10;7,10;7,10;7,10;0,00
31.08.2012;7,10;7,10;7,10;7,10;0,00
03.09.2012;7,10;7,10;7,10;7,10;0,00
04.09.2012;7,10;7,10;7,10;7,10;0,00
05.09.2012;7,10;7,10;7,10;7,10;0,00
06.09.2012;7,10;7,10;7,10;7,10;0,00
07.09.2012;7,10;7,10;7,10;7,10;0,00
10.09.2012;7,10;7,10;7,10;7,10;4039,00
11.09.2012;7,10;7,10;7,10;7,10;0,00
12.09.2012;7,10;7,25;7,10;7,25;4387,00
13.09.2012;7,25;7,25;7,25;7,25;0,00
14.09.2012;7,25;7,25;7,25;7,25;0,00
17.09.2012;7,25;7,25;7,25;7,25;0,00
18.09.2012;6,80;6,80;6,80;6,80;50,00
19.09.2012;6,80;6,80;6,80;6,80;0,00
20.09.2012;6,80;6,80;6,80;6,80;0,00
21.09.2012;6,80;6,80;6,80;6,80;0,00
24.09.2012;6,80;6,80;6,80;6,80;0,00
25.09.2012;6,80;6,80;6,80;6,80;0,00
26.09.2012;6,80;6,80;6,80;6,80;0,00
27.09.2012;6,80;6,80;6,80;6,80;0,00
28.09.2012;6,80;6,80;6,80;6,80;0,00
01.10.2012;7,50;7,50;7,50;7,50;578,00
02.10.2012;7,50;7,50;7,50;7,50;0,00
03.10.2012;7,50;7,50;7,50;7,50;0,00
04.10.2012;7,50;7,50;7,50;7,50;0,00
05.10.2012;7,50;7,50;7,50;7,50;0,00
08.10.2012;7,50;7,50;7,50;7,50;153,00
09.10.2012;7,50;7,50;7,50;7,50;0,00
10.10.2012;7,50;7,50;7,50;7,50;0,00
11.10.2012;7,50;7,50;7,50;7,50;0,00
12.10.2012;7,50;7,50;7,50;7,50;0,00
15.10.2012;7,51;7,51;7,50;7,50;702,00
16.10.2012;7,50;7,50;7,50;7,50;1100,00
17.10.2012;7,50;7,50;7,50;7,50;437,00
18.10.2012;7,50;7,50;7,50;7,50;0,00
19.10.2012;7,50;7,50;7,50;7,50;0,00
22.10.2012;7,40;7,40;7,40;7,40;10,00
23.10.2012;7,41;7,50;7,40;7,50;7376,00
24.10.2012;7,50;7,50;7,50;7,50;0,00
25.10.2012;7,50;7,50;7,50;7,50;0,00
26.10.2012;7,50;7,50;6,78;7,10;603,00
29.10.2012;7,49;7,50;7,49;7,50;395,00
30.10.2012;7,50;7,50;7,50;7,50;0,00
31.10.2012;7,50;7,50;7,50;7,50;0,00
01.11.2012;7,50;7,50;7,50;7,50;0,00
02.11.2012;8,48;8,48;7,46;7,49;432,00
05.11.2012;7,49;7,49;7,49;7,49;0,00
06.11.2012;7,49;7,49;7,49;7,49;0,00
07.11.2012;7,44;7,44;7,44;7,44;26,00
08.11.2012;7,44;7,44;7,44;7,44;0,00
09.11.2012;7,44;7,44;7,44;7,44;0,00
12.11.2012;7,44;7,44;7,44;7,44;0,00
13.11.2012;7,44;7,44;7,44;7,44;0,00
14.11.2012;7,44;7,44;7,44;7,44;0,00
15.11.2012;7,44;7,44;7,44;7,44;0,00
16.11.2012;7,44;7,44;7,44;7,44;0,00
19.11.2012;7,44;7,45;7,44;7,45;10193,00
20.11.2012;7,45;7,45;7,45;7,45;0,00
21.11.2012;7,45;7,45;7,45;7,45;0,00
22.11.2012;7,45;7,45;7,45;7,45;0,00
23.11.2012;7,45;7,45;7,45;7,45;0,00
26.11.2012;7,45;7,45;7,45;7,45;0,00
27.11.2012;7,03;7,06;7,03;7,06;524,00
28.11.2012;7,21;7,21;7,18;7,18;340,00
29.11.2012;7,18;7,18;7,18;7,18;0,00
30.11.2012;7,18;7,18;7,18;7,18;0,00
03.12.2012;7,10;7,11;7,10;7,11;371246,00
04.12.2012;7,50;7,50;7,50;7,50;20,00
05.12.2012;7,50;7,50;7,50;7,50;0,00
07.12.2012;7,50;7,50;7,50;7,50;0,00
10.12.2012;7,36;7,36;7,35;7,35;520,00
11.12.2012;7,35;7,35;7,35;7,35;0,00
12.12.2012;7,35;7,35;7,35;7,35;0,00
13.12.2012;7,35;7,35;7,35;7,35;0,00
14.12.2012;7,35;7,35;7,35;7,35;0,00
17.12.2012;7,40;7,50;7,40;7,50;2450,00
18.12.2012;7,50;7,50;7,50;7,50;0,00
19.12.2012;7,50;7,50;7,50;7,50;0,00
20.12.2012;7,50;7,50;7,50;7,50;0,00
21.12.2012;7,50;7,50;7,50;7,50;0,00
27.12.2012;7,50;7,50;7,50;7,50;0,00
28.12.2012;7,50;7,50;7,50;7,50;0,00
02.01.2013;7,50;7,50;7,50;7,50;0,00
03.01.2013;7,50;7,50;7,50;7,50;0,00
04.01.2013;7,39;7,98;7,39;7,98;1222,00
07.01.2013;7,66;7,99;7,65;7,99;1242,00
08.01.2013;7,51;7,54;7,51;7,54;1600,00
09.01.2013;7,52;7,52;7,52;7,52;1500,00
10.01.2013;7,52;7,53;7,52;7,53;284,00
11.01.2013;7,60;7,60;7,60;7,60;300,00
14.01.2013;7,60;7,60;7,60;7,60;0,00
15.01.2013;7,52;7,52;7,52;7,52;300,00
16.01.2013;7,52;7,52;7,52;7,52;0,00
17.01.2013;7,52;7,52;7,52;7,52;0,00
18.01.2013;7,52;7,52;7,52;7,52;0,00
21.01.2013;7,51;7,51;7,51;7,51;230,00
22.01.2013;7,51;7,51;7,51;7,51;0,00
23.01.2013;7,51;7,51;7,51;7,51;0,00
24.01.2013;7,49;7,49;7,49;7,49;150,00
25.01.2013;7,49;7,49;7,49;7,49;150,00
28.01.2013;7,50;7,50;7,50;7,50;200,00
29.01.2013;7,50;7,50;7,50;7,50;0,00
30.01.2013;7,50;7,50;7,50;7,50;0,00
31.01.2013;7,50;7,50;7,50;7,50;0,00
01.02.2013;7,39;7,50;7,39;7,50;144,00
04.02.2013;7,50;7,50;7,50;7,50;0,00
05.02.2013;6,95;7,45;6,95;7,45;76,00
06.02.2013;7,45;7,45;7,45;7,45;200,00
07.02.2013;7,45;7,45;7,45;7,45;0,00
08.02.2013;7,45;7,45;7,45;7,45;0,00
11.02.2013;7,45;7,45;7,45;7,45;0,00
12.02.2013;7,45;7,45;7,45;7,45;0,00
13.02.2013;7,45;7,50;7,45;7,50;2000,00
14.02.2013;7,50;7,50;7,50;7,50;1,00
15.02.2013;7,50;7,50;7,50;7,50;300,00
18.02.2013;7,50;7,50;7,50;7,50;0,00
19.02.2013;7,50;7,80;7,50;7,80;10275,00
20.02.2013;7,50;7,70;7,50;7,70;1754,00
21.02.2013;7,65;7,65;7,60;7,60;490,00
22.02.2013;7,60;7,60;7,60;7,60;0,00
25.02.2013;7,70;7,72;7,70;7,72;750,00
26.02.2013;7,60;7,60;7,60;7,60;4,00
27.02.2013;7,79;7,79;7,79;7,79;20,00
28.02.2013;7,79;7,79;7,79;7,79;0,00
01.03.2013;7,79;7,79;7,79;7,79;0,00
04.03.2013;7,79;7,79;7,79;7,79;0,00
05.03.2013;8,15;8,18;7,80;8,18;190,00
06.03.2013;8,18;8,18;7,80;7,80;854,00
07.03.2013;7,80;7,80;7,80;7,80;0,00
08.03.2013;7,79;7,79;7,79;7,79;600,00
11.03.2013;7,79;7,79;7,79;7,79;2947,00
12.03.2013;8,13;8,13;8,11;8,11;301,00
13.03.2013;8,11;8,11;8,11;8,11;0,00
14.03.2013;8,11;8,11;8,10;8,10;150,00
15.03.2013;8,10;8,10;8,10;8,10;0,00
18.03.2013;8,10;8,10;8,10;8,10;0,00
19.03.2013;8,10;8,10;8,10;8,10;0,00
20.03.2013;7,98;7,98;7,98;7,98;200,00
21.03.2013;7,98;7,98;7,98;7,98;0,00
22.03.2013;7,98;7,98;7,98;7,98;0,00
25.03.2013;7,61;7,61;7,60;7,60;195,00
26.03.2013;7,60;7,60;7,60;7,60;67,00
27.03.2013;7,90;7,90;7,90;7,90;40,00
28.03.2013;7,90;7,90;7,90;7,90;0,00
02.04.2013;7,90;7,90;7,90;7,90;0,00
03.04.2013;7,90;7,90;7,90;7,90;0,00
04.04.2013;8,03;8,03;8,03;8,03;300,00
05.04.2013;8,03;8,03;8,03;8,03;0,00
08.04.2013;8,03;8,03;8,03;8,03;0,00
09.04.2013;8,03;8,03;8,03;8,03;0,00
10.04.2013;7,14;7,14;7,14;7,14;367,00
11.04.2013;7,14;7,14;7,14;7,14;0,00
12.04.2013;7,24;7,24;7,24;7,24;52,00
15.04.2013;7,26;7,26;7,24;7,24;550,00
16.04.2013;7,24;7,24;7,24;7,24;0,00
17.04.2013;7,64;7,64;7,64;7,64;17,00
18.04.2013;7,64;7,64;7,64;7,64;0,00
19.04.2013;6,77;6,77;6,77;6,77;1,00
22.04.2013;6,77;6,77;6,77;6,77;0,00
23.04.2013;6,77;6,77;6,77;6,77;0,00
24.04.2013;6,77;6,77;6,77;6,77;0,00
25.04.2013;6,77;6,77;6,77;6,77;0,00
26.04.2013;6,99;7,54;6,99;7,54;206,00
29.04.2013;7,54;7,54;7,54;7,54;0,00
30.04.2013;6,76;7,50;6,76;7,50;5765,00
02.05.2013;7,50;7,50;7,50;7,50;2000,00
03.05.2013;7,50;7,50;7,50;7,50;250,00
06.05.2013;7,50;7,50;7,50;7,50;0,00
07.05.2013;7,40;7,40;7,21;7,21;2068,00
08.05.2013;7,21;7,21;7,21;7,21;0,00
10.05.2013;7,50;7,75;7,50;7,75;1248,00
13.05.2013;7,75;7,75;7,75;7,75;135,00
14.05.2013;7,70;7,70;7,70;7,70;122,00
15.05.2013;7,70;7,70;7,70;7,70;73,00
16.05.2013;7,75;7,75;7,75;7,75;219,00
17.05.2013;7,74;7,74;7,74;7,74;93,00
20.05.2013;7,74;7,75;7,74;7,75;100,00
21.05.2013;7,73;7,73;7,23;7,23;483,00
22.05.2013;7,71;7,71;7,69;7,69;165,00
23.05.2013;7,69;7,69;7,69;7,69;0,00
24.05.2013;7,69;7,69;7,69;7,69;0,00
27.05.2013;7,74;7,74;7,50;7,50;9215,00
28.05.2013;7,50;7,50;7,50;7,50;0,00
29.05.2013;7,50;7,50;7,50;7,50;0,00
30.05.2013;7,50;7,50;7,50;7,50;0,00
31.05.2013;7,50;7,50;7,50;7,50;0,00
03.06.2013;7,50;7,50;7,50;7,50;0,00
04.06.2013;7,60;7,60;7,60;7,60;90,00
05.06.2013;7,60;7,60;7,60;7,60;0,00
06.06.2013;7,60;7,60;7,60;7,60;0,00
07.06.2013;7,60;7,60;7,60;7,60;0,00
10.06.2013;7,60;7,60;7,60;7,60;0,00
11.06.2013;7,60;7,60;7,60;7,60;0,00
12.06.2013;7,60;7,60;7,60;7,60;0,00
13.06.2013;7,60;7,60;7,60;7,60;0,00
14.06.2013;7,60;7,60;7,60;7,60;81,00
17.06.2013;7,60;7,60;7,60;7,60;0,00
18.06.2013;7,59;7,59;7,40;7,40;110,00
19.06.2013;7,50;7,50;7,50;7,50;80,00
20.06.2013;7,24;7,24;7,24;7,24;1116,00
24.06.2013;7,24;7,24;7,24;7,24;0,00
25.06.2013;7,24;7,24;7,24;7,24;0,00
26.06.2013;7,24;7,24;7,24;7,24;0,00
27.06.2013;7,24;7,24;7,24;7,24;0,00
28.06.2013;7,50;7,50;7,50;7,50;165,00
01.07.2013;7,83;7,83;7,83;7,83;200,00
02.07.2013;7,79;7,79;7,79;7,79;100,00
03.07.2013;7,79;7,79;7,79;7,79;0,00
04.07.2013;7,79;7,79;7,79;7,79;0,00
05.07.2013;7,79;7,79;7,79;7,79;0,00
08.07.2013;7,79;7,79;7,79;7,79;0,00
09.07.2013;7,60;7,60;7,60;7,60;79,00
10.07.2013;7,32;7,32;7,32;7,32;1000,00
11.07.2013;7,32;7,32;7,32;7,32;0,00
12.07.2013;7,32;7,32;7,32;7,32;0,00
15.07.2013;7,32;7,32;7,32;7,32;0,00
16.07.2013;7,32;7,32;7,32;7,32;0,00
17.07.2013;7,32;7,32;7,32;7,32;0,00
18.07.2013;7,32;7,32;7,32;7,32;0,00
19.07.2013;7,32;7,32;7,32;7,32;0,00
22.07.2013;7,32;7,32;7,32;7,32;0,00
23.07.2013;7,36;7,36;7,36;7,36;1,00
24.07.2013;7,55;7,55;7,55;7,55;80,00
25.07.2013;7,67;7,67;7,67;7,67;1,00
26.07.2013;7,67;7,67;7,67;7,67;0,00
29.07.2013;7,67;7,67;7,67;7,67;9,00
30.07.2013;7,64;7,64;7,64;7,64;70,00
31.07.2013;7,65;7,65;7,65;7,65;1200,00
01.08.2013;7,60;7,60;7,60;7,60;90,00
02.08.2013;7,36;7,36;7,34;7,34;1200,00
05.08.2013;7,55;7,55;7,55;7,55;100,00
06.08.2013;7,55;7,57;7,31;7,31;814,00
07.08.2013;7,50;7,60;7,50;7,60;155,00
08.08.2013;7,58;7,62;7,53;7,62;982,00
09.08.2013;7,62;7,62;7,62;7,62;1500,00
12.08.2013;7,62;7,62;7,62;7,62;0,00
13.08.2013;7,65;7,65;7,65;7,65;65,00
14.08.2013;7,65;7,65;7,65;7,65;237,00
15.08.2013;7,65;7,65;7,65;7,65;1000,00
16.08.2013;7,65;7,65;7,65;7,65;90,00
19.08.2013;7,65;7,65;7,65;7,65;1000,00
20.08.2013;7,65;7,65;7,60;7,60;350,00
21.08.2013;7,65;7,65;7,65;7,65;38100,00
22.08.2013;7,65;7,65;7,65;7,65;0,00
23.08.2013;7,65;7,65;7,65;7,65;100,00
26.08.2013;7,65;7,65;7,65;7,65;0,00
27.08.2013;7,65;7,65;7,65;7,65;0,00
28.08.2013;7,65;7,65;7,65;7,65;100,00
29.08.2013;7,64;7,65;7,40;7,40;740,00
30.08.2013;7,60;7,60;7,60;7,60;88,00
02.09.2013;7,60;7,63;7,55;7,63;317,00
03.09.2013;7,64;7,64;7,64;7,64;188,00
04.09.2013;7,56;7,64;7,55;7,64;484,00
05.09.2013;7,60;7,60;7,60;7,60;791,00
06.09.2013;7,60;7,60;7,60;7,60;1282,00
09.09.2013;7,60;7,60;7,58;7,60;1066,00
10.09.2013;7,61;7,61;7,60;7,60;7658,00
11.09.2013;7,70;7,80;7,70;7,75;398,00
12.09.2013;7,75;7,75;7,75;7,75;110,00
13.09.2013;7,77;7,77;7,75;7,75;485,00
16.09.2013;7,75;7,75;7,75;7,75;413,00
17.09.2013;7,75;7,75;7,75;7,75;0,00
18.09.2013;7,80;7,80;7,80;7,80;500,00
19.09.2013;7,82;7,82;7,80;7,80;1600,00
20.09.2013;7,80;7,80;7,80;7,80;0,00
23.09.2013;7,79;7,79;7,79;7,79;200,00
24.09.2013;7,78;7,79;7,70;7,70;1042,00
25.09.2013;7,76;7,78;7,70;7,70;390,00
26.09.2013;7,72;7,80;7,72;7,75;695,00
27.09.2013;7,75;7,75;7,75;7,75;0,00
30.09.2013;7,72;7,74;7,70;7,70;1130,00
01.10.2013;7,70;7,70;7,70;7,70;0,00
02.10.2013;7,80;8,00;7,80;8,00;623,00
03.10.2013;8,00;8,00;8,00;8,00;0,00
04.10.2013;7,95;7,95;7,85;7,95;305,00
07.10.2013;7,71;7,84;7,70;7,84;1723,00
08.10.2013;7,70;8,00;7,70;8,00;776,00
09.10.2013;7,70;7,70;7,70;7,70;1000,00
10.10.2013;7,70;7,70;7,70;7,70;165,00
11.10.2013;7,70;7,70;7,70;7,70;0,00
14.10.2013;7,70;7,80;7,70;7,80;860,00
15.10.2013;7,90;7,90;7,90;7,90;3,00
16.10.2013;7,90;7,90;7,90;7,90;0,00
17.10.2013;7,90;7,90;7,90;7,90;0,00
18.10.2013;7,60;7,80;7,60;7,80;1757,00
21.10.2013;7,80;7,86;7,80;7,86;600,00
22.10.2013;7,88;7,88;7,70;7,85;510,00
23.10.2013;7,85;7,85;7,85;7,85;0,00
24.10.2013;7,90;7,90;7,90;7,90;350,00
25.10.2013;7,90;7,90;7,90;7,90;0,00
28.10.2013;7,80;7,80;7,80;7,80;6,00
29.10.2013;7,80;7,80;7,80;7,80;0,00
30.10.2013;7,80;7,80;7,80;7,80;10,00
31.10.2013;7,90;7,90;7,90;7,90;276,00
01.11.2013;7,80;7,80;7,80;7,80;200,00
04.11.2013;7,80;7,80;7,80;7,80;310,00
05.11.2013;7,80;7,80;7,80;7,80;0,00
06.11.2013;8,00;8,00;8,00;8,00;400,00
07.11.2013;8,02;8,10;8,00;8,10;1408,00
08.11.2013;8,10;8,10;8,10;8,10;297,00
11.11.2013;8,15;8,15;8,15;8,15;98,00
12.11.2013;8,20;8,20;8,19;8,20;7284,00
13.11.2013;8,10;8,10;8,10;8,10;138,00
14.11.2013;8,58;8,58;8,58;8,58;100,00
15.11.2013;8,49;8,60;8,49;8,60;339,00
18.11.2013;8,60;8,60;8,60;8,60;100,00
19.11.2013;8,60;8,60;8,60;8,60;0,00
20.11.2013;8,11;8,16;8,11;8,16;152,00
21.11.2013;8,16;8,16;8,16;8,16;0,00
22.11.2013;8,59;8,60;8,46;8,50;1387,00
25.11.2013;8,45;8,45;8,45;8,45;350,00
26.11.2013;8,21;8,21;8,21;8,21;50,00
27.11.2013;8,21;8,21;8,21;8,21;227,00
28.11.2013;8,21;8,21;8,21;8,21;0,00
29.11.2013;8,25;8,25;8,25;8,25;850,00
02.12.2013;8,25;8,25;8,25;8,25;0,00
03.12.2013;8,25;8,25;8,25;8,25;100,00
04.12.2013;8,30;8,30;8,30;8,30;277,00
05.12.2013;8,26;8,26;8,00;8,21;27728,00
09.12.2013;8,30;8,30;8,30;8,30;1034,00
10.12.2013;8,30;8,30;8,30;8,30;0,00
11.12.2013;8,30;8,30;8,30;8,30;0,00
12.12.2013;8,19;8,19;8,19;8,19;333,00
13.12.2013;8,19;8,19;8,19;8,19;0,00
16.12.2013;8,19;8,19;8,19;8,19;0,00
17.12.2013;8,20;8,20;8,20;8,20;4000,00
18.12.2013;8,20;8,20;8,20;8,20;6000,00
19.12.2013;8,20;8,20;8,20;8,20;0,00
20.12.2013;8,21;8,21;8,20;8,21;1250,00
23.12.2013;8,16;8,17;8,16;8,17;140,00
27.12.2013;8,17;8,17;8,17;8,17;0,00
30.12.2013;8,17;8,17;8,17;8,17;0,00
02.01.2014;8,20;8,20;8,20;8,20;15600,00
03.01.2014;8,20;8,20;8,20;8,20;0,00
07.01.2014;8,20;8,20;8,20;8,20;0,00
08.01.2014;8,20;8,20;8,20;8,20;0,00
09.01.2014;8,20;8,20;8,20;8,20;0,00
10.01.2014;8,30;8,35;8,30;8,35;1000,00
13.01.2014;8,35;8,35;8,35;8,35;0,00
14.01.2014;8,59;8,59;8,59;8,59;400,00
15.01.2014;8,60;8,60;8,50;8,60;1404,00
16.01.2014;8,60;8,60;8,60;8,60;118,00
17.01.2014;8,60;8,60;8,60;8,60;0,00
20.01.2014;8,60;8,60;8,60;8,60;0,00
21.01.2014;8,60;8,60;8,60;8,60;0,00
22.01.2014;8,78;8,79;8,78;8,79;1075,00
23.01.2014;8,90;8,90;8,90;8,90;150,00
24.01.2014;8,90;8,90;8,90;8,90;0,00
27.01.2014;8,90;8,90;8,90;8,90;0,00
28.01.2014;8,90;8,90;8,90;8,90;0,00
29.01.2014;8,90;8,90;8,90;8,90;0,00
30.01.2014;8,85;8,90;8,85;8,90;448,00
31.01.2014;8,85;8,85;8,85;8,85;200,00
03.02.2014;8,85;8,85;8,85;8,85;0,00
04.02.2014;8,85;8,85;8,85;8,85;0,00
05.02.2014;8,85;8,85;8,85;8,85;0,00
06.02.2014;8,90;8,90;8,85;8,85;368,00
07.02.2014;8,33;8,33;8,33;8,33;25,00
10.02.2014;8,70;8,70;8,70;8,70;25,00
11.02.2014;8,70;8,70;8,70;8,70;0,00
12.02.2014;8,85;9,05;8,85;9,05;3584,00
13.02.2014;9,05;9,05;9,05;9,05;0,00
14.02.2014;9,10;9,51;9,10;9,21;860,00
17.02.2014;9,50;9,50;9,40;9,50;1210,00
18.02.2014;9,50;9,50;9,49;9,50;220,00
19.02.2014;9,50;9,50;9,50;9,50;0,00
20.02.2014;9,50;9,50;9,50;9,50;0,00
21.02.2014;9,50;9,50;9,50;9,50;120,00
24.02.2014;9,29;9,29;9,29;9,29;200,00
25.02.2014;9,29;9,29;9,29;9,29;0,00
26.02.2014;9,29;9,29;9,29;9,29;0,00
27.02.2014;9,29;9,29;9,29;9,29;0,00
28.02.2014;9,29;9,29;9,29;9,29;0,00
03.03.2014;9,20;9,20;9,20;9,20;500,00
04.03.2014;9,20;9,20;9,20;9,20;0,00
05.03.2014;9,25;9,25;9,25;9,25;21,00
06.03.2014;9,25;9,25;9,25;9,25;0,00
07.03.2014;9,25;9,25;9,25;9,25;0,00
10.03.2014;9,25;9,25;9,25;9,25;0,00
11.03.2014;9,25;9,25;9,25;9,25;0,00
12.03.2014;9,25;9,25;9,25;9,25;130,00
13.03.2014;9,54;9,54;9,54;9,54;143,00
14.03.2014;9,43;9,43;9,43;9,43;584,00
17.03.2014;9,97;9,97;9,90;9,90;190,00
18.03.2014;9,90;9,90;9,90;9,90;0,00
19.03.2014;9,90;9,90;9,90;9,90;0,00
20.03.2014;9,83;9,83;9,83;9,83;1125,00
21.03.2014;9,83;9,83;9,80;9,80;1582,00
24.03.2014;9,90;10,05;9,90;10,05;385,00
25.03.2014;10,05;10,05;10,05;10,05;5000,00
26.03.2014;10,05;10,05;10,05;10,05;0,00
27.03.2014;10,05;10,05;10,05;10,05;200,00
28.03.2014;10,05;10,05;10,05;10,05;0,00
31.03.2014;10,30;10,30;10,30;10,30;355,00
01.04.2014;10,30;10,30;10,30;10,30;5,00
02.04.2014;10,30;10,30;10,30;10,30;0,00
03.04.2014;10,30;10,30;10,30;10,30;0,00
04.04.2014;10,80;10,80;10,80;10,80;40,00
07.04.2014;10,00;10,80;10,00;10,80;1245,00
08.04.2014;10,80;10,80;10,80;10,80;0,00
09.04.2014;10,80;10,80;10,80;10,80;173,00
10.04.2014;10,80;10,80;10,80;10,80;0,00
11.04.2014;11,00;11,00;10,93;10,93;255,00
14.04.2014;10,93;10,93;10,93;10,93;0,00
15.04.2014;10,95;10,95;9,51;9,51;315,00
16.04.2014;10,49;10,49;10,10;10,32;330,00
17.04.2014;10,49;10,49;10,49;10,49;25,00
22.04.2014;10,49;10,49;10,49;10,49;0,00
23.04.2014;10,49;10,49;10,49;10,49;0,00
24.04.2014;10,49;10,49;10,49;10,49;230,00
25.04.2014;11,20;11,20;10,00;10,00;330,00
28.04.2014;10,02;10,02;10,00;10,00;527,00
29.04.2014;9,99;10,00;9,99;10,00;200,00
30.04.2014;10,00;10,00;10,00;10,00;150,00
02.05.2014;10,00;10,00;10,00;10,00;400,00
05.05.2014;10,00;10,00;10,00;10,00;75,00
06.05.2014;10,00;10,00;10,00;10,00;0,00
07.05.2014;10,00;10,00;10,00;10,00;125,00
08.05.2014;10,00;10,00;10,00;10,00;135,00
09.05.2014;10,00;10,00;9,99;10,00;1172,00
12.05.2014;10,00;10,00;10,00;10,00;0,00
13.05.2014;9,99;10,00;9,99;10,00;516,00
14.05.2014;10,00;10,00;10,00;10,00;0,00
15.05.2014;10,00;10,00;10,00;10,00;665,00
16.05.2014;10,00;10,00;10,00;10,00;110,00
19.05.2014;9,85;9,85;9,85;9,85;257,00
20.05.2014;10,00;10,00;9,85;10,00;3000,00
21.05.2014;10,00;10,01;9,76;9,76;8755,00
22.05.2014;9,76;9,76;9,76;9,76;0,00
23.05.2014;9,76;9,76;9,76;9,76;0,00
26.05.2014;9,76;9,76;9,76;9,76;0,00
27.05.2014;9,90;10,17;9,90;10,17;425,00
28.05.2014;10,17;10,17;10,17;10,17;0,00
30.05.2014;10,49;10,49;10,49;10,49;100,00
02.06.2014;10,49;10,49;10,49;10,49;0,00
03.06.2014;10,50;10,50;10,50;10,50;20,00
04.06.2014;10,50;10,50;10,50;10,50;472,00
05.06.2014;10,30;10,30;10,30;10,30;200,00
06.06.2014;10,05;10,05;10,05;10,05;300,00
09.06.2014;9,71;10,00;9,71;10,00;1034,00
10.06.2014;10,00;10,00;10,00;10,00;0,00
11.06.2014;10,00;10,00;10,00;10,00;0,00
12.06.2014;10,00;10,00;10,00;10,00;0,00
13.06.2014;10,00;10,00;10,00;10,00;0,00
16.06.2014;10,00;10,00;10,00;10,00;0,00
17.06.2014;10,00;10,00;10,00;10,00;0,00
18.06.2014;10,00;10,00;10,00;10,00;0,00
19.06.2014;10,00;10,00;10,00;10,00;534,00
23.06.2014;9,81;10,50;9,81;10,50;1540,00
24.06.2014;10,11;10,11;10,10;10,10;237,00
25.06.2014;10,10;10,10;10,10;10,10;0,00
26.06.2014;10,00;10,00;10,00;10,00;150,00
27.06.2014;10,20;10,20;10,20;10,20;52,00
30.06.2014;10,20;10,20;10,20;10,20;142,00
01.07.2014;10,20;10,20;10,20;10,20;0,00
02.07.2014;10,49;10,49;10,10;10,11;116,00
03.07.2014;10,11;10,11;10,11;10,11;0,00
04.07.2014;10,12;10,50;10,11;10,50;500,00
07.07.2014;10,25;10,25;10,11;10,11;439,00
08.07.2014;10,11;10,11;9,82;9,85;300,00
09.07.2014;9,84;9,84;9,84;9,84;250,00
10.07.2014;9,90;9,90;9,63;9,63;510,00
11.07.2014;9,63;9,63;9,63;9,63;0,00
14.07.2014;9,63;9,63;9,63;9,63;0,00
15.07.2014;9,63;9,63;9,63;9,63;0,00
16.07.2014;9,63;9,63;9,63;9,63;0,00
17.07.2014;9,63;9,63;9,63;9,63;0,00
18.07.2014;9,63;9,63;9,63;9,63;0,00
21.07.2014;9,63;9,63;9,63;9,63;0,00
22.07.2014;9,63;9,63;9,63;9,63;0,00
23.07.2014;9,80;9,80;9,74;9,74;208,00
24.07.2014;9,74;9,74;9,74;9,74;0,00
25.07.2014;9,74;9,74;9,74;9,74;0,00
28.07.2014;9,74;9,74;9,74;9,74;0,00
29.07.2014;9,74;9,74;9,74;9,74;0,00
30.07.2014;9,74;9,74;9,74;9,74;0,00
31.07.2014;10,01;10,01;10,01;10,01;100,00
01.08.2014;10,01;10,01;10,01;10,01;0,00
04.08.2014;10,44;10,44;10,44;10,44;20,00
05.08.2014;10,30;10,30;10,30;10,30;10000,00
06.08.2014;10,30;10,30;10,30;10,30;0,00
07.08.2014;10,30;10,30;10,30;10,30;3,00
08.08.2014;10,30;10,30;10,30;10,30;0,00
11.08.2014;9,66;10,05;9,66;9,85;795,00
12.08.2014;9,85;9,85;9,85;9,85;0,00
13.08.2014;9,85;9,85;9,85;9,85;100,00
14.08.2014;9,90;10,10;9,90;10,10;100,00
15.08.2014;10,10;10,10;10,10;10,10;0,00
18.08.2014;10,10;10,10;10,10;10,10;0,00
19.08.2014;10,00;10,00;9,96;9,96;45,00
20.08.2014;9,96;9,96;9,96;9,96;0,00
21.08.2014;9,96;9,96;9,96;9,96;0,00
22.08.2014;9,92;9,92;9,92;9,92;1,00
25.08.2014;9,92;9,92;9,92;9,92;0,00
26.08.2014;9,92;9,92;9,92;9,92;0,00
27.08.2014;10,10;10,10;10,10;10,10;5000,00
28.08.2014;10,10;10,10;10,10;10,10;5000,00
29.08.2014;10,10;10,10;10,10;10,10;0,00
01.09.2014;10,10;10,10;10,10;10,10;0,00
02.09.2014;10,10;10,15;10,10;10,15;121,00
03.09.2014;10,20;10,20;10,20;10,20;20000,00
04.09.2014;10,20;10,20;10,20;10,20;0,00
05.09.2014;10,20;10,20;10,20;10,20;0,00
08.09.2014;10,27;10,28;10,27;10,28;150,00
09.09.2014;10,25;10,25;10,25;10,25;300,00
10.09.2014;10,25;10,25;10,25;10,25;0,00
11.09.2014;10,25;10,25;10,25;10,25;0,00
12.09.2014;10,25;10,25;10,25;10,25;0,00
15.09.2014;10,25;10,25;10,25;10,25;0,00
16.09.2014;10,25;10,25;10,25;10,25;0,00
17.09.2014;10,25;10,25;10,25;10,25;0,00
18.09.2014;10,35;10,35;10,25;10,25;450,00
19.09.2014;10,30;10,30;10,30;10,30;172,00
22.09.2014;10,30;10,30;10,30;10,30;500,00
23.09.2014;10,30;10,30;10,30;10,30;0,00
24.09.2014;10,30;10,30;10,30;10,30;0,00
25.09.2014;10,30;10,30;10,30;10,30;33,00
26.09.2014;10,30;10,30;10,30;10,30;0,00
29.09.2014;10,40;10,40;10,40;10,40;500,00
30.09.2014;10,40;10,40;10,40;10,40;315,00
01.10.2014;10,40;10,40;10,30;10,30;1654,00
02.10.2014;10,35;10,35;10,35;10,35;3591,00
03.10.2014;10,40;10,40;10,40;10,40;547,00
06.10.2014;10,80;10,80;10,80;10,80;160,00
07.10.2014;10,80;10,80;10,80;10,80;0,00
08.10.2014;10,80;10,80;10,80;10,80;0,00
09.10.2014;10,80;10,80;10,80;10,80;30,00
10.10.2014;10,35;10,35;10,35;10,35;160,00
13.10.2014;10,35;10,35;10,35;10,35;0,00
14.10.2014;10,35;10,35;10,35;10,35;0,00
15.10.2014;10,30;10,30;10,20;10,20;160,00
16.10.2014;10,20;10,20;10,20;10,20;0,00
17.10.2014;10,20;10,20;10,20;10,20;0,00
20.10.2014;10,20;10,20;10,20;10,20;0,00
21.10.2014;10,20;10,20;10,20;10,20;0,00
22.10.2014;10,20;10,20;10,20;10,20;0,00
23.10.2014;10,20;10,20;10,20;10,20;0,00
24.10.2014;10,20;10,20;10,20;10,20;0,00
27.10.2014;10,20;10,20;10,20;10,20;0,00
28.10.2014;10,20;10,20;10,20;10,20;0,00
29.10.2014;10,20;10,20;10,20;10,20;0,00
30.10.2014;10,20;10,20;10,20;10,20;0,00
31.10.2014;10,20;10,20;10,20;10,20;0,00
03.11.2014;10,20;10,20;10,20;10,20;0,00
04.11.2014;10,50;11,00;10,30;10,30;1077,00
05.11.2014;10,30;10,30;10,30;10,30;0,00
06.11.2014;10,30;10,30;10,30;10,30;0,00
07.11.2014;10,30;10,30;10,24;10,24;243,00
10.11.2014;10,24;10,24;10,24;10,24;0,00
11.11.2014;10,24;10,24;10,24;10,24;0,00
12.11.2014;10,24;10,24;10,24;10,24;0,00
13.11.2014;10,24;10,24;10,20;10,20;500,00
14.11.2014;10,20;10,20;10,20;10,20;49,00
17.11.2014;10,18;10,18;10,18;10,18;151,00
18.11.2014;10,18;10,18;10,18;10,18;0,00
19.11.2014;10,18;10,18;10,18;10,18;25,00
20.11.2014;10,79;10,79;10,79;10,79;5,00
21.11.2014;10,79;10,79;10,79;10,79;5,00
24.11.2014;10,50;10,50;10,50;10,50;300,00
25.11.2014;10,50;10,50;10,50;10,50;0,00
26.11.2014;10,20;10,55;10,20;10,55;359,00
27.11.2014;10,55;10,55;10,55;10,55;0,00
28.11.2014;10,55;10,55;10,55;10,55;0,00
01.12.2014;10,20;10,20;10,20;10,20;460,00
02.12.2014;10,30;10,30;10,30;10,30;1000,00
03.12.2014;10,20;10,20;10,20;10,20;540,00
04.12.2014;10,20;10,20;10,20;10,20;0,00
05.12.2014;10,20;10,20;10,20;10,20;0,00
08.12.2014;10,20;10,20;10,20;10,20;0,00
09.12.2014;10,20;10,20;10,20;10,20;0,00
10.12.2014;10,59;10,60;10,59;10,60;403,00
11.12.2014;10,60;10,60;10,60;10,60;0,00
12.12.2014;10,60;10,60;10,60;10,60;0,00
15.12.2014;10,60;10,60;10,60;10,60;10,00
16.12.2014;10,60;10,60;10,60;10,60;0,00
17.12.2014;9,72;9,72;9,72;9,72;26,00
18.12.2014;9,72;9,72;9,72;9,72;0,00
19.12.2014;10,60;10,60;10,60;10,60;60,00
22.12.2014;10,60;10,60;10,60;10,60;0,00
23.12.2014;10,60;10,60;10,60;10,60;0,00
29.12.2014;10,60;10,60;10,50;10,50;526,00
30.12.2014;10,60;10,60;10,60;10,60;418,00
02.01.2015;10,60;10,60;10,60;10,60;0,00
05.01.2015;10,60;10,60;10,60;10,60;0,00
07.01.2015;10,45;10,45;10,45;10,45;160,00
08.01.2015;10,45;10,45;10,45;10,45;0,00
09.01.2015;10,45;10,45;10,45;10,45;0,00
12.01.2015;10,45;10,45;10,45;10,45;0,00
13.01.2015;10,60;10,60;10,60;10,60;80,00
14.01.2015;10,60;10,60;10,60;10,60;0,00
15.01.2015;10,60;10,60;10,60;10,60;0,00
16.01.2015;10,60;10,60;10,60;10,60;0,00
19.01.2015;10,60;10,60;10,60;10,60;160,00
20.01.2015;10,60;11,00;10,60;11,00;301,00
21.01.2015;11,10;11,10;11,10;11,10;17,00
22.01.2015;11,10;11,10;11,10;11,10;13,00
23.01.2015;10,90;10,90;10,90;10,90;987,00
26.01.2015;11,98;11,98;11,98;11,98;417,00
27.01.2015;11,98;11,98;11,98;11,98;0,00
28.01.2015;11,98;11,98;11,98;11,98;0,00
29.01.2015;11,79;11,79;11,79;11,79;100,00
30.01.2015;11,79;11,79;11,79;11,79;0,00
02.02.2015;10,71;11,06;10,71;11,01;747,00
03.02.2015;11,74;11,74;11,74;11,74;260,00
04.02.2015;11,74;11,74;11,74;11,74;44,00
05.02.2015;11,27;11,50;11,27;11,50;850,00
06.02.2015;11,50;11,50;11,50;11,50;0,00
09.02.2015;11,50;11,50;11,50;11,50;0,00
10.02.2015;11,50;11,50;11,50;11,50;0,00
11.02.2015;11,75;11,80;11,75;11,80;621,00
12.02.2015;11,80;11,80;11,80;11,80;4360,00
13.02.2015;11,80;11,80;11,80;11,80;0,00
16.02.2015;11,80;11,80;11,80;11,80;0,00
17.02.2015;12,09;12,09;11,32;11,32;400,00
18.02.2015;11,46;11,46;11,46;11,46;10,00
19.02.2015;11,46;11,46;11,46;11,46;0,00
20.02.2015;11,46;11,46;11,46;11,46;0,00
23.02.2015;11,34;11,68;11,32;11,68;1042,00
24.02.2015;11,68;11,68;11,68;11,68;110,00
25.02.2015;11,68;11,68;11,68;11,68;0,00
26.02.2015;11,68;11,68;11,68;11,68;0,00
27.02.2015;11,68;11,68;11,68;11,68;0,00
02.03.2015;11,68;11,68;11,68;11,68;100,00
03.03.2015;11,68;11,68;11,68;11,68;0,00
04.03.2015;11,32;11,48;11,32;11,48;222,00
05.03.2015;11,48;11,50;11,48;11,50;413,00
06.03.2015;11,50;11,50;11,50;11,50;237,00
09.03.2015;11,50;11,50;11,50;11,50;0,00
10.03.2015;11,50;11,50;11,50;11,50;0,00
11.03.2015;11,50;11,50;11,50;11,50;0,00
12.03.2015;11,50;11,50;11,50;11,50;0,00
13.03.2015;11,70;11,70;11,35;11,35;100,00
16.03.2015;11,35;11,35;11,35;11,35;0,00
17.03.2015;11,35;11,35;11,35;11,35;0,00
18.03.2015;11,35;11,35;11,35;11,35;0,00
19.03.2015;11,32;11,32;11,31;11,31;394,00
20.03.2015;11,30;11,30;11,30;11,30;151,00
23.03.2015;11,01;11,01;11,00;11,00;381,00
24.03.2015;11,12;11,12;11,12;11,12;60,00
25.03.2015;11,12;11,12;11,12;11,12;0,00
26.03.2015;11,12;11,13;11,12;11,13;280,00
27.03.2015;11,18;11,18;11,17;11,17;205,00
30.03.2015;11,17;11,17;11,17;11,17;0,00
31.03.2015;11,18;11,18;10,99;10,99;619,00
01.04.2015;10,99;10,99;10,99;10,99;0,00
02.04.2015;11,16;11,17;11,16;11,17;423,00
07.04.2015;11,17;11,17;11,17;11,17;0,00
08.04.2015;11,17;11,17;11,17;11,17;0,00
09.04.2015;11,17;11,17;11,17;11,17;0,00
10.04.2015;11,17;11,17;11,17;11,17;0,00
13.04.2015;11,51;11,60;11,42;11,42;920,00
14.04.2015;12,00;12,00;12,00;12,00;1000,00
15.04.2015;12,00;12,00;12,00;12,00;0,00
16.04.2015;12,00;12,00;12,00;12,00;0,00
17.04.2015;11,22;11,40;11,22;11,40;101,00
20.04.2015;11,80;11,80;11,80;11,80;10,00
21.04.2015;11,80;11,80;11,80;11,80;0,00
22.04.2015;11,80;11,80;11,80;11,80;0,00
23.04.2015;11,40;11,40;11,40;11,40;150,00
24.04.2015;11,40;11,40;11,40;11,40;0,00
27.04.2015;11,40;11,40;11,40;11,40;0,00
28.04.2015;11,40;11,40;11,40;11,40;179,00
29.04.2015;11,40;11,40;11,40;11,40;0,00
30.04.2015;11,40;11,40;11,40;11,40;0,00
04.05.2015;11,40;11,40;11,40;11,40;0,00
05.05.2015;11,40;11,40;11,40;11,40;0,00
06.05.2015;11,40;11,40;11,40;11,40;300,00
07.05.2015;11,40;11,40;11,40;11,40;12,00
08.05.2015;11,80;11,80;11,80;11,80;175,00
11.05.2015;11,80;11,80;11,80;11,80;1,00
12.05.2015;11,80;11,80;11,80;11,80;18,00
13.05.2015;12,39;12,39;12,30;12,30;411,00
15.05.2015;11,85;12,50;11,85;12,50;180,00
18.05.2015;12,10;12,50;12,10;12,50;233,00
19.05.2015;11,90;12,70;11,86;12,70;5753,00
20.05.2015;12,60;12,72;12,60;12,70;729,00
21.05.2015;12,70;12,70;12,70;12,70;0,00
22.05.2015;12,70;12,70;12,70;12,70;2459,00
25.05.2015;12,70;12,70;12,70;12,70;0,00
26.05.2015;12,49;12,50;12,49;12,50;286,00
27.05.2015;12,50;12,50;12,50;12,50;0,00
28.05.2015;12,60;12,60;12,50;12,50;1162,00
29.05.2015;13,00;13,00;12,50;12,50;202,00
01.06.2015;12,55;12,55;12,55;12,55;207,00
02.06.2015;12,55;12,55;12,55;12,55;0,00
03.06.2015;12,20;12,20;12,20;12,20;150,00
04.06.2015;12,20;12,20;12,20;12,20;0,00
05.06.2015;12,20;12,20;12,20;12,20;0,00
08.06.2015;12,25;12,85;12,25;12,25;425,00
09.06.2015;11,14;12,01;11,13;12,01;284,00
10.06.2015;12,01;12,01;12,01;12,01;0,00
11.06.2015;12,01;12,01;12,01;12,01;0,00
12.06.2015;12,01;12,01;12,01;12,01;0,00
15.06.2015;12,00;12,00;12,00;12,00;228,00
16.06.2015;12,00;12,00;12,00;12,00;0,00
17.06.2015;12,90;12,90;11,18;11,18;107,00
18.06.2015;11,18;11,18;11,18;11,18;0,00
22.06.2015;11,18;11,18;11,18;11,18;0,00
23.06.2015;11,18;11,18;11,18;11,18;0,00
24.06.2015;11,18;11,18;11,18;11,18;0,00
25.06.2015;12,00;12,00;12,00;12,00;180,00
26.06.2015;12,00;12,00;12,00;12,00;0,00
29.06.2015;12,00;12,00;12,00;12,00;0,00
30.06.2015;12,00;12,00;12,00;12,00;26,00
01.07.2015;12,00;12,00;12,00;12,00;0,00
02.07.2015;12,00;12,00;12,00;12,00;0,00
03.07.2015;12,00;12,00;12,00;12,00;0,00
06.07.2015;12,00;12,00;12,00;12,00;0,00
07.07.2015;11,20;11,21;11,11;11,21;362,00
08.07.2015;11,21;11,50;11,21;11,50;260,00
09.07.2015;11,50;11,55;11,50;11,55;200,00
10.07.2015;11,55;11,55;11,55;11,55;0,00
13.07.2015;11,55;11,55;11,55;11,55;0,00
14.07.2015;11,51;11,51;11,50;11,50;198,00
15.07.2015;11,50;11,50;11,50;11,50;0,00
16.07.2015;11,50;11,50;11,50;11,50;0,00
17.07.2015;11,50;11,50;11,50;11,50;0,00
20.07.2015;11,50;11,50;11,50;11,50;0,00
21.07.2015;11,53;11,53;11,53;11,53;100,00
22.07.2015;11,53;11,53;11,53;11,53;0,00
23.07.2015;11,53;11,53;11,53;11,53;0,00
24.07.2015;11,53;11,61;11,53;11,53;183,00
27.07.2015;11,53;11,53;11,53;11,53;42,00
28.07.2015;11,53;11,53;11,53;11,53;0,00
29.07.2015;11,52;11,53;11,52;11,53;160,00
30.07.2015;11,53;11,53;11,53;11,53;0,00
31.07.2015;11,53;11,53;11,53;11,53;260,00
03.08.2015;11,53;11,53;11,53;11,53;0,00
04.08.2015;11,53;11,53;11,53;11,53;0,00
05.08.2015;11,53;11,53;11,53;11,53;0,00
06.08.2015;11,53;11,53;11,53;11,53;0,00
07.08.2015;11,53;11,53;11,53;11,53;0,00
10.08.2015;11,53;11,53;11,53;11,53;0,00
11.08.2015;11,53;11,53;11,53;11,53;0,00
12.08.2015;11,55;11,55;11,53;11,53;198,00
13.08.2015;11,55;11,55;11,55;11,55;100,00
14.08.2015;11,55;11,55;11,55;11,55;0,00
17.08.2015;11,55;11,55;11,55;11,55;0,00
18.08.2015;11,55;11,55;11,55;11,55;0,00
19.08.2015;11,55;11,55;11,55;11,55;0,00
20.08.2015;11,61;11,61;11,50;11,50;284,00
21.08.2015;11,50;11,50;11,49;11,50;245,00
24.08.2015;11,79;11,79;11,50;11,50;170,00
25.08.2015;11,50;11,50;11,50;11,50;0,00
26.08.2015;11,50;11,50;11,50;11,50;0,00
27.08.2015;11,50;11,50;11,50;11,50;0,00
28.08.2015;11,50;11,50;11,50;11,50;0,00
31.08.2015;11,65;11,65;11,65;11,65;2,00
01.09.2015;11,65;11,65;11,65;11,65;0,00
02.09.2015;11,65;11,65;11,65;11,65;0,00
03.09.2015;11,79;12,30;11,79;12,30;313,00
04.09.2015;11,35;11,95;11,35;11,95;98,00
07.09.2015;11,95;11,95;11,95;11,95;0,00
08.09.2015;11,44;11,44;11,42;11,43;2756,00
09.09.2015;11,66;11,66;11,65;11,66;288,00
10.09.2015;11,66;11,66;11,66;11,66;0,00
11.09.2015;11,66;11,66;11,66;11,66;158,00
14.09.2015;11,66;11,66;11,66;11,66;41,00
15.09.2015;12,00;12,00;11,04;11,06;131,00
16.09.2015;11,06;11,06;11,06;11,06;0,00
17.09.2015;11,50;11,50;11,39;11,39;210,00
18.09.2015;11,37;11,37;11,37;11,37;70,00
21.09.2015;11,37;11,37;11,37;11,37;0,00
22.09.2015;11,15;11,15;11,15;11,15;251,00
23.09.2015;11,15;11,15;11,15;11,15;0,00
24.09.2015;11,20;11,20;11,20;11,20;1000,00
25.09.2015;11,36;11,36;11,36;11,36;136,00
28.09.2015;11,21;11,21;11,20;11,20;474,00
29.09.2015;11,67;11,67;11,48;11,48;39,00
30.09.2015;11,22;11,22;11,21;11,21;100,00
01.10.2015;11,21;11,21;11,20;11,20;563,00
02.10.2015;11,20;11,25;11,20;11,25;250,00
05.10.2015;11,49;11,60;11,36;11,36;233,00
06.10.2015;11,42;13,00;11,41;11,96;1353,00
07.10.2015;11,82;11,82;11,30;11,30;852,00
08.10.2015;11,60;11,60;11,50;11,50;665,00
09.10.2015;11,36;11,36;11,36;11,36;40,00
12.10.2015;11,36;11,36;11,36;11,36;0,00
13.10.2015;11,36;11,36;11,36;11,36;0,00
14.10.2015;11,47;11,47;11,30;11,30;595,00
15.10.2015;11,46;11,62;11,46;11,62;134,00
16.10.2015;11,62;11,62;11,62;11,62;0,00
19.10.2015;11,62;11,62;11,62;11,62;0,00
20.10.2015;11,62;11,62;11,62;11,62;0,00
21.10.2015;11,61;11,61;11,61;11,61;160,00
22.10.2015;11,61;11,61;11,60;11,60;180,00
23.10.2015;11,60;12,17;11,60;12,15;695,00
26.10.2015;12,15;12,15;12,15;12,15;160,00
27.10.2015;12,15;12,15;12,15;12,15;350,00
28.10.2015;12,15;12,15;12,15;12,15;0,00
29.10.2015;12,15;12,15;12,15;12,15;31,00
30.10.2015;12,15;12,15;12,15;12,15;0,00
02.11.2015;12,40;12,40;12,15;12,15;632,00
03.11.2015;12,16;12,16;12,16;12,16;49,00
04.11.2015;12,16;12,16;12,16;12,16;0,00
05.11.2015;12,15;12,15;12,15;12,15;624,00
06.11.2015;12,15;12,15;12,15;12,15;0,00
09.11.2015;12,15;12,15;12,15;12,15;0,00
10.11.2015;12,15;12,15;12,15;12,15;0,00
11.11.2015;11,08;11,08;11,08;11,08;80,00
12.11.2015;12,00;12,41;12,00;12,40;515,00
13.11.2015;12,40;12,40;12,40;12,40;0,00
16.11.2015;12,00;12,00;12,00;12,00;676,00
17.11.2015;11,51;13,49;11,50;13,47;172,00
18.11.2015;12,99;12,99;12,99;12,99;68,00
19.11.2015;11,52;11,58;11,52;11,55;5742,00
20.11.2015;11,55;11,55;11,55;11,55;0,00
23.11.2015;12,01;12,53;12,01;12,50;550,00
24.11.2015;12,50;12,50;12,50;12,50;0,00
25.11.2015;12,40;12,40;12,40;12,40;2,00
26.11.2015;12,41;12,41;12,40;12,40;954,00
27.11.2015;12,40;12,40;12,40;12,40;0,00
30.11.2015;12,00;12,00;12,00;12,00;1,00
01.12.2015;11,91;11,91;11,91;11,91;50,00
02.12.2015;11,95;11,95;11,86;11,86;151,00
03.12.2015;11,73;11,73;11,73;11,73;19,00
04.12.2015;12,00;12,00;11,73;11,73;172,00
07.12.2015;11,73;11,73;11,73;11,73;0,00
08.12.2015;11,75;11,75;11,72;11,72;218,00
09.12.2015;11,73;11,73;11,50;11,50;508,00
10.12.2015;11,51;11,51;11,10;11,10;200,00
11.12.2015;11,10;11,11;10,54;10,54;376,00
14.12.2015;10,54;10,54;10,54;10,54;0,00
15.12.2015;10,54;10,54;10,54;10,54;0,00
16.12.2015;10,61;11,19;10,55;11,17;503,00
17.12.2015;11,17;11,17;11,17;11,17;0,00
18.12.2015;11,17;11,17;11,17;11,17;0,00
21.12.2015;11,79;11,79;11,79;11,79;42,00
22.12.2015;11,78;11,80;11,71;11,71;100,00
23.12.2015;11,71;11,71;11,71;11,71;51,00
28.12.2015;11,71;11,71;11,71;11,71;0,00
29.12.2015;11,72;11,72;11,71;11,71;134,00
30.12.2015;11,71;11,71;11,71;11,71;0,00
04.01.2016;11,71;11,71;11,71;11,71;0,00
05.01.2016;11,71;11,71;11,71;11,71;0,00
07.01.2016;12,00;12,00;12,00;12,00;1,00
08.01.2016;12,00;12,00;12,00;12,00;36,00
11.01.2016;12,00;12,00;12,00;12,00;0,00
12.01.2016;12,00;12,00;12,00;12,00;0,00
13.01.2016;12,00;12,00;12,00;12,00;250,00
14.01.2016;12,00;12,00;12,00;12,00;0,00
15.01.2016;11,20;11,20;11,10;11,10;210,00
18.01.2016;11,12;11,12;11,10;11,11;331,00
19.01.2016;11,15;11,15;11,15;11,15;30,00
20.01.2016;11,12;11,12;11,10;11,10;957,00
21.01.2016;11,10;11,10;11,10;11,10;90,00
22.01.2016;11,10;11,10;11,10;11,10;0,00
25.01.2016;11,96;11,96;11,96;11,96;5,00
26.01.2016;11,16;11,16;11,16;11,16;160,00
27.01.2016;11,20;11,20;11,20;11,20;30,00
28.01.2016;11,31;11,31;11,31;11,31;143,00
29.01.2016;11,30;11,30;11,30;11,30;100,00
01.02.2016;11,30;11,30;11,30;11,30;50,00
02.02.2016;11,50;11,50;11,50;11,50;70,00
03.02.2016;11,35;11,35;11,30;11,30;337,00
04.02.2016;11,30;11,30;11,30;11,30;0,00
05.02.2016;11,30;11,30;11,30;11,30;0,00
08.02.2016;11,79;11,79;11,40;11,40;107,00
09.02.2016;11,30;11,30;11,10;11,10;560,00
10.02.2016;11,10;11,58;10,70;11,58;139,00
11.02.2016;10,35;10,35;10,35;10,35;145,00
12.02.2016;10,35;10,35;10,35;10,35;0,00
15.02.2016;10,35;10,35;10,35;10,35;0,00
16.02.2016;10,35;10,35;10,35;10,35;0,00
17.02.2016;11,17;11,18;10,66;10,66;239,00
18.02.2016;10,41;10,42;10,35;10,35;235,00
19.02.2016;11,17;11,18;11,17;11,18;215,00
22.02.2016;11,18;11,18;11,18;11,18;0,00
23.02.2016;11,18;11,18;11,18;11,18;0,00
24.02.2016;11,18;11,18;11,18;11,18;0,00
25.02.2016;11,18;11,18;11,18;11,18;0,00
26.02.2016;11,17;11,17;11,17;11,17;2,00
29.02.2016;11,16;11,16;11,16;11,16;27,00
01.03.2016;11,13;11,13;11,13;11,13;100,00
02.03.2016;11,13;11,13;11,13;11,13;0,00
03.03.2016;11,13;11,13;11,13;11,13;0,00
04.03.2016;11,13;11,13;11,13;11,13;0,00
07.03.2016;11,13;11,13;11,13;11,13;0,00
08.03.2016;11,13;11,13;11,13;11,13;0,00
09.03.2016;10,90;10,90;10,90;10,90;31,00
10.03.2016;10,90;10,90;10,85;10,85;11,00
11.03.2016;10,85;10,85;10,85;10,85;196,00
14.03.2016;10,90;10,90;10,90;10,90;438,00
15.03.2016;10,90;10,90;10,90;10,90;0,00
16.03.2016;10,90;10,90;10,90;10,90;0,00
17.03.2016;10,90;10,90;10,90;10,90;0,00
18.03.2016;11,49;11,49;11,49;11,49;55,00
21.03.2016;11,45;11,49;11,45;11,49;104,00
22.03.2016;11,49;11,49;11,49;11,49;4,00
23.03.2016;11,49;11,49;11,49;11,49;4,00
24.03.2016;11,49;11,49;11,49;11,49;0,00
29.03.2016;11,49;11,49;11,49;11,49;0,00
30.03.2016;11,45;11,45;11,45;11,45;4,00
31.03.2016;11,45;11,45;11,45;11,45;200,00
01.04.2016;11,45;11,45;11,45;11,45;0,00
04.04.2016;11,45;11,45;11,45;11,45;0,00
05.04.2016;11,45;11,45;11,45;11,45;0,00
06.04.2016;11,45;11,45;11,43;11,43;611,00
07.04.2016;11,43;11,43;11,43;11,43;0,00
08.04.2016;11,50;11,50;11,49;11,49;315,00
11.04.2016;11,49;11,49;11,49;11,49;0,00
12.04.2016;11,50;11,50;11,30;11,50;504,00
13.04.2016;11,50;11,50;11,50;11,50;0,00
14.04.2016;11,50;11,50;11,50;11,50;0,00
15.04.2016;10,41;10,41;10,41;10,41;15,00
18.04.2016;11,00;11,39;10,42;10,51;494,00
19.04.2016;10,43;11,29;10,43;11,29;9,00
20.04.2016;11,29;11,29;11,29;11,29;0,00
21.04.2016;11,19;11,19;11,18;11,18;190,00
22.04.2016;11,18;11,18;11,18;11,18;0,00
25.04.2016;11,18;11,18;11,18;11,18;0,00
26.04.2016;11,18;11,18;11,18;11,18;0,00
27.04.2016;11,17;11,17;11,17;11,17;35,00
28.04.2016;11,17;11,17;11,17;11,17;0,00
29.04.2016;11,17;11,17;11,17;11,17;0,00
02.05.2016;11,17;11,17;11,17;11,17;0,00
03.05.2016;11,17;11,17;11,17;11,17;0,00
04.05.2016;10,36;10,49;10,30;10,30;865,00
06.05.2016;10,40;10,40;10,40;10,40;100,00
09.05.2016;10,40;10,40;10,40;10,40;0,00
10.05.2016;10,40;10,40;10,40;10,40;0,00
11.05.2016;10,30;10,30;10,30;10,30;110,00
12.05.2016;10,30;10,30;10,30;10,30;0,00
13.05.2016;10,10;10,10;10,00;10,00;110,00
16.05.2016;10,00;10,00;10,00;10,00;0,00
17.05.2016;10,00;10,00;10,00;10,00;0,00
18.05.2016;10,00;10,00;10,00;10,00;0,00
19.05.2016;10,00;10,00;10,00;10,00;0,00
20.05.2016;10,00;10,00;10,00;10,00;0,00
23.05.2016;10,00;10,00;10,00;10,00;0,00
24.05.2016;9,90;9,90;9,80;9,80;103,00
25.05.2016;9,80;9,80;9,80;9,80;0,00
26.05.2016;9,80;9,80;9,80;9,80;0,00
27.05.2016;9,86;9,86;9,86;9,86;30,00
30.05.2016;9,86;9,86;9,86;9,86;0,00
31.05.2016;10,00;10,00;10,00;10,00;200,00
01.06.2016;9,90;9,90;9,90;9,90;2887,00
02.06.2016;9,90;9,90;9,90;9,90;0,00
03.06.2016;9,90;9,90;9,90;9,90;0,00
06.06.2016;9,90;9,90;9,90;9,90;0,00
07.06.2016;9,90;9,90;9,90;9,90;0,00
08.06.2016;9,90;9,90;9,90;9,90;0,00
09.06.2016;9,95;9,95;9,95;9,95;101,00
10.06.2016;9,81;9,81;9,81;9,81;131,00
13.06.2016;9,81;9,81;9,81;9,81;0,00
14.06.2016;9,85;9,85;9,85;9,85;26,00
15.06.2016;9,85;9,85;9,85;9,85;0,00
16.06.2016;9,85;9,85;9,85;9,85;0,00
17.06.2016;9,80;9,80;9,80;9,80;130,00
20.06.2016;9,95;9,95;9,95;9,95;5,00
21.06.2016;9,95;9,95;9,95;9,95;0,00
22.06.2016;9,80;9,80;9,80;9,80;3,00
23.06.2016;9,80;9,80;9,80;9,80;0,00
27.06.2016;9,60;9,80;9,59;9,80;290,00
28.06.2016;9,80;9,80;9,80;9,80;4,00
29.06.2016;9,80;9,80;9,80;9,80;0,00
30.06.2016;9,80;9,80;9,80;9,80;0,00
01.07.2016;9,80;9,80;9,80;9,80;96,00
04.07.2016;9,80;9,80;9,80;9,80;0,00
05.07.2016;9,80;9,80;9,80;9,80;50,00
06.07.2016;9,80;9,80;9,80;9,80;0,00
07.07.2016;9,80;9,90;9,80;9,90;399,00
08.07.2016;9,90;9,90;9,90;9,90;0,00
11.07.2016;9,94;9,95;9,94;9,95;200,00
12.07.2016;9,95;9,95;9,95;9,95;113,00
13.07.2016;10,79;10,80;10,79;10,80;190,00
14.07.2016;10,80;10,80;10,80;10,80;0,00
15.07.2016;10,80;10,80;10,80;10,80;0,00
18.07.2016;10,80;10,80;10,80;10,80;165,00
19.07.2016;11,00;11,00;10,99;10,99;1008,00
20.07.2016;10,99;10,99;10,99;10,99;9,00
21.07.2016;10,99;10,99;10,99;10,99;0,00
22.07.2016;10,99;10,99;10,99;10,99;376,00
25.07.2016;10,15;10,96;10,15;10,96;220,00
26.07.2016;10,96;10,96;10,96;10,96;0,00
27.07.2016;10,96;10,96;10,96;10,96;0,00
28.07.2016;10,96;10,96;10,96;10,96;0,00
29.07.2016;10,96;10,96;10,96;10,96;0,00
01.08.2016;10,96;10,96;10,96;10,96;0,00
02.08.2016;10,96;10,96;10,96;10,96;0,00
03.08.2016;10,96;10,96;10,96;10,96;0,00
04.08.2016;10,50;10,96;10,50;10,96;50,00
05.08.2016;10,96;10,96;10,96;10,96;0,00
08.08.2016;10,96;10,96;10,96;10,96;0,00
09.08.2016;10,50;11,00;10,50;11,00;200,00
10.08.2016;10,52;10,54;10,51;10,54;209,00
11.08.2016;10,54;10,54;10,54;10,54;0,00
12.08.2016;10,54;10,54;10,53;10,54;231,00
15.08.2016;10,52;10,52;10,52;10,52;12,00
16.08.2016;10,52;10,52;10,52;10,52;0,00
17.08.2016;10,98;10,98;10,98;10,98;502,00
18.08.2016;10,95;10,99;10,95;10,99;1614,00
19.08.2016;10,99;10,99;10,99;10,99;1790,00
22.08.2016;10,99;10,99;10,99;10,99;1700,00
23.08.2016;10,99;11,23;10,99;11,23;767,00
24.08.2016;11,47;11,50;11,46;11,50;867,00
25.08.2016;11,76;12,15;11,74;12,13;833,00
26.08.2016;12,37;12,62;12,37;12,62;815,00
29.08.2016;12,88;14,00;12,88;14,00;2006,00
30.08.2016;15,00;16,00;15,00;15,25;6456,00
31.08.2016;15,67;15,67;14,50;15,05;7399,00
01.09.2016;15,05;15,05;15,05;15,05;0,00
02.09.2016;15,00;15,00;15,00;15,00;6,00
05.09.2016;15,00;15,00;15,00;15,00;0,00
06.09.2016;15,00;15,00;15,00;15,00;0,00
07.09.2016;11,63;11,63;11,63;11,63;1,00
08.09.2016;14,65;14,65;14,65;14,65;300,00
09.09.2016;14,65;14,65;14,65;14,65;0,00
12.09.2016;14,50;14,50;14,50;14,50;9,00
13.09.2016;14,50;14,50;14,50;14,50;0,00
14.09.2016;14,50;14,50;14,50;14,50;0,00
15.09.2016;12,06;12,12;12,06;12,12;103,00
16.09.2016;12,12;12,12;12,12;12,12;0,00
19.09.2016;12,50;12,50;12,50;12,50;87,00
20.09.2016;12,26;12,26;12,25;12,25;300,00
21.09.2016;12,25;12,25;12,25;12,25;0,00
22.09.2016;13,94;13,94;13,01;13,01;6,00
23.09.2016;13,01;13,01;13,01;13,01;0,00
26.09.2016;12,60;12,86;12,60;12,86;65,00
27.09.2016;13,99;13,99;12,86;12,86;487,00
28.09.2016;12,86;12,86;12,86;12,86;0,00
29.09.2016;12,86;12,86;12,86;12,86;0,00
30.09.2016;13,99;13,99;13,99;13,99;2,00
03.10.2016;13,99;13,99;12,30;13,80;297,00
04.10.2016;13,70;13,70;13,24;13,24;495,00
05.10.2016;13,25;13,25;12,85;12,85;399,00
06.10.2016;12,78;12,78;12,78;12,78;15,00
07.10.2016;12,78;12,78;12,78;12,78;0,00
10.10.2016;12,51;12,78;11,79;11,79;150,00
11.10.2016;13,54;13,54;13,53;13,53;99,00
12.10.2016;13,53;13,53;12,01;13,51;385,00
13.10.2016;13,51;13,51;13,51;13,51;0,00
14.10.2016;12,20;12,20;12,20;12,20;152,00
17.10.2016;13,00;13,00;13,00;13,00;20,00
18.10.2016;13,00;13,00;13,00;13,00;0,00
19.10.2016;13,00;13,00;13,00;13,00;0,00
20.10.2016;12,50;12,50;12,50;12,50;100,00
21.10.2016;12,20;13,00;12,20;13,00;727,00
24.10.2016;12,80;12,80;12,12;12,50;403,00
25.10.2016;12,50;12,50;12,33;12,33;190,00
26.10.2016;12,50;12,51;12,15;12,15;798,00
27.10.2016;12,18;12,51;12,12;12,50;490,00
28.10.2016;12,50;12,50;12,50;12,50;201,00
31.10.2016;12,14;13,00;12,13;12,78;540,00
01.11.2016;12,16;12,16;12,05;12,05;135,00
02.11.2016;11,99;11,99;11,99;11,99;24,00
03.11.2016;12,00;12,00;12,00;12,00;495,00
04.11.2016;12,00;12,00;12,00;12,00;1040,00
07.11.2016;12,00;12,00;12,00;12,00;0,00
08.11.2016;11,99;11,99;11,99;11,99;81,00
09.11.2016;12,05;12,10;12,05;12,05;215,00
10.11.2016;11,89;11,89;11,89;11,89;1,00
11.11.2016;11,89;11,89;11,89;11,89;0,00
14.11.2016;11,89;11,89;11,89;11,89;0,00
15.11.2016;12,39;12,39;12,39;12,39;78,00
16.11.2016;12,40;12,49;12,40;12,49;77,00
17.11.2016;12,49;12,78;12,49;12,78;365,00
18.11.2016;13,00;13,01;13,00;13,00;1608,00
21.11.2016;12,00;13,21;12,00;13,10;3368,00
22.11.2016;12,76;12,76;12,70;12,76;1659,00
