date;open;high;low;close;volume
15.10.2012;2,45;2,57;2,45;2,57;9117,00
16.10.2012;2,57;2,57;2,42;2,49;9165,00
17.10.2012;2,51;2,56;2,50;2,55;2877,00
18.10.2012;2,50;2,52;2,45;2,52;7884,00
19.10.2012;2,52;2,53;2,50;2,53;4380,00
22.10.2012;2,53;2,55;2,50;2,53;6435,00
23.10.2012;2,47;2,48;2,47;2,48;600,00
24.10.2012;2,48;2,48;2,48;2,48;0,00
25.10.2012;2,52;2,52;2,48;2,48;114,00
26.10.2012;2,48;2,48;2,48;2,48;0,00
29.10.2012;2,52;2,52;2,52;2,52;3600,00
30.10.2012;2,58;2,58;2,52;2,52;1263,00
31.10.2012;2,52;2,52;2,52;2,52;15531,00
01.11.2012;2,50;2,50;2,50;2,50;3000,00
02.11.2012;2,50;2,50;2,50;2,50;0,00
05.11.2012;2,50;2,50;2,47;2,47;16680,00
06.11.2012;2,44;2,44;2,42;2,42;4050,00
07.11.2012;2,42;2,42;2,42;2,42;1500,00
08.11.2012;2,42;2,42;2,42;2,42;0,00
09.11.2012;2,41;2,41;2,41;2,41;375,00
12.11.2012;2,52;2,55;2,41;2,41;8100,00
13.11.2012;2,41;2,41;2,41;2,41;0,00
14.11.2012;2,41;2,41;2,41;2,41;0,00
15.11.2012;2,43;2,43;2,40;2,40;3675,00
16.11.2012;2,37;2,37;2,37;2,37;660,00
19.11.2012;2,39;2,39;2,39;2,39;660,00
20.11.2012;2,42;2,42;2,42;2,42;30,00
21.11.2012;2,42;2,45;2,42;2,43;7803,00
22.11.2012;2,43;2,43;2,43;2,43;1365,00
23.11.2012;2,43;2,43;2,43;2,43;0,00
26.11.2012;2,51;2,51;2,51;2,51;120,00
27.11.2012;2,47;2,47;2,47;2,47;270,00
28.11.2012;2,47;2,47;2,47;2,47;0,00
29.11.2012;2,47;2,47;2,47;2,47;0,00
30.11.2012;2,47;2,47;2,47;2,47;0,00
03.12.2012;2,47;2,47;2,47;2,47;0,00
04.12.2012;2,47;2,47;2,47;2,47;0,00
05.12.2012;2,47;2,47;2,47;2,47;60,00
07.12.2012;2,45;2,45;2,45;2,45;600,00
10.12.2012;2,46;2,47;2,46;2,47;1140,00
11.12.2012;2,47;2,47;2,47;2,47;1200,00
12.12.2012;2,43;2,43;2,43;2,43;3300,00
13.12.2012;2,43;2,43;2,43;2,43;0,00
14.12.2012;2,43;2,43;2,43;2,43;0,00
17.12.2012;2,43;2,43;2,43;2,43;0,00
18.12.2012;2,43;2,43;2,43;2,43;0,00
19.12.2012;2,43;2,43;2,43;2,43;12195,00
20.12.2012;2,43;2,43;2,43;2,43;0,00
21.12.2012;2,47;2,47;2,47;2,47;3657,00
27.12.2012;2,45;2,47;2,45;2,47;2130,00
28.12.2012;2,53;2,53;2,53;2,53;3,00
02.01.2013;2,45;2,45;2,45;2,45;1575,00
03.01.2013;2,45;2,45;2,45;2,45;0,00
04.01.2013;2,45;2,45;2,45;2,45;0,00
07.01.2013;2,52;2,52;2,52;2,52;1800,00
08.01.2013;2,53;2,53;2,53;2,53;3189,00
09.01.2013;2,53;2,53;2,53;2,53;0,00
10.01.2013;2,57;2,57;2,57;2,57;1800,00
11.01.2013;2,65;2,73;2,65;2,73;1806,00
14.01.2013;2,73;2,73;2,73;2,73;0,00
15.01.2013;2,73;2,73;2,73;2,73;0,00
16.01.2013;2,75;2,75;2,75;2,75;15,00
17.01.2013;2,79;2,85;2,79;2,82;8850,00
18.01.2013;2,54;2,77;2,54;2,75;3600,00
21.01.2013;2,85;2,85;2,63;2,63;3030,00
22.01.2013;2,71;2,72;2,60;2,63;13500,00
23.01.2013;2,70;2,70;2,70;2,70;3000,00
24.01.2013;2,70;2,70;2,70;2,70;0,00
25.01.2013;2,73;2,73;2,73;2,73;3150,00
28.01.2013;2,73;2,73;2,73;2,73;0,00
29.01.2013;2,73;2,73;2,73;2,73;0,00
30.01.2013;2,78;2,78;2,78;2,78;15,00
31.01.2013;2,67;2,67;2,67;2,67;300,00
01.02.2013;2,67;2,67;2,67;2,67;0,00
04.02.2013;2,67;2,67;2,67;2,67;0,00
05.02.2013;2,77;2,77;2,77;2,77;450,00
06.02.2013;2,77;2,77;2,77;2,77;180,00
07.02.2013;2,75;2,75;2,75;2,75;150,00
08.02.2013;2,75;2,75;2,75;2,75;0,00
11.02.2013;2,75;2,75;2,75;2,75;0,00
12.02.2013;2,75;2,75;2,75;2,75;0,00
13.02.2013;2,75;2,75;2,75;2,75;0,00
14.02.2013;2,75;2,75;2,75;2,75;0,00
15.02.2013;2,73;2,73;2,73;2,73;600,00
18.02.2013;2,73;2,73;2,73;2,73;75,00
19.02.2013;2,73;2,73;2,73;2,73;0,00
20.02.2013;2,73;2,73;2,73;2,73;30,00
21.02.2013;2,73;2,73;2,73;2,73;0,00
22.02.2013;2,73;2,73;2,73;2,73;0,00
25.02.2013;2,73;2,73;2,73;2,73;0,00
26.02.2013;2,73;2,73;2,70;2,70;3000,00
27.02.2013;2,70;2,70;2,70;2,70;0,00
28.02.2013;2,70;2,77;2,67;2,67;4515,00
01.03.2013;2,67;2,67;2,67;2,67;1800,00
04.03.2013;2,67;2,67;2,67;2,67;0,00
05.03.2013;2,68;2,70;2,68;2,68;2130,00
06.03.2013;2,68;2,68;2,68;2,68;1500,00
07.03.2013;2,82;2,82;2,62;2,67;11166,00
08.03.2013;2,70;2,80;2,70;2,80;2520,00
11.03.2013;2,77;2,85;2,77;2,83;4671,00
12.03.2013;2,85;3,01;2,85;3,01;2790,00
13.03.2013;3,05;3,05;2,95;2,95;3900,00
14.03.2013;2,94;2,98;2,93;2,93;11289,00
15.03.2013;3,00;3,00;2,89;2,89;2280,00
18.03.2013;2,83;2,83;2,83;2,83;1680,00
19.03.2013;2,80;2,80;2,80;2,80;180,00
20.03.2013;2,80;2,80;2,73;2,77;2850,00
21.03.2013;2,75;2,75;2,75;2,75;1500,00
22.03.2013;2,75;2,75;2,75;2,75;1500,00
25.03.2013;2,77;2,77;2,77;2,77;1344,00
26.03.2013;2,76;2,77;2,76;2,77;600,00
27.03.2013;2,75;2,77;2,71;2,77;810,00
28.03.2013;2,72;2,78;2,72;2,78;699,00
02.04.2013;2,75;2,78;2,75;2,78;1074,00
03.04.2013;2,78;2,83;2,78;2,83;2280,00
04.04.2013;2,81;2,81;2,81;2,81;420,00
05.04.2013;2,81;2,81;2,81;2,81;0,00
08.04.2013;2,71;2,75;2,71;2,75;2850,00
09.04.2013;2,72;2,72;2,72;2,72;60,00
10.04.2013;2,72;2,72;2,72;2,72;630,00
11.04.2013;2,72;2,72;2,72;2,72;0,00
12.04.2013;2,72;2,72;2,72;2,72;0,00
15.04.2013;2,71;2,71;2,53;2,63;48330,00
16.04.2013;2,63;2,63;2,63;2,63;0,00
17.04.2013;2,63;2,63;2,63;2,63;0,00
18.04.2013;2,62;2,62;2,54;2,54;2520,00
19.04.2013;2,54;2,54;2,54;2,54;0,00
22.04.2013;2,55;2,60;2,55;2,60;8460,00
23.04.2013;2,60;2,60;2,60;2,60;0,00
24.04.2013;2,60;2,60;2,60;2,60;300,00
25.04.2013;2,67;2,67;2,58;2,62;9690,00
26.04.2013;2,62;2,65;2,62;2,65;846,00
29.04.2013;2,65;2,65;2,65;2,65;0,00
30.04.2013;2,57;2,58;2,55;2,58;3300,00
02.05.2013;2,59;2,59;2,53;2,53;2616,00
03.05.2013;2,60;2,60;2,60;2,60;2055,00
06.05.2013;2,62;2,62;2,59;2,59;4380,00
07.05.2013;2,60;2,60;2,60;2,60;900,00
08.05.2013;2,62;2,63;2,60;2,63;5463,00
10.05.2013;2,65;2,71;2,65;2,67;16452,00
13.05.2013;2,70;2,73;2,70;2,73;510,00
14.05.2013;2,73;2,77;2,73;2,77;5010,00
15.05.2013;3,00;3,00;2,73;2,78;9603,00
16.05.2013;2,78;2,84;2,78;2,84;1980,00
17.05.2013;2,81;2,81;2,71;2,71;4500,00
20.05.2013;2,72;2,72;2,72;2,72;1470,00
21.05.2013;2,77;2,77;2,77;2,77;300,00
22.05.2013;2,77;2,77;2,77;2,77;0,00
23.05.2013;2,70;2,73;2,70;2,73;2400,00
24.05.2013;2,67;2,67;2,67;2,67;3000,00
27.05.2013;2,76;2,82;2,76;2,82;1515,00
28.05.2013;2,83;2,86;2,83;2,85;6000,00
29.05.2013;2,87;2,88;2,87;2,88;600,00
30.05.2013;2,88;3,03;2,88;2,93;9405,00
31.05.2013;2,96;2,96;2,96;2,96;600,00
03.06.2013;2,96;2,96;2,96;2,96;0,00
04.06.2013;3,02;3,03;2,96;3,03;2208,00
05.06.2013;2,98;2,98;2,92;2,98;4800,00
06.06.2013;2,98;2,98;2,98;2,98;0,00
07.06.2013;2,90;2,97;2,90;2,97;600,00
10.06.2013;2,89;2,89;2,75;2,87;10560,00
11.06.2013;2,87;2,87;2,87;2,87;0,00
12.06.2013;2,87;2,87;2,87;2,87;0,00
13.06.2013;2,87;2,87;2,87;2,87;1050,00
14.06.2013;2,77;2,77;2,77;2,77;843,00
17.06.2013;2,71;2,71;2,71;2,71;600,00
18.06.2013;2,71;2,71;2,71;2,71;0,00
19.06.2013;2,71;2,71;2,71;2,71;0,00
20.06.2013;2,71;2,71;2,71;2,71;0,00
24.06.2013;2,70;2,73;2,67;2,67;5400,00
25.06.2013;2,67;2,67;2,67;2,67;0,00
26.06.2013;2,73;2,80;2,73;2,80;12375,00
27.06.2013;2,80;2,80;2,80;2,80;1800,00
28.06.2013;2,80;2,80;2,80;2,80;0,00
01.07.2013;2,80;2,88;2,77;2,88;3900,00
02.07.2013;2,88;2,88;2,88;2,88;0,00
03.07.2013;2,86;2,86;2,86;2,86;195,00
04.07.2013;2,86;2,87;2,86;2,87;5835,00
05.07.2013;2,83;2,83;2,83;2,83;2970,00
08.07.2013;2,93;2,93;2,88;2,88;2250,00
09.07.2013;3,00;3,07;3,00;3,07;3000,00
10.07.2013;3,13;3,18;3,13;3,13;2460,00
11.07.2013;3,13;3,15;3,13;3,15;1650,00
12.07.2013;3,13;3,13;3,13;3,13;4260,00
15.07.2013;3,26;3,33;3,17;3,17;9510,00
16.07.2013;3,17;3,17;3,17;3,17;1050,00
17.07.2013;3,17;3,17;3,17;3,17;0,00
18.07.2013;3,10;3,10;3,10;3,10;4500,00
19.07.2013;3,13;3,13;3,13;3,13;10710,00
22.07.2013;3,12;3,15;3,12;3,15;9000,00
23.07.2013;3,15;3,15;3,15;3,15;0,00
24.07.2013;3,13;3,13;3,13;3,13;5130,00
25.07.2013;3,17;3,27;3,17;3,27;10350,00
26.07.2013;3,20;3,33;3,20;3,33;10500,00
29.07.2013;3,33;3,33;3,33;3,33;9000,00
30.07.2013;3,33;3,67;3,33;3,33;9978,00
31.07.2013;3,40;3,50;3,40;3,40;9000,00
01.08.2013;3,40;3,50;3,40;3,47;15000,00
02.08.2013;3,53;3,60;3,53;3,60;11400,00
05.08.2013;3,50;3,50;3,50;3,50;90,00
06.08.2013;3,50;3,50;3,50;3,50;0,00
07.08.2013;3,50;3,50;3,50;3,50;0,00
08.08.2013;3,50;3,50;3,50;3,50;0,00
09.08.2013;3,50;3,50;3,50;3,50;0,00
12.08.2013;3,43;3,45;3,42;3,42;3015,00
13.08.2013;3,45;3,45;3,45;3,45;30,00
14.08.2013;3,45;3,45;3,45;3,45;720,00
15.08.2013;3,43;3,43;3,43;3,43;750,00
16.08.2013;3,28;3,29;3,28;3,29;3000,00
19.08.2013;3,29;3,29;3,29;3,29;90,00
20.08.2013;3,27;3,29;3,27;3,28;4500,00
21.08.2013;3,21;3,21;3,14;3,14;8850,00
22.08.2013;3,08;3,08;2,85;2,88;13128,00
23.08.2013;2,82;3,01;2,82;3,01;52350,00
26.08.2013;3,01;3,01;3,01;3,01;0,00
27.08.2013;3,02;3,03;3,02;3,02;9900,00
28.08.2013;3,02;3,02;3,02;3,02;2700,00
29.08.2013;3,07;3,07;3,07;3,07;1800,00
30.08.2013;3,07;3,07;3,07;3,07;0,00
02.09.2013;3,03;3,03;3,03;3,03;600,00
03.09.2013;3,03;3,13;3,03;3,13;16500,00
04.09.2013;3,10;3,10;3,07;3,07;1125,00
05.09.2013;3,18;3,18;3,07;3,07;1905,00
06.09.2013;3,03;3,03;2,98;2,98;2910,00
09.09.2013;3,00;3,00;3,00;3,00;1350,00
10.09.2013;3,01;3,01;3,01;3,01;99,00
11.09.2013;2,93;2,95;2,93;2,93;4050,00
12.09.2013;2,93;2,93;2,93;2,93;630,00
13.09.2013;2,93;2,93;2,90;2,90;1950,00
16.09.2013;2,94;2,94;2,94;2,94;330,00
17.09.2013;2,95;2,95;2,87;2,92;3249,00
18.09.2013;2,92;2,92;2,92;2,92;0,00
19.09.2013;2,88;2,95;2,88;2,88;2100,00
20.09.2013;2,88;2,88;2,88;2,88;951,00
23.09.2013;2,88;2,88;2,87;2,87;15990,00
24.09.2013;2,87;2,87;2,87;2,87;0,00
25.09.2013;2,99;2,99;2,84;2,84;2190,00
26.09.2013;3,00;3,00;2,83;2,85;4611,00
27.09.2013;2,87;2,87;2,87;2,87;600,00
30.09.2013;2,91;2,92;2,87;2,87;4560,00
01.10.2013;2,87;2,87;2,87;2,87;0,00
02.10.2013;2,91;2,91;2,83;2,83;4710,00
03.10.2013;2,83;2,83;2,80;2,80;6480,00
04.10.2013;2,83;2,83;2,74;2,74;7800,00
07.10.2013;2,73;2,77;2,68;2,72;5427,00
08.10.2013;2,75;2,75;2,73;2,73;4257,00
09.10.2013;2,73;2,73;2,68;2,68;525,00
10.10.2013;2,73;2,84;2,73;2,84;63402,00
11.10.2013;3,00;3,08;3,00;3,08;8700,00
14.10.2013;3,08;3,08;3,00;3,08;5010,00
15.10.2013;3,05;3,05;3,00;3,02;4794,00
16.10.2013;3,03;3,03;2,99;2,99;3195,00
17.10.2013;3,00;3,00;3,00;3,00;1284,00
18.10.2013;3,00;3,00;2,99;2,99;3750,00
21.10.2013;3,00;3,00;3,00;3,00;660,00
22.10.2013;3,00;3,00;3,00;3,00;0,00
23.10.2013;3,05;3,05;3,05;3,05;60,00
24.10.2013;3,05;3,05;3,03;3,03;2880,00
25.10.2013;3,04;3,05;3,03;3,03;7860,00
28.10.2013;3,00;3,02;3,00;3,02;960,00
29.10.2013;3,00;3,00;3,00;3,00;360,00
30.10.2013;2,97;3,00;2,97;3,00;936,00
31.10.2013;3,05;3,05;3,05;3,05;150,00
01.11.2013;3,04;3,04;3,04;3,04;240,00
04.11.2013;3,00;3,12;2,98;3,12;15072,00
05.11.2013;3,17;3,27;3,17;3,27;7644,00
06.11.2013;3,27;3,27;3,27;3,27;7800,00
07.11.2013;3,27;3,34;3,25;3,33;19977,00
08.11.2013;3,37;3,51;3,37;3,50;17466,00
11.11.2013;3,63;4,05;3,63;4,05;45855,00
12.11.2013;4,07;4,07;3,83;3,90;9369,00
13.11.2013;4,00;4,30;4,00;4,30;14760,00
14.11.2013;4,30;4,30;4,07;4,25;34503,00
15.11.2013;4,23;4,23;4,04;4,10;3249,00
18.11.2013;4,10;4,10;3,92;3,98;6972,00
19.11.2013;4,05;4,06;4,05;4,06;2766,00
20.11.2013;4,06;4,06;4,05;4,06;2091,00
21.11.2013;4,06;4,08;4,06;4,08;810,00
22.11.2013;4,10;4,10;4,10;4,10;3000,00
25.11.2013;4,10;4,10;4,01;4,10;5259,00
26.11.2013;4,14;4,80;4,14;4,18;13812,00
27.11.2013;4,19;4,30;4,15;4,15;5265,00
28.11.2013;4,15;4,15;4,15;4,15;0,00
29.11.2013;4,30;4,30;4,30;4,30;2253,00
02.12.2013;4,31;4,31;4,25;4,25;5100,00
03.12.2013;4,25;4,27;4,25;4,27;3822,00
04.12.2013;4,17;4,17;4,13;4,13;1710,00
05.12.2013;4,13;4,29;4,13;4,29;2505,00
09.12.2013;4,29;4,29;4,22;4,22;5820,00
10.12.2013;4,22;4,22;4,13;4,13;1728,00
11.12.2013;4,07;4,07;4,02;4,02;1950,00
12.12.2013;4,00;4,00;4,00;4,00;1200,00
13.12.2013;4,00;4,00;4,00;4,00;0,00
16.12.2013;4,00;4,00;3,98;4,00;2649,00
17.12.2013;3,92;4,00;3,92;4,00;1842,00
18.12.2013;4,00;4,00;4,00;4,00;2100,00
19.12.2013;4,00;4,25;4,00;4,17;8169,00
20.12.2013;4,17;4,23;4,17;4,23;3030,00
23.12.2013;4,20;4,23;4,17;4,23;1860,00
27.12.2013;4,26;4,26;4,17;4,17;6450,00
30.12.2013;4,17;4,27;4,17;4,27;690,00
02.01.2014;4,15;4,20;3,98;4,03;39477,00
03.01.2014;4,10;4,33;4,10;4,32;25500,00
07.01.2014;4,27;4,27;4,10;4,10;2088,00
08.01.2014;4,13;4,19;4,13;4,19;2055,00
09.01.2014;4,17;4,23;4,17;4,23;3900,00
10.01.2014;4,23;4,23;4,08;4,08;2838,00
13.01.2014;4,17;4,23;4,17;4,23;6576,00
14.01.2014;4,17;4,17;4,17;4,17;2040,00
15.01.2014;4,17;4,20;4,17;4,17;3150,00
16.01.2014;4,17;4,20;4,17;4,20;1500,00
17.01.2014;4,07;4,07;4,07;4,07;60,00
20.01.2014;4,12;4,12;4,06;4,06;3138,00
21.01.2014;4,12;4,12;4,10;4,10;1815,00
22.01.2014;4,10;4,10;4,10;4,10;0,00
23.01.2014;4,07;4,10;4,07;4,07;1200,00
24.01.2014;4,07;4,07;4,07;4,07;150,00
27.01.2014;4,10;4,17;4,10;4,16;6600,00
28.01.2014;4,16;4,16;4,16;4,16;0,00
29.01.2014;4,16;4,17;4,16;4,17;1500,00
30.01.2014;4,03;4,03;4,03;4,03;450,00
31.01.2014;4,03;4,03;4,00;4,00;1770,00
03.02.2014;4,00;4,00;4,00;4,00;0,00
04.02.2014;4,07;4,08;4,07;4,07;4500,00
05.02.2014;4,10;4,23;4,10;4,20;10200,00
06.02.2014;4,10;4,10;4,07;4,07;6003,00
07.02.2014;4,07;4,12;4,07;4,12;5616,00
10.02.2014;4,13;4,15;4,12;4,15;5460,00
11.02.2014;4,15;4,15;4,15;4,15;1620,00
12.02.2014;4,10;4,10;4,07;4,07;2850,00
13.02.2014;4,10;4,10;4,07;4,07;2730,00
14.02.2014;4,10;4,10;4,07;4,10;4530,00
17.02.2014;4,09;4,09;4,04;4,08;3735,00
18.02.2014;4,13;4,17;4,03;4,17;6450,00
19.02.2014;4,06;4,13;4,06;4,13;1980,00
20.02.2014;4,13;4,13;4,13;4,13;0,00
21.02.2014;4,18;4,18;4,18;4,18;480,00
24.02.2014;4,07;4,07;4,02;4,02;9756,00
25.02.2014;4,00;4,08;3,99;3,99;11766,00
26.02.2014;4,03;4,03;4,03;4,03;600,00
27.02.2014;4,08;4,19;4,07;4,13;14415,00
28.02.2014;4,20;4,20;4,00;4,08;6693,00
03.03.2014;4,08;4,15;4,07;4,12;4263,00
04.03.2014;4,15;4,15;4,15;4,15;4620,00
05.03.2014;4,09;4,09;4,07;4,07;1020,00
06.03.2014;4,01;4,01;3,93;3,98;7683,00
07.03.2014;4,00;4,00;4,00;4,00;999,00
10.03.2014;4,00;4,00;3,98;3,99;2271,00
11.03.2014;4,00;4,08;4,00;4,08;750,00
12.03.2014;4,07;4,07;3,97;3,97;1560,00
13.03.2014;3,97;4,00;3,97;4,00;2574,00
14.03.2014;4,00;4,00;4,00;4,00;300,00
17.03.2014;3,95;3,95;3,95;3,95;1851,00
18.03.2014;3,95;3,95;3,93;3,93;477,00
19.03.2014;3,93;4,16;3,93;4,16;3699,00
20.03.2014;4,16;4,16;4,16;4,16;0,00
21.03.2014;4,02;4,02;4,01;4,02;3660,00
24.03.2014;4,00;4,03;4,00;4,03;3900,00
25.03.2014;3,98;4,01;3,98;4,01;1200,00
26.03.2014;4,01;4,01;4,01;4,01;1800,00
27.03.2014;3,96;3,96;3,95;3,95;3000,00
28.03.2014;4,00;4,00;4,00;4,00;159,00
31.03.2014;4,00;4,00;4,00;4,00;1773,00
01.04.2014;3,95;3,99;3,88;3,99;1857,00
02.04.2014;4,00;4,00;4,00;4,00;3915,00
03.04.2014;3,88;3,90;3,88;3,90;2028,00
04.04.2014;3,90;3,90;3,85;3,85;6777,00
07.04.2014;3,83;3,84;3,83;3,84;1800,00
08.04.2014;3,84;3,84;3,84;3,84;0,00
09.04.2014;3,85;3,88;3,80;3,88;1584,00
10.04.2014;3,83;3,83;3,83;3,83;2700,00
11.04.2014;3,83;3,83;3,69;3,69;5577,00
14.04.2014;3,82;3,83;3,82;3,82;1329,00
15.04.2014;3,82;3,85;3,78;3,85;1266,00
16.04.2014;3,85;3,85;3,85;3,85;0,00
17.04.2014;3,85;3,85;3,85;3,85;0,00
22.04.2014;3,80;3,88;3,80;3,80;7122,00
23.04.2014;3,80;3,83;3,78;3,83;1596,00
24.04.2014;3,78;3,80;3,73;3,73;4935,00
25.04.2014;3,70;3,70;3,53;3,56;15900,00
28.04.2014;3,56;3,56;3,56;3,56;279,00
29.04.2014;3,65;3,68;3,65;3,67;5307,00
30.04.2014;3,67;3,67;3,67;3,67;0,00
02.05.2014;3,58;3,58;3,53;3,53;5040,00
05.05.2014;3,58;3,62;3,58;3,62;4800,00
06.05.2014;3,55;3,61;3,55;3,61;6750,00
07.05.2014;3,61;3,61;3,61;3,61;915,00
08.05.2014;3,60;3,62;3,60;3,62;2223,00
09.05.2014;3,57;3,57;3,57;3,57;1500,00
12.05.2014;3,58;3,63;3,58;3,62;5958,00
13.05.2014;3,62;3,63;3,60;3,63;1806,00
14.05.2014;3,64;3,74;3,64;3,74;19269,00
15.05.2014;3,87;4,13;3,81;3,87;179964,00
16.05.2014;3,93;4,08;3,93;4,00;13131,00
19.05.2014;4,00;4,00;3,90;3,90;5046,00
20.05.2014;3,91;3,91;3,82;3,87;10509,00
21.05.2014;3,87;3,87;3,67;3,67;21282,00
22.05.2014;3,73;3,79;3,73;3,77;7725,00
23.05.2014;3,85;3,85;3,85;3,85;900,00
26.05.2014;3,88;4,02;3,88;4,00;18657,00
27.05.2014;4,05;4,28;4,05;4,10;75315,00
28.05.2014;4,12;4,21;4,08;4,21;21627,00
30.05.2014;4,21;4,50;4,21;4,33;26829,00
02.06.2014;4,33;4,40;4,29;4,40;18915,00
03.06.2014;4,39;4,40;4,30;4,33;17928,00
04.06.2014;4,30;4,30;4,17;4,19;10836,00
05.06.2014;4,20;4,20;4,17;4,17;1809,00
06.06.2014;4,21;4,21;4,17;4,17;6876,00
09.06.2014;4,26;4,26;4,17;4,17;3633,00
10.06.2014;4,27;4,27;4,27;4,27;1230,00
11.06.2014;4,27;4,30;4,27;4,30;2292,00
12.06.2014;4,33;4,43;4,33;4,41;13800,00
13.06.2014;4,41;4,42;4,38;4,42;4044,00
16.06.2014;4,42;4,42;4,38;4,38;1854,00
17.06.2014;4,40;4,40;4,38;4,40;1311,00
18.06.2014;4,41;4,43;4,41;4,43;3342,00
19.06.2014;4,43;4,43;4,42;4,42;8367,00
23.06.2014;4,43;4,43;4,42;4,42;720,00
24.06.2014;4,42;4,43;4,40;4,40;7800,00
25.06.2014;4,42;4,45;4,40;4,45;7059,00
26.06.2014;4,44;4,45;4,43;4,43;17607,00
27.06.2014;4,43;4,43;4,42;4,42;12435,00
30.06.2014;4,42;4,42;4,37;4,38;17772,00
01.07.2014;4,45;4,45;4,37;4,37;510,00
02.07.2014;4,37;4,43;4,37;4,42;915,00
03.07.2014;4,43;4,48;4,43;4,48;1539,00
04.07.2014;4,46;4,47;4,46;4,47;1206,00
07.07.2014;4,40;4,48;4,40;4,48;3255,00
08.07.2014;4,48;4,48;4,43;4,43;4515,00
09.07.2014;4,47;4,49;4,47;4,49;156,00
10.07.2014;4,43;4,49;4,43;4,49;1260,00
11.07.2014;4,48;4,48;4,47;4,47;408,00
14.07.2014;4,47;4,47;4,37;4,46;3717,00
15.07.2014;4,45;4,45;4,37;4,37;900,00
16.07.2014;4,40;4,40;4,13;4,24;2145,00
17.07.2014;4,40;4,40;4,34;4,34;873,00
18.07.2014;4,34;4,43;4,29;4,29;1005,00
21.07.2014;4,30;4,40;4,30;4,40;471,00
22.07.2014;4,32;4,41;4,30;4,30;3090,00
23.07.2014;4,30;4,42;4,30;4,42;2214,00
24.07.2014;4,43;4,43;4,39;4,39;13470,00
25.07.2014;4,42;4,42;4,42;4,42;639,00
28.07.2014;4,41;4,41;4,41;4,41;2385,00
29.07.2014;4,40;4,40;4,36;4,36;603,00
30.07.2014;4,41;4,41;4,35;4,35;2397,00
31.07.2014;4,31;4,42;4,31;4,32;594,00
01.08.2014;4,32;4,32;4,13;4,20;5940,00
04.08.2014;4,16;4,18;4,00;4,07;6447,00
05.08.2014;3,94;4,05;3,83;3,95;10068,00
06.08.2014;3,97;3,97;3,67;3,80;5985,00
07.08.2014;3,80;4,00;3,80;4,00;4023,00
08.08.2014;4,01;4,13;4,01;4,13;5841,00
11.08.2014;4,15;4,29;4,15;4,29;3036,00
12.08.2014;4,29;4,30;4,23;4,28;4044,00
13.08.2014;4,30;4,36;4,27;4,31;8826,00
14.08.2014;4,50;4,55;4,21;4,33;24189,00
15.08.2014;4,43;4,48;4,43;4,46;12003,00
18.08.2014;4,48;4,48;4,44;4,47;2130,00
19.08.2014;4,45;4,45;4,39;4,44;447,00
20.08.2014;4,45;4,45;4,34;4,34;6501,00
21.08.2014;4,34;4,34;4,22;4,33;3069,00
22.08.2014;4,35;4,35;4,35;4,35;510,00
25.08.2014;4,34;4,34;4,33;4,33;2283,00
26.08.2014;4,36;4,36;4,36;4,36;1752,00
27.08.2014;4,36;4,37;4,29;4,29;4509,00
28.08.2014;4,33;4,33;4,33;4,33;435,00
29.08.2014;4,34;4,34;4,34;4,34;255,00
01.09.2014;4,37;4,37;4,25;4,25;219,00
02.09.2014;4,26;4,35;4,26;4,30;5550,00
03.09.2014;4,29;4,33;4,29;4,33;3915,00
04.09.2014;4,36;4,36;4,36;4,36;375,00
05.09.2014;4,49;4,49;4,43;4,46;6468,00
08.09.2014;4,47;4,49;4,38;4,47;11004,00
09.09.2014;4,47;4,53;4,47;4,48;16002,00
10.09.2014;4,49;4,49;4,46;4,47;3678,00
11.09.2014;4,47;4,48;4,47;4,48;3342,00
12.09.2014;4,48;4,50;4,47;4,47;4416,00
15.09.2014;4,43;4,48;4,43;4,45;3420,00
16.09.2014;4,45;4,45;4,43;4,43;999,00
17.09.2014;4,48;4,48;4,47;4,48;750,00
18.09.2014;4,48;4,48;4,43;4,43;5454,00
19.09.2014;4,43;4,43;4,35;4,35;11499,00
22.09.2014;4,40;4,42;4,38;4,42;4455,00
23.09.2014;4,42;4,46;4,42;4,46;8955,00
24.09.2014;4,46;4,47;4,46;4,47;6591,00
25.09.2014;4,50;4,52;4,49;4,49;4782,00
26.09.2014;4,50;4,52;4,50;4,52;4836,00
29.09.2014;4,52;4,53;4,52;4,53;780,00
30.09.2014;4,53;4,56;4,53;4,53;13830,00
01.10.2014;4,56;4,58;4,56;4,58;4953,00
02.10.2014;4,58;4,58;4,53;4,53;2763,00
03.10.2014;4,55;4,57;4,53;4,57;1032,00
06.10.2014;4,57;4,58;4,57;4,57;999,00
07.10.2014;4,57;4,57;4,47;4,47;3309,00
08.10.2014;4,47;4,47;4,45;4,45;1491,00
09.10.2014;4,47;4,55;4,47;4,55;744,00
10.10.2014;4,42;4,42;4,42;4,42;828,00
13.10.2014;4,42;4,42;4,40;4,40;3525,00
14.10.2014;4,40;4,44;4,40;4,40;900,00
15.10.2014;4,45;4,45;4,37;4,37;885,00
16.10.2014;4,37;4,37;4,26;4,26;4755,00
17.10.2014;4,27;4,32;4,27;4,31;1665,00
20.10.2014;4,31;4,32;4,31;4,32;516,00
21.10.2014;4,33;4,42;4,31;4,31;5640,00
22.10.2014;4,38;4,38;4,38;4,38;66,00
23.10.2014;4,42;4,42;4,31;4,42;5445,00
24.10.2014;4,42;4,42;4,41;4,41;36,00
27.10.2014;4,42;4,42;4,31;4,42;177,00
28.10.2014;4,42;4,42;4,42;4,42;0,00
29.10.2014;4,37;4,50;4,37;4,50;4161,00
30.10.2014;4,50;4,50;4,50;4,50;162,00
31.10.2014;4,50;4,50;4,42;4,42;873,00
03.11.2014;4,40;4,40;4,28;4,28;5433,00
04.11.2014;4,36;4,36;4,36;4,36;450,00
05.11.2014;4,37;4,37;4,32;4,33;2244,00
06.11.2014;4,33;4,33;4,32;4,33;2916,00
07.11.2014;4,33;4,33;4,29;4,29;151155,00
10.11.2014;4,33;4,33;4,33;4,33;1413,00
11.11.2014;4,33;4,33;4,29;4,31;6510,00
12.11.2014;4,30;4,30;4,25;4,30;6642,00
13.11.2014;4,30;4,30;4,28;4,30;3366,00
14.11.2014;4,30;4,32;4,29;4,30;6987,00
17.11.2014;4,28;4,30;4,28;4,28;1740,00
18.11.2014;4,27;4,27;4,24;4,24;5079,00
19.11.2014;4,23;4,27;4,23;4,23;2397,00
20.11.2014;4,23;4,26;4,23;4,26;2280,00
21.11.2014;4,26;4,26;4,20;4,20;3765,00
24.11.2014;4,18;4,23;4,18;4,23;3657,00
25.11.2014;4,23;4,23;4,23;4,23;1554,00
26.11.2014;4,21;4,25;4,17;4,17;6153,00
27.11.2014;4,18;4,23;4,14;4,23;7779,00
28.11.2014;4,23;4,23;4,14;4,14;4077,00
01.12.2014;4,24;4,32;4,23;4,30;36711,00
02.12.2014;4,31;4,31;4,30;4,30;21870,00
03.12.2014;4,31;4,31;4,29;4,31;41967,00
04.12.2014;4,30;4,33;4,30;4,30;14001,00
05.12.2014;4,32;4,33;4,31;4,32;13455,00
08.12.2014;4,32;4,38;4,32;4,38;16653,00
09.12.2014;4,38;4,45;4,37;4,42;16833,00
10.12.2014;4,42;4,48;4,42;4,44;5685,00
11.12.2014;4,44;4,44;4,44;4,44;3174,00
12.12.2014;4,44;4,44;4,40;4,40;4860,00
15.12.2014;4,33;4,44;4,33;4,44;2925,00
16.12.2014;4,44;4,44;4,33;4,40;14832,00
17.12.2014;4,40;4,43;4,40;4,43;741,00
18.12.2014;4,43;4,48;4,43;4,43;5508,00
19.12.2014;4,43;4,48;4,43;4,48;7278,00
22.12.2014;4,50;4,58;4,50;4,57;8097,00
23.12.2014;4,58;4,58;4,56;4,56;6894,00
29.12.2014;4,58;4,58;4,56;4,56;5043,00
30.12.2014;4,58;4,58;4,56;4,56;3237,00
02.01.2015;4,56;4,70;4,56;4,69;4578,00
05.01.2015;4,70;4,78;4,70;4,73;16098,00
07.01.2015;4,80;4,81;4,74;4,78;8802,00
08.01.2015;4,78;4,78;4,57;4,63;18165,00
09.01.2015;4,64;4,65;4,59;4,63;5142,00
12.01.2015;4,60;4,62;4,54;4,62;5385,00
13.01.2015;4,62;4,67;4,62;4,62;3477,00
14.01.2015;4,55;4,57;4,55;4,56;930,00
15.01.2015;4,57;4,65;4,57;4,63;3420,00
16.01.2015;4,71;4,71;4,65;4,65;5664,00
19.01.2015;4,65;4,67;4,65;4,67;2556,00
20.01.2015;4,71;4,71;4,69;4,69;2307,00
21.01.2015;4,71;4,71;4,69;4,71;2571,00
22.01.2015;4,71;4,71;4,71;4,71;0,00
23.01.2015;4,73;4,77;4,73;4,77;6855,00
26.01.2015;4,80;4,81;4,75;4,81;5247,00
27.01.2015;4,81;4,82;4,77;4,82;2673,00
28.01.2015;4,82;4,83;4,80;4,80;3141,00
29.01.2015;4,80;4,80;4,80;4,80;831,00
30.01.2015;4,82;4,82;4,82;4,82;2379,00
02.02.2015;4,82;4,82;4,75;4,77;2088,00
03.02.2015;4,78;4,82;4,75;4,82;5595,00
04.02.2015;4,82;4,85;4,75;4,83;3708,00
05.02.2015;4,83;4,85;4,83;4,85;2046,00
06.02.2015;4,85;4,85;4,83;4,85;5943,00
09.02.2015;4,87;5,06;4,83;5,06;9996,00
10.02.2015;5,06;5,41;5,05;5,20;13050,00
11.02.2015;5,22;5,30;5,22;5,26;5652,00
12.02.2015;5,26;5,37;5,25;5,27;5190,00
13.02.2015;5,26;5,26;5,18;5,24;5964,00
16.02.2015;5,26;5,33;5,21;5,33;5760,00
17.02.2015;5,33;5,54;5,33;5,48;8793,00
18.02.2015;5,58;5,58;5,44;5,44;2499,00
19.02.2015;5,45;5,51;5,43;5,45;4884,00
20.02.2015;5,45;5,45;5,37;5,43;1407,00
23.02.2015;5,52;5,53;5,44;5,48;5715,00
24.02.2015;5,53;5,60;5,53;5,55;6264,00
25.02.2015;5,55;5,63;5,55;5,63;13797,00
26.02.2015;5,64;6,22;5,64;5,95;23091,00
27.02.2015;6,00;6,42;6,00;6,39;25497,00
02.03.2015;6,39;6,39;6,31;6,33;7926,00
03.03.2015;6,33;6,37;6,20;6,29;8259,00
04.03.2015;6,30;6,30;6,17;6,22;2853,00
05.03.2015;6,16;6,16;5,61;5,81;28410,00
06.03.2015;5,80;5,88;5,71;5,80;9519,00
09.03.2015;5,85;5,95;5,77;5,87;8052,00
10.03.2015;5,83;5,87;5,83;5,85;5310,00
11.03.2015;5,85;5,85;5,81;5,83;3243,00
12.03.2015;5,83;5,83;5,83;5,83;1449,00
13.03.2015;5,82;5,92;5,82;5,87;8424,00
16.03.2015;5,90;5,90;5,88;5,90;7371,00
17.03.2015;5,90;5,90;5,88;5,90;6216,00
18.03.2015;5,90;5,90;5,88;5,90;2751,00
19.03.2015;5,90;5,90;5,89;5,90;3939,00
20.03.2015;5,90;5,91;5,88;5,91;6384,00
23.03.2015;5,92;5,95;5,92;5,94;2334,00
24.03.2015;5,92;5,93;5,82;5,83;8694,00
25.03.2015;5,83;5,90;5,83;5,88;153225,00
26.03.2015;5,88;5,88;5,80;5,82;2250,00
27.03.2015;5,96;5,96;5,90;5,93;111432,00
30.03.2015;5,92;5,96;5,88;5,90;305679,00
31.03.2015;5,93;5,94;5,92;5,92;15801,00
01.04.2015;5,93;5,95;5,92;5,92;16743,00
02.04.2015;5,97;6,00;5,92;5,95;17625,00
07.04.2015;5,95;6,00;5,86;6,00;23553,00
08.04.2015;6,00;6,20;6,00;6,14;16356,00
09.04.2015;6,14;6,37;6,07;6,33;21297,00
10.04.2015;6,34;6,75;6,34;6,48;30075,00
13.04.2015;6,53;6,53;6,33;6,45;11133,00
14.04.2015;6,40;6,40;6,17;6,23;14832,00
15.04.2015;6,19;6,19;5,90;5,90;46005,00
16.04.2015;6,00;6,03;5,89;5,92;172962,00
17.04.2015;6,07;6,12;5,87;5,87;10965,00
20.04.2015;5,97;6,07;5,97;6,00;11649,00
21.04.2015;6,00;6,15;6,00;6,00;15240,00
22.04.2015;6,00;6,04;5,89;5,99;8478,00
23.04.2015;5,99;6,02;5,90;5,93;7971,00
24.04.2015;5,87;5,99;5,87;5,91;6543,00
27.04.2015;6,00;6,00;5,90;5,99;4329,00
28.04.2015;5,98;5,98;5,91;5,91;4845,00
29.04.2015;5,93;5,93;5,82;5,82;8172,00
30.04.2015;5,82;5,86;5,75;5,83;19107,00
04.05.2015;5,83;5,97;5,83;5,90;5877,00
05.05.2015;5,92;5,93;5,85;5,85;5517,00
06.05.2015;5,85;5,87;5,76;5,76;8550,00
07.05.2015;5,75;5,77;5,72;5,76;7755,00
08.05.2015;5,72;5,90;5,72;5,83;43740,00
11.05.2015;5,83;5,83;5,74;5,75;3060,00
12.05.2015;5,76;5,81;5,74;5,80;4257,00
13.05.2015;5,80;5,80;5,78;5,80;5646,00
15.05.2015;5,80;5,80;5,80;5,80;9936,00
18.05.2015;5,78;5,80;5,77;5,80;9951,00
19.05.2015;5,80;6,02;5,80;6,02;41328,00
20.05.2015;6,12;6,20;6,04;6,13;25734,00
21.05.2015;6,17;6,29;6,17;6,29;9450,00
22.05.2015;6,30;6,34;6,30;6,30;13758,00
25.05.2015;6,32;6,32;6,11;6,14;6465,00
26.05.2015;6,10;6,24;6,10;6,18;6585,00
27.05.2015;6,07;6,26;6,07;6,25;2943,00
28.05.2015;6,25;6,25;6,07;6,07;5874,00
29.05.2015;6,10;6,10;5,95;5,98;4506,00
01.06.2015;5,98;6,18;5,98;6,14;4083,00
02.06.2015;6,11;6,11;6,10;6,10;921,00
03.06.2015;6,21;6,21;6,07;6,08;2706,00
04.06.2015;6,08;6,15;6,00;6,00;11097,00
05.06.2015;6,07;6,07;5,98;6,00;6516,00
08.06.2015;6,00;6,07;5,88;5,99;9276,00
09.06.2015;5,87;5,99;5,86;5,99;24660,00
10.06.2015;5,99;5,99;5,89;5,98;4302,00
11.06.2015;5,89;5,99;5,89;5,96;2109,00
12.06.2015;6,07;6,07;5,91;5,91;1929,00
15.06.2015;5,93;6,03;5,90;6,00;5010,00
16.06.2015;5,93;5,93;5,85;5,85;5973,00
17.06.2015;5,83;5,90;5,83;5,90;3315,00
18.06.2015;5,84;5,85;5,84;5,85;366,00
22.06.2015;5,93;5,97;5,92;5,93;11454,00
23.06.2015;6,01;6,01;6,01;6,01;2310,00
24.06.2015;6,00;6,00;5,88;5,99;2676,00
25.06.2015;5,99;5,99;5,87;5,87;1650,00
26.06.2015;6,00;6,00;5,97;5,99;654,00
29.06.2015;5,84;5,93;5,83;5,93;8196,00
30.06.2015;5,93;5,93;5,83;5,84;2898,00
01.07.2015;5,86;5,96;5,85;5,90;1866,00
02.07.2015;5,90;5,96;5,80;5,80;1899,00
03.07.2015;5,80;5,80;5,74;5,74;4041,00
06.07.2015;5,73;5,74;5,73;5,74;2715,00
07.07.2015;5,83;5,83;5,79;5,79;1416,00
08.07.2015;5,74;5,74;5,74;5,74;600,00
09.07.2015;5,73;5,79;5,57;5,79;2433,00
10.07.2015;5,79;5,87;5,79;5,87;7809,00
13.07.2015;5,85;5,88;5,85;5,88;2196,00
14.07.2015;5,88;5,88;5,86;5,86;3081,00
15.07.2015;5,87;5,87;5,85;5,85;1911,00
16.07.2015;5,83;5,87;5,81;5,81;1839,00
17.07.2015;5,83;5,87;5,78;5,87;2661,00
20.07.2015;5,86;5,87;5,85;5,86;6168,00
21.07.2015;5,82;5,82;5,80;5,80;450,00
22.07.2015;5,80;5,83;5,74;5,83;3495,00
23.07.2015;5,83;5,85;5,83;5,85;2010,00
24.07.2015;5,86;5,87;5,81;5,81;4650,00
27.07.2015;5,81;5,86;5,81;5,86;1200,00
28.07.2015;5,77;5,78;5,76;5,78;1437,00
29.07.2015;5,67;5,81;5,67;5,81;2145,00
30.07.2015;5,69;5,75;5,69;5,75;990,00
31.07.2015;5,76;5,77;5,76;5,77;1767,00
03.08.2015;5,82;5,82;5,75;5,75;2667,00
04.08.2015;5,78;5,78;5,76;5,78;2478,00
05.08.2015;5,82;5,96;5,82;5,90;10047,00
06.08.2015;5,90;5,90;5,80;5,82;1530,00
07.08.2015;5,90;5,90;5,83;5,87;2535,00
10.08.2015;5,87;5,87;5,82;5,82;3135,00
11.08.2015;5,83;5,93;5,83;5,90;5346,00
12.08.2015;5,90;5,90;5,83;5,89;2964,00
13.08.2015;5,90;6,07;5,90;6,05;45663,00
14.08.2015;6,16;6,33;5,92;6,08;98283,00
17.08.2015;6,41;6,49;6,36;6,45;86481,00
18.08.2015;6,41;6,41;6,30;6,33;37758,00
19.08.2015;6,30;6,33;6,25;6,33;15528,00
20.08.2015;6,33;6,33;6,00;6,08;21492,00
21.08.2015;6,08;6,30;6,08;6,25;27900,00
24.08.2015;6,28;6,28;5,83;6,11;38046,00
25.08.2015;6,04;6,23;6,04;6,20;13731,00
26.08.2015;6,17;6,26;6,14;6,24;11865,00
27.08.2015;6,33;6,43;6,30;6,41;22206,00
28.08.2015;6,42;6,42;6,37;6,38;8562,00
31.08.2015;6,43;6,43;6,31;6,36;13341,00
01.09.2015;6,35;6,35;6,30;6,30;7575,00
02.09.2015;6,33;6,43;6,30;6,36;8268,00
03.09.2015;6,36;6,42;6,36;6,40;70488,00
04.09.2015;6,43;6,53;6,40;6,40;21279,00
07.09.2015;6,43;6,56;6,43;6,53;12237,00
08.09.2015;6,53;6,62;6,52;6,62;29298,00
09.09.2015;6,66;7,00;6,66;6,88;41193,00
10.09.2015;6,84;6,98;6,84;6,87;7035,00
11.09.2015;6,87;6,96;6,87;6,93;4497,00
14.09.2015;6,94;6,94;6,70;6,70;5451,00
15.09.2015;6,67;6,90;6,60;6,77;22065,00
16.09.2015;6,77;6,87;6,77;6,82;77985,00
17.09.2015;6,83;6,85;6,82;6,82;5745,00
18.09.2015;6,78;6,78;6,67;6,73;3084,00
21.09.2015;6,76;6,85;6,76;6,85;738,00
22.09.2015;6,85;6,85;6,73;6,82;14352,00
23.09.2015;6,82;6,85;6,77;6,83;85563,00
24.09.2015;6,75;6,76;6,70;6,72;4956,00
25.09.2015;6,72;6,83;6,72;6,77;4908,00
28.09.2015;6,77;6,90;6,74;6,84;10623,00
29.09.2015;6,73;6,85;6,70;6,77;84414,00
30.09.2015;6,77;6,77;6,77;6,77;165,00
01.10.2015;6,83;6,83;6,77;6,77;6141,00
02.10.2015;6,78;6,79;6,78;6,78;23829,00
05.10.2015;6,79;6,88;6,79;6,86;5970,00
06.10.2015;6,86;6,88;6,86;6,86;675,00
07.10.2015;6,84;6,85;6,77;6,79;6729,00
08.10.2015;6,77;6,83;6,75;6,80;7128,00
09.10.2015;6,80;6,83;6,77;6,79;2544,00
12.10.2015;6,83;6,87;6,83;6,86;6609,00
13.10.2015;6,86;6,88;6,83;6,85;2193,00
14.10.2015;6,88;7,00;6,88;7,00;43221,00
15.10.2015;7,00;7,01;7,00;7,00;9495,00
16.10.2015;7,00;7,03;7,00;7,00;2868,00
19.10.2015;7,10;7,33;7,10;7,33;24654,00
20.10.2015;7,34;7,50;7,34;7,48;10914,00
21.10.2015;7,52;7,52;7,43;7,43;7095,00
22.10.2015;7,43;7,45;7,40;7,40;2526,00
23.10.2015;7,33;7,40;7,33;7,37;68385,00
26.10.2015;7,37;7,37;7,27;7,27;1743,00
27.10.2015;7,27;7,28;7,23;7,23;82446,00
28.10.2015;7,23;7,30;7,23;7,27;1848,00
29.10.2015;7,27;7,30;7,22;7,22;3981,00
30.10.2015;7,17;7,20;7,17;7,20;4230,00
02.11.2015;7,20;7,20;7,12;7,17;9612,00
03.11.2015;7,17;7,28;7,12;7,28;7311,00
04.11.2015;7,28;7,28;7,25;7,25;3297,00
05.11.2015;7,25;7,32;7,17;7,25;10065,00
06.11.2015;7,25;7,25;7,20;7,23;1671,00
09.11.2015;7,23;7,27;7,23;7,27;5871,00
10.11.2015;7,27;7,33;7,26;7,33;4434,00
11.11.2015;7,33;7,43;7,33;7,43;3759,00
12.11.2015;7,43;7,47;7,42;7,45;4953,00
13.11.2015;7,45;7,54;7,45;7,54;12594,00
16.11.2015;7,46;7,52;7,46;7,50;8433,00
17.11.2015;7,51;7,55;7,47;7,50;37449,00
18.11.2015;7,50;7,50;7,48;7,49;5859,00
19.11.2015;7,50;7,54;7,45;7,50;5124,00
20.11.2015;7,47;7,47;7,41;7,45;2613,00
23.11.2015;7,37;7,45;7,37;7,45;9771,00
24.11.2015;7,45;7,45;7,40;7,40;3129,00
25.11.2015;7,41;7,45;7,40;7,45;6888,00
26.11.2015;7,47;7,67;7,45;7,63;16773,00
27.11.2015;7,54;7,67;7,54;7,64;5010,00
30.11.2015;7,65;7,67;7,60;7,60;8208,00
01.12.2015;7,62;7,70;7,60;7,70;14772,00
02.12.2015;7,70;7,71;7,70;7,70;1749,00
03.12.2015;7,75;7,78;7,73;7,73;67716,00
04.12.2015;7,73;7,73;7,68;7,70;3024,00
07.12.2015;7,70;7,78;7,67;7,67;1638,00
08.12.2015;7,67;7,73;7,67;7,67;1356,00
09.12.2015;7,67;7,67;7,42;7,50;2757,00
10.12.2015;7,55;7,73;7,55;7,73;711,00
11.12.2015;7,73;7,73;7,43;7,65;1950,00
14.12.2015;7,58;7,58;7,37;7,43;4458,00
15.12.2015;7,43;7,75;7,43;7,51;2850,00
16.12.2015;7,51;7,62;7,51;7,62;894,00
17.12.2015;7,62;7,70;7,62;7,67;6291,00
18.12.2015;7,68;7,68;7,64;7,67;5523,00
21.12.2015;7,67;7,70;7,67;7,67;6591,00
22.12.2015;7,62;7,73;7,62;7,70;5517,00
23.12.2015;7,75;7,85;7,75;7,83;3516,00
28.12.2015;7,86;7,91;7,80;7,91;7914,00
29.12.2015;7,92;8,00;7,91;8,00;10842,00
30.12.2015;8,01;8,01;7,94;8,00;4488,00
04.01.2016;7,92;7,97;7,80;7,80;216513,00
05.01.2016;7,90;7,97;7,90;7,95;1005,00
07.01.2016;7,93;7,93;7,63;7,75;4755,00
08.01.2016;7,77;7,83;7,44;7,68;4905,00
11.01.2016;7,66;7,67;7,62;7,63;2778,00
12.01.2016;7,67;7,68;7,55;7,63;1491,00
13.01.2016;7,63;7,75;7,63;7,75;6177,00
14.01.2016;7,71;7,71;7,57;7,67;12444,00
15.01.2016;7,62;7,62;7,50;7,50;6006,00
18.01.2016;7,34;7,58;7,34;7,58;3348,00
19.01.2016;7,57;7,60;7,55;7,57;4005,00
20.01.2016;7,57;7,57;7,32;7,33;7770,00
21.01.2016;7,34;7,53;7,27;7,41;14367,00
22.01.2016;7,40;7,50;7,40;7,42;4680,00
25.01.2016;7,50;7,67;7,50;7,67;7371,00
26.01.2016;7,58;7,68;7,58;7,68;1626,00
27.01.2016;7,70;7,80;7,63;7,63;4605,00
28.01.2016;7,63;7,63;7,59;7,63;4527,00
29.01.2016;7,64;7,90;7,64;7,82;3954,00
01.02.2016;7,82;7,82;7,60;7,69;3702,00
02.02.2016;7,78;7,83;7,78;7,83;1701,00
03.02.2016;7,83;7,87;7,74;7,85;11073,00
04.02.2016;7,87;7,87;7,63;7,67;8877,00
05.02.2016;7,78;8,00;7,73;8,00;79629,00
08.02.2016;8,00;8,00;7,53;7,68;3378,00
09.02.2016;7,63;7,68;7,33;7,33;2916,00
10.02.2016;7,33;7,33;7,03;7,32;7344,00
11.02.2016;7,33;7,33;7,04;7,11;7242,00
12.02.2016;7,11;7,40;7,11;7,40;5193,00
15.02.2016;7,30;7,55;7,30;7,53;5430,00
16.02.2016;7,55;7,67;7,55;7,67;687,00
17.02.2016;7,67;7,67;7,44;7,44;1380,00
18.02.2016;7,55;7,63;7,55;7,63;3033,00
19.02.2016;7,60;7,63;7,46;7,63;3099,00
22.02.2016;7,67;7,70;7,60;7,62;4494,00
23.02.2016;7,60;7,60;7,58;7,58;1131,00
24.02.2016;7,58;7,58;7,47;7,58;2145,00
25.02.2016;7,56;7,57;7,18;7,57;7188,00
26.02.2016;7,60;7,68;7,60;7,60;4977,00
29.02.2016;7,60;7,60;7,37;7,37;4254,00
01.03.2016;7,37;7,43;7,19;7,33;21849,00
02.03.2016;7,34;7,55;7,34;7,53;4710,00
03.03.2016;7,53;7,53;7,41;7,41;972,00
04.03.2016;7,53;7,63;7,47;7,58;4506,00
07.03.2016;7,58;7,59;7,47;7,58;5874,00
08.03.2016;7,55;7,58;7,53;7,53;1959,00
09.03.2016;7,45;7,47;7,37;7,47;2640,00
10.03.2016;7,50;7,61;7,50;7,61;2400,00
11.03.2016;7,65;7,65;7,61;7,63;1836,00
14.03.2016;7,63;7,63;7,53;7,53;36684,00
15.03.2016;7,60;7,60;7,60;7,60;280155,00
16.03.2016;7,53;7,65;7,53;7,65;978,00
17.03.2016;7,65;7,65;7,51;7,51;1032,00
18.03.2016;7,51;7,53;7,40;7,53;2235,00
21.03.2016;7,67;7,67;7,42;7,62;4521,00
22.03.2016;7,62;7,67;7,61;7,63;3825,00
23.03.2016;7,66;7,73;7,65;7,65;14529,00
24.03.2016;7,63;7,64;7,36;7,50;6703,00
29.03.2016;7,65;7,65;7,50;7,60;5466,00
30.03.2016;7,60;7,60;7,32;7,40;6823,00
31.03.2016;7,45;7,54;7,45;7,50;7286,00
01.04.2016;7,50;7,50;7,40;7,40;795,00
04.04.2016;7,50;7,55;7,48;7,48;15964,00
05.04.2016;7,71;7,71;7,43;7,43;5232,00
06.04.2016;7,48;7,49;7,48;7,49;755,00
07.04.2016;7,34;7,48;7,34;7,35;1873,00
08.04.2016;7,40;7,51;7,35;7,51;3862,00
11.04.2016;7,51;7,75;7,50;7,75;13100,00
12.04.2016;7,79;7,95;7,79;7,84;5654,00
13.04.2016;7,83;7,88;7,60;7,75;6339,00
14.04.2016;7,80;8,15;7,75;8,15;12682,00
15.04.2016;8,25;8,77;8,15;8,65;19781,00
18.04.2016;8,66;9,20;8,66;9,10;7649,00
19.04.2016;9,10;9,10;8,56;8,90;14665,00
20.04.2016;8,99;8,99;8,45;8,55;165330,00
21.04.2016;8,60;8,74;8,59;8,62;7883,00
22.04.2016;8,60;8,60;8,20;8,21;10910,00
25.04.2016;8,28;8,28;8,02;8,08;5478,00
26.04.2016;8,01;8,18;8,01;8,10;5527,00
27.04.2016;8,10;8,12;8,08;8,08;5266,00
28.04.2016;8,10;8,10;7,91;7,91;3738,00
29.04.2016;8,00;8,05;7,93;8,05;3373,00
02.05.2016;8,06;8,06;7,78;7,78;5708,00
03.05.2016;7,81;7,87;7,67;7,85;3421,00
04.05.2016;7,82;7,85;7,62;7,70;3911,00
06.05.2016;7,80;7,80;7,50;7,52;4250,00
09.05.2016;7,52;7,70;7,50;7,50;5423,00
10.05.2016;7,64;7,68;7,28;7,29;4467,00
11.05.2016;7,40;7,42;7,35;7,42;1303,00
12.05.2016;7,43;7,65;7,40;7,46;2966,00
13.05.2016;7,47;7,55;7,46;7,47;2535,00
16.05.2016;7,47;7,70;7,47;7,64;6390,00
17.05.2016;7,64;7,74;7,60;7,70;4548,00
18.05.2016;7,75;7,75;7,61;7,61;1675,00
19.05.2016;7,67;7,67;7,54;7,54;424759,00
20.05.2016;7,60;7,60;7,35;7,40;3601,00
23.05.2016;7,40;7,53;7,40;7,49;1466,00
24.05.2016;7,48;7,48;7,41;7,45;2355,00
25.05.2016;7,45;7,50;7,39;7,48;5060,00
26.05.2016;7,45;7,47;7,36;7,44;7556,00
27.05.2016;7,44;7,49;7,41;7,42;5336,00
30.05.2016;7,42;7,42;7,18;7,34;10528,00
31.05.2016;7,39;7,47;7,39;7,47;2501,00
01.06.2016;7,40;7,47;7,40;7,45;1112,00
02.06.2016;7,45;7,45;7,39;7,43;2009,00
03.06.2016;7,45;7,49;7,44;7,48;2315,00
06.06.2016;7,48;7,55;7,43;7,55;3266,00
07.06.2016;7,43;7,60;7,43;7,59;1875,00
08.06.2016;7,54;7,67;7,54;7,67;10144,00
09.06.2016;7,50;7,59;7,50;7,58;31380,00
10.06.2016;7,57;7,65;7,36;7,53;7606,00
13.06.2016;7,45;7,45;7,20;7,23;9003,00
14.06.2016;7,25;7,33;7,23;7,33;2656,00
15.06.2016;7,33;7,33;7,19;7,19;5337,00
16.06.2016;7,20;7,24;7,04;7,04;6450,00
17.06.2016;7,03;7,29;7,03;7,20;2840,00
20.06.2016;7,29;7,41;7,29;7,36;5078,00
21.06.2016;7,36;7,36;7,21;7,35;541,00
22.06.2016;7,36;7,40;7,33;7,40;1850,00
23.06.2016;7,40;7,40;7,28;7,28;5448,00
27.06.2016;6,90;7,35;6,85;7,16;13518,00
28.06.2016;7,19;7,25;7,17;7,20;19159,00
29.06.2016;7,20;7,27;7,18;7,25;7149,00
30.06.2016;7,38;7,43;7,36;7,43;4536,00
01.07.2016;7,43;7,50;7,40;7,44;79154,00
04.07.2016;7,45;7,45;7,42;7,45;1763,00
05.07.2016;7,43;7,43;7,21;7,23;5552,00
06.07.2016;7,27;7,28;7,21;7,21;2356,00
07.07.2016;7,29;7,29;7,24;7,24;1392,00
08.07.2016;7,29;7,29;7,24;7,29;10001,00
11.07.2016;7,26;7,47;7,26;7,28;10867,00
12.07.2016;7,30;7,34;7,26;7,34;5403,00
13.07.2016;7,34;7,34;7,30;7,34;3532,00
14.07.2016;7,47;7,47;7,39;7,39;1283,00
15.07.2016;7,44;7,44;7,33;7,34;2529,00
18.07.2016;7,34;7,41;7,34;7,34;2788,00
19.07.2016;7,34;7,41;7,33;7,40;6759,00
20.07.2016;7,40;7,40;7,36;7,39;1026,00
21.07.2016;7,40;7,40;7,38;7,40;6086,00
22.07.2016;7,40;7,46;7,40;7,40;8117,00
25.07.2016;7,40;7,46;7,39;7,39;8775,00
26.07.2016;7,45;7,46;7,39;7,46;2955,00
27.07.2016;7,46;7,50;7,38;7,40;5653,00
28.07.2016;7,42;7,51;7,41;7,50;3378,00
29.07.2016;7,55;7,61;7,55;7,57;3691,00
01.08.2016;7,57;7,83;7,50;7,52;14240,00
02.08.2016;7,54;7,55;7,48;7,54;5762,00
03.08.2016;7,49;7,78;7,49;7,78;14443,00
04.08.2016;7,65;7,76;7,60;7,67;7954,00
05.08.2016;7,68;7,98;7,68;7,77;13592,00
08.08.2016;7,79;7,90;7,75;7,79;15961,00
09.08.2016;7,80;7,85;7,79;7,85;10439,00
10.08.2016;7,83;7,90;7,77;7,81;9011,00
11.08.2016;7,82;8,20;7,76;8,15;56705,00
12.08.2016;8,09;8,09;7,70;7,83;58387,00
15.08.2016;7,83;7,84;7,75;7,75;18641,00
16.08.2016;7,75;7,83;7,64;7,75;13411,00
17.08.2016;7,75;7,75;7,59;7,59;8732,00
18.08.2016;7,59;7,59;7,38;7,54;287989,00
19.08.2016;7,50;7,54;7,45;7,54;3109,00
22.08.2016;7,50;7,63;7,48;7,60;11534,00
23.08.2016;7,65;7,66;7,62;7,62;3994,00
24.08.2016;7,69;7,69;7,46;7,60;6375,00
25.08.2016;7,60;7,60;7,50;7,56;3236,00
26.08.2016;7,55;7,55;7,46;7,54;9724,00
29.08.2016;7,54;7,54;7,50;7,50;6564,00
30.08.2016;7,50;7,69;7,49;7,57;8117,00
31.08.2016;7,57;7,57;7,47;7,47;3693,00
01.09.2016;7,47;7,59;7,47;7,50;5205,00
02.09.2016;7,50;7,55;7,50;7,51;10588,00
05.09.2016;7,55;7,56;7,52;7,56;2841,00
06.09.2016;7,56;7,56;7,49;7,49;15794,00
07.09.2016;7,50;7,63;7,50;7,60;24490,00
08.09.2016;7,69;7,80;7,63;7,71;7285,00
09.09.2016;7,77;7,77;7,67;7,73;2540,00
12.09.2016;7,70;7,70;7,60;7,65;13700,00
13.09.2016;7,75;7,80;7,74;7,75;2863,00
14.09.2016;7,80;7,92;7,76;7,92;38724,00
15.09.2016;7,92;8,12;7,92;8,00;14161,00
16.09.2016;8,00;8,12;8,00;8,12;7488,00
19.09.2016;8,11;8,30;8,04;8,30;16508,00
20.09.2016;8,18;8,50;8,18;8,28;13494,00
21.09.2016;8,29;8,59;8,28;8,50;27991,00
22.09.2016;8,59;8,60;8,40;8,49;16934,00
23.09.2016;8,49;8,49;8,30;8,45;24289,00
26.09.2016;8,45;8,50;8,40;8,50;13575,00
27.09.2016;8,50;8,58;8,50;8,58;9814,00
28.09.2016;8,56;8,57;8,44;8,44;406134,00
29.09.2016;8,50;8,59;8,36;8,36;20303,00
30.09.2016;8,37;8,52;8,37;8,49;19306,00
03.10.2016;8,50;8,69;8,50;8,57;19380,00
04.10.2016;8,70;8,70;8,59;8,60;4022,00
05.10.2016;8,59;8,60;8,55;8,60;1420,00
06.10.2016;8,59;8,59;8,51;8,55;2223,00
07.10.2016;8,54;8,55;8,48;8,50;6668,00
10.10.2016;8,55;8,55;8,01;8,33;33944,00
11.10.2016;8,31;8,33;8,21;8,28;11954,00
12.10.2016;8,30;8,30;8,05;8,06;22341,00
13.10.2016;8,20;8,20;8,01;8,01;10276,00
14.10.2016;8,00;8,15;7,90;8,05;4201,00
17.10.2016;8,10;8,16;8,05;8,06;3104,00
18.10.2016;8,16;8,40;8,16;8,40;7155,00
19.10.2016;8,31;8,40;8,23;8,40;10679,00
20.10.2016;8,40;8,51;8,40;8,40;55451,00
21.10.2016;8,49;8,51;8,40;8,49;6997,00
24.10.2016;8,49;8,49;8,25;8,25;8401,00
25.10.2016;8,25;8,34;8,25;8,25;2476,00
26.10.2016;8,30;8,35;8,14;8,14;4737,00
27.10.2016;8,15;8,20;8,14;8,17;2735,00
28.10.2016;8,17;8,17;8,12;8,15;1299,00
31.10.2016;8,20;8,20;8,15;8,19;314,00
01.11.2016;8,20;8,20;8,16;8,20;2110,00
02.11.2016;8,22;8,22;7,88;7,92;5052,00
03.11.2016;7,91;8,15;7,91;7,94;7819,00
04.11.2016;7,95;8,12;7,93;7,93;5394,00
07.11.2016;8,10;8,10;7,99;8,04;1082,00
08.11.2016;8,19;8,19;7,91;8,01;6251,00
09.11.2016;7,99;7,99;7,41;7,92;14879,00
10.11.2016;8,14;8,14;7,96;7,97;6073,00
11.11.2016;7,98;8,02;7,92;8,01;2939,00
14.11.2016;8,03;8,09;8,02;8,02;4158,00
15.11.2016;8,10;8,10;8,05;8,08;1355,00
16.11.2016;8,08;8,10;8,03;8,05;3428,00
17.11.2016;8,10;8,10;7,89;7,94;2390,00
18.11.2016;7,96;8,01;7,95;7,95;4370,00
21.11.2016;8,00;8,00;7,74;7,74;4286,00
22.11.2016;7,74;7,86;7,74;7,86;2746,00
