date;open;high;low;close;volume
01.07.2013;3,00;4,50;3,00;4,50;1113833,00
02.07.2013;4,49;4,49;3,91;4,00;3366980,00
03.07.2013;3,94;3,99;3,70;3,75;1461442,00
04.07.2013;3,77;4,03;3,77;3,98;867538,00
05.07.2013;3,98;4,09;3,92;4,05;209106,00
08.07.2013;4,09;4,17;4,06;4,11;548570,00
09.07.2013;4,14;4,17;4,05;4,11;852708,00
10.07.2013;4,03;4,12;4,03;4,03;334724,00
11.07.2013;4,09;4,13;4,03;4,10;343108,00
12.07.2013;4,10;4,13;4,08;4,12;114743,00
15.07.2013;4,10;4,15;4,04;4,12;86133,00
16.07.2013;4,10;4,12;4,07;4,10;730706,00
17.07.2013;4,10;4,10;4,03;4,09;250500,00
18.07.2013;4,05;4,14;4,05;4,14;299552,00
19.07.2013;4,14;4,27;4,14;4,27;177582,00
22.07.2013;4,27;4,27;4,11;4,15;253198,00
23.07.2013;4,17;4,21;4,06;4,16;194125,00
24.07.2013;4,16;4,20;4,10;4,20;126837,00
25.07.2013;4,20;4,20;4,06;4,18;207344,00
26.07.2013;4,03;4,20;3,98;4,15;435955,00
29.07.2013;4,17;4,23;4,15;4,23;384301,00
30.07.2013;4,23;4,26;4,17;4,25;383200,00
31.07.2013;4,24;4,26;4,18;4,18;277240,00
01.08.2013;4,18;4,26;4,17;4,25;555662,00
02.08.2013;4,25;4,50;4,25;4,45;406325,00
05.08.2013;4,45;4,47;4,33;4,34;150237,00
06.08.2013;4,31;4,40;4,30;4,33;226525,00
07.08.2013;4,28;4,35;4,28;4,28;275865,00
08.08.2013;4,29;4,34;4,29;4,31;175038,00
09.08.2013;4,31;4,39;4,30;4,36;149738,00
12.08.2013;4,35;4,43;4,32;4,38;865680,00
13.08.2013;4,37;4,47;4,35;4,45;318397,00
14.08.2013;4,47;4,67;4,42;4,67;955126,00
15.08.2013;4,67;4,67;4,51;4,62;250417,00
16.08.2013;4,61;4,78;4,59;4,70;592953,00
19.08.2013;4,70;4,90;4,70;4,90;750512,00
20.08.2013;4,85;4,89;4,75;4,81;480923,00
21.08.2013;4,80;4,80;4,71;4,72;109783,00
22.08.2013;4,69;4,85;4,66;4,80;220327,00
23.08.2013;4,79;4,91;4,77;4,81;1816893,00
26.08.2013;4,81;4,84;4,70;4,79;184080,00
27.08.2013;4,80;4,89;4,76;4,89;293152,00
28.08.2013;4,81;4,85;4,72;4,83;45724,00
29.08.2013;4,82;4,88;4,81;4,88;85527,00
30.08.2013;4,88;4,92;4,85;4,92;106243,00
02.09.2013;4,93;4,96;4,87;4,96;204654,00
03.09.2013;4,96;5,36;4,96;5,33;406430,00
04.09.2013;5,33;5,47;5,25;5,30;279815,00
05.09.2013;5,30;5,35;5,07;5,18;378444,00
06.09.2013;5,20;5,30;5,13;5,25;124842,00
09.09.2013;5,26;5,43;5,22;5,43;303857,00
10.09.2013;5,49;5,49;5,35;5,36;280586,00
11.09.2013;5,37;5,53;5,37;5,52;513089,00
12.09.2013;5,53;5,54;5,43;5,53;291212,00
13.09.2013;5,50;5,80;5,43;5,73;373919,00
16.09.2013;5,79;5,80;5,60;5,60;257602,00
17.09.2013;5,61;5,75;5,60;5,75;204993,00
18.09.2013;5,75;5,80;5,68;5,70;259190,00
19.09.2013;5,80;5,88;5,69;5,70;234513,00
20.09.2013;5,70;5,83;5,70;5,75;319481,00
23.09.2013;5,75;5,81;5,64;5,67;194031,00
24.09.2013;5,65;5,75;5,65;5,69;256334,00
25.09.2013;5,70;5,80;5,70;5,79;235969,00
26.09.2013;5,80;5,94;5,79;5,94;329825,00
27.09.2013;5,94;6,19;5,93;6,19;1138540,00
30.09.2013;6,12;6,12;5,92;6,00;470693,00
01.10.2013;5,95;6,00;5,85;5,89;185613,00
02.10.2013;5,89;5,98;5,85;5,90;73992,00
03.10.2013;5,93;5,97;5,78;5,91;187950,00
04.10.2013;5,91;5,92;5,79;5,83;177394,00
07.10.2013;5,82;5,92;5,80;5,92;207419,00
08.10.2013;5,92;6,00;5,84;6,00;888119,00
09.10.2013;6,00;6,05;5,92;6,05;94073,00
10.10.2013;6,04;6,04;5,88;5,98;113590,00
11.10.2013;6,00;6,00;5,90;5,98;81780,00
14.10.2013;5,95;5,97;5,89;5,95;35071,00
15.10.2013;5,96;5,98;5,90;5,95;118983,00
16.10.2013;5,97;5,97;5,89;5,95;64890,00
17.10.2013;5,95;6,00;5,90;6,00;83403,00
18.10.2013;6,01;6,03;5,96;6,03;604463,00
21.10.2013;6,03;6,10;6,00;6,05;232300,00
22.10.2013;6,05;6,06;6,00;6,00;465277,00
23.10.2013;6,00;6,04;5,95;5,97;87500,00
24.10.2013;5,97;6,00;5,86;5,88;53347,00
25.10.2013;5,88;5,94;5,70;5,82;109086,00
28.10.2013;5,80;5,80;5,59;5,61;256726,00
29.10.2013;5,60;5,60;5,45;5,50;240005,00
30.10.2013;5,70;5,70;5,50;5,65;133759,00
31.10.2013;5,69;5,80;5,62;5,76;158736,00
01.11.2013;6,22;6,76;6,22;6,65;2419072,00
04.11.2013;6,60;7,05;6,57;6,91;588744,00
05.11.2013;6,92;7,34;6,92;7,20;660632,00
06.11.2013;7,23;7,46;7,15;7,44;403342,00
07.11.2013;7,45;7,50;7,32;7,40;463684,00
08.11.2013;7,35;7,35;7,25;7,31;127343,00
11.11.2013;7,30;7,35;7,27;7,30;264806,00
12.11.2013;7,27;7,32;7,20;7,27;135598,00
13.11.2013;7,22;7,28;7,09;7,18;141768,00
14.11.2013;7,20;7,31;7,14;7,15;153079,00
15.11.2013;7,18;7,20;6,98;7,06;341467,00
18.11.2013;7,02;7,15;7,01;7,15;660834,00
19.11.2013;7,03;7,34;7,03;7,34;153741,00
20.11.2013;7,33;7,41;7,25;7,41;189702,00
21.11.2013;7,38;8,07;7,38;7,95;325945,00
22.11.2013;8,00;8,14;7,95;8,10;479767,00
25.11.2013;8,10;8,19;8,05;8,19;319177,00
26.11.2013;8,20;8,31;8,15;8,26;304759,00
27.11.2013;8,27;8,39;8,21;8,38;360271,00
28.11.2013;8,40;8,66;8,37;8,60;429031,00
29.11.2013;8,59;8,70;8,52;8,68;413988,00
02.12.2013;8,68;8,80;8,68;8,73;424032,00
03.12.2013;8,73;8,77;8,43;8,55;354346,00
04.12.2013;8,56;8,67;8,30;8,43;222915,00
05.12.2013;8,43;8,50;8,29;8,36;142108,00
09.12.2013;8,36;8,50;8,26;8,49;146435,00
10.12.2013;8,49;8,49;8,06;8,32;193172,00
11.12.2013;8,30;8,35;8,13;8,33;215179,00
12.12.2013;8,25;8,33;8,12;8,27;189671,00
13.12.2013;8,20;8,24;8,01;8,02;150929,00
16.12.2013;8,00;8,01;7,80;7,88;196518,00
17.12.2013;7,85;8,22;7,71;8,20;194288,00
18.12.2013;8,20;8,40;8,20;8,33;78662,00
19.12.2013;8,37;8,47;8,00;8,44;133136,00
20.12.2013;8,40;8,46;8,22;8,46;159003,00
23.12.2013;8,45;8,54;8,40;8,52;60750,00
27.12.2013;8,55;8,80;8,53;8,80;92431,00
30.12.2013;8,80;8,94;8,70;8,90;131297,00
02.01.2014;8,90;8,92;8,63;8,68;129556,00
03.01.2014;8,68;8,68;8,50;8,55;81429,00
07.01.2014;8,55;8,68;8,46;8,59;113566,00
08.01.2014;8,59;8,67;8,38;8,40;59687,00
09.01.2014;8,00;8,06;7,86;7,89;632530,00
10.01.2014;7,81;7,84;7,37;7,45;1208271,00
13.01.2014;7,43;7,58;7,43;7,45;258558,00
14.01.2014;7,41;7,90;7,40;7,90;677145,00
15.01.2014;7,94;8,17;7,85;8,10;299740,00
16.01.2014;8,18;8,18;7,77;7,90;170632,00
17.01.2014;7,83;8,04;7,64;8,00;257516,00
20.01.2014;7,89;7,90;7,57;7,63;529227,00
21.01.2014;7,64;7,65;7,44;7,45;190958,00
22.01.2014;7,41;7,48;7,31;7,33;445058,00
23.01.2014;7,32;7,40;7,26;7,27;132180,00
24.01.2014;7,30;7,30;7,07;7,25;214525,00
27.01.2014;7,25;7,25;6,97;6,98;655782,00
28.01.2014;6,85;7,34;6,50;7,25;668145,00
29.01.2014;7,39;7,58;7,22;7,28;564718,00
30.01.2014;7,37;7,38;7,11;7,31;204620,00
31.01.2014;7,36;7,36;7,10;7,22;134173,00
03.02.2014;7,20;7,30;7,05;7,18;196540,00
04.02.2014;7,15;7,15;6,92;6,97;953995,00
05.02.2014;7,04;7,10;6,98;7,05;100059,00
06.02.2014;7,10;7,13;6,92;7,00;132084,00
07.02.2014;7,04;7,16;7,00;7,11;122524,00
10.02.2014;7,10;7,35;7,09;7,23;188660,00
11.02.2014;7,33;7,33;7,10;7,16;1616764,00
12.02.2014;7,23;7,25;7,13;7,17;142602,00
13.02.2014;7,24;7,27;7,16;7,27;64174,00
14.02.2014;7,30;7,30;7,17;7,21;95688,00
17.02.2014;7,21;7,28;7,19;7,21;22063,00
18.02.2014;7,21;7,21;7,07;7,13;77677,00
19.02.2014;7,16;7,20;7,13;7,14;50898,00
20.02.2014;7,16;7,23;7,12;7,23;48295,00
21.02.2014;7,25;7,33;7,24;7,31;134613,00
24.02.2014;7,31;7,53;7,31;7,37;134753,00
25.02.2014;7,43;7,50;7,40;7,49;88469,00
26.02.2014;7,52;7,64;7,49;7,64;295647,00
27.02.2014;7,66;7,66;7,50;7,60;192494,00
28.02.2014;7,60;7,77;7,60;7,77;107329,00
03.03.2014;7,73;7,73;7,54;7,60;318231,00
04.03.2014;7,65;7,95;7,65;7,95;152871,00
05.03.2014;7,94;8,00;7,85;7,97;69985,00
06.03.2014;8,00;8,12;7,90;8,08;79212,00
07.03.2014;8,12;8,12;8,08;8,11;154712,00
10.03.2014;8,10;8,12;8,02;8,09;287690,00
11.03.2014;8,11;8,12;7,96;7,99;229424,00
12.03.2014;7,98;7,98;7,61;7,66;81814,00
13.03.2014;7,66;7,74;7,66;7,70;166517,00
14.03.2014;7,60;7,60;7,30;7,52;120330,00
17.03.2014;7,59;7,96;7,53;7,80;136099,00
18.03.2014;7,61;7,79;7,50;7,76;89907,00
19.03.2014;7,77;7,77;7,49;7,55;81014,00
20.03.2014;7,49;7,58;7,39;7,47;103478,00
21.03.2014;7,52;7,69;7,47;7,47;151963,00
24.03.2014;7,45;7,52;7,29;7,38;148561,00
25.03.2014;7,40;7,61;7,40;7,52;42958,00
26.03.2014;7,60;7,70;7,56;7,57;54549,00
27.03.2014;7,59;7,78;7,42;7,60;1549692,00
28.03.2014;7,71;7,75;7,48;7,60;804697,00
31.03.2014;7,60;7,95;7,60;7,80;124965,00
01.04.2014;7,80;8,04;7,76;7,90;154828,00
02.04.2014;7,90;8,06;7,83;8,05;197736,00
03.04.2014;8,00;8,33;7,98;8,32;311685,00
04.04.2014;8,37;8,52;8,33;8,51;209995,00
07.04.2014;8,47;8,55;8,29;8,48;228301,00
08.04.2014;8,48;8,49;8,41;8,46;66791,00
09.04.2014;8,45;8,70;8,38;8,58;137703,00
10.04.2014;8,57;8,87;8,50;8,70;138811,00
11.04.2014;8,65;8,67;8,51;8,61;104730,00
14.04.2014;8,53;8,57;8,33;8,39;212162,00
15.04.2014;8,39;8,65;8,20;8,22;165485,00
16.04.2014;8,30;8,49;8,30;8,42;91270,00
17.04.2014;8,47;8,50;8,35;8,37;63066,00
22.04.2014;8,40;8,44;8,35;8,37;119748,00
23.04.2014;8,37;8,39;8,30;8,36;76141,00
24.04.2014;7,86;8,40;7,77;8,09;472798,00
25.04.2014;8,05;8,05;7,88;7,91;160507,00
28.04.2014;7,96;8,05;7,90;7,94;74138,00
29.04.2014;7,94;8,04;7,90;7,90;91254,00
30.04.2014;7,95;8,03;7,91;7,96;58437,00
02.05.2014;8,05;8,05;7,95;7,95;87402,00
05.05.2014;7,96;7,96;7,90;7,91;70440,00
06.05.2014;7,93;7,95;7,88;7,95;75278,00
07.05.2014;7,95;7,95;7,73;7,81;167253,00
08.05.2014;7,81;7,86;7,75;7,75;68183,00
09.05.2014;7,75;7,78;7,69;7,73;58492,00
12.05.2014;7,73;7,82;7,70;7,79;52404,00
13.05.2014;7,90;7,92;7,80;7,89;44566,00
14.05.2014;7,89;7,97;7,80;7,92;62326,00
15.05.2014;7,92;7,92;7,78;7,85;102171,00
16.05.2014;7,91;7,91;7,56;7,56;299853,00
19.05.2014;7,57;7,67;7,53;7,66;884897,00
20.05.2014;7,67;7,90;7,67;7,87;82214,00
21.05.2014;7,87;7,98;7,83;7,86;91043,00
22.05.2014;7,93;7,98;7,86;7,94;71412,00
23.05.2014;7,96;7,98;7,90;7,93;411986,00
26.05.2014;7,95;8,05;7,95;7,96;50285,00
27.05.2014;8,00;8,01;7,91;7,98;155394,00
28.05.2014;8,01;8,01;7,91;7,92;58575,00
30.05.2014;7,92;7,99;7,80;7,80;193602,00
02.06.2014;7,83;7,97;7,77;7,90;317867,00
03.06.2014;7,90;8,02;7,78;7,86;220293,00
04.06.2014;7,86;7,91;7,80;7,82;148355,00
05.06.2014;7,82;7,89;7,79;7,84;287737,00
06.06.2014;7,89;7,89;7,81;7,84;75951,00
09.06.2014;7,89;7,95;7,84;7,90;82487,00
10.06.2014;7,91;8,01;7,91;8,00;107379,00
11.06.2014;8,00;8,01;7,82;7,86;153695,00
12.06.2014;7,86;7,90;7,75;7,80;355965,00
13.06.2014;7,80;7,86;7,75;7,84;168070,00
16.06.2014;7,83;7,86;7,80;7,84;56419,00
17.06.2014;7,89;7,89;7,79;7,89;717118,00
18.06.2014;7,90;7,92;7,84;7,86;129251,00
19.06.2014;7,90;8,02;7,72;7,72;540884,00
23.06.2014;7,80;7,80;7,73;7,77;46282,00
24.06.2014;7,77;7,85;7,75;7,77;81652,00
25.06.2014;7,77;7,84;7,74;7,76;67690,00
26.06.2014;7,80;7,84;7,73;7,73;84850,00
27.06.2014;7,74;7,82;7,74;7,76;76669,00
30.06.2014;7,76;7,77;7,69;7,72;76509,00
01.07.2014;7,78;7,84;7,73;7,83;69290,00
02.07.2014;7,84;7,89;7,76;7,80;40573,00
03.07.2014;7,80;7,84;7,75;7,78;50693,00
04.07.2014;7,80;7,80;7,71;7,76;27534,00
07.07.2014;7,76;7,79;7,71;7,72;27286,00
08.07.2014;7,75;7,75;7,53;7,58;88621,00
09.07.2014;7,58;7,71;7,58;7,71;34173,00
10.07.2014;7,73;7,73;7,55;7,60;68375,00
11.07.2014;7,63;7,63;7,47;7,47;34675,00
14.07.2014;6,99;7,06;6,72;6,84;620850,00
15.07.2014;6,86;6,94;6,73;6,80;219691,00
16.07.2014;6,82;6,95;6,76;6,76;140363,00
17.07.2014;6,77;6,84;6,70;6,75;151659,00
18.07.2014;6,74;6,82;6,73;6,75;52427,00
21.07.2014;6,75;6,80;6,60;6,63;157527,00
22.07.2014;6,50;6,51;6,27;6,35;567256,00
23.07.2014;6,37;6,65;6,35;6,63;254437,00
24.07.2014;6,65;6,72;6,41;6,41;232363,00
25.07.2014;6,43;6,61;6,43;6,43;185816,00
28.07.2014;6,50;6,55;6,48;6,55;102493,00
29.07.2014;6,55;6,55;6,45;6,49;125463,00
30.07.2014;6,49;6,54;6,30;6,30;271165,00
31.07.2014;6,30;6,32;6,20;6,20;184481,00
01.08.2014;6,29;6,35;6,13;6,21;116472,00
04.08.2014;6,30;6,40;6,25;6,25;96978,00
05.08.2014;6,27;6,29;6,20;6,21;80482,00
06.08.2014;6,20;6,23;6,07;6,19;195261,00
07.08.2014;6,12;6,20;6,10;6,12;99978,00
08.08.2014;6,05;6,14;6,05;6,10;97712,00
11.08.2014;6,09;6,19;6,06;6,08;151073,00
12.08.2014;6,07;6,15;6,07;6,07;137185,00
13.08.2014;6,06;6,09;5,89;5,97;198127,00
14.08.2014;5,95;5,99;5,91;5,93;2708666,00
15.08.2014;5,92;6,05;5,92;5,99;131547,00
18.08.2014;6,00;6,05;5,94;6,00;75705,00
19.08.2014;6,00;6,06;5,99;6,02;112845,00
20.08.2014;6,08;6,08;5,95;6,00;209124,00
21.08.2014;6,00;6,00;5,95;5,98;124302,00
22.08.2014;5,98;6,01;5,92;5,93;109968,00
25.08.2014;5,93;5,96;5,80;5,90;192675,00
26.08.2014;5,91;6,35;5,89;6,16;451577,00
27.08.2014;6,24;6,44;6,20;6,26;234127,00
28.08.2014;6,27;6,30;6,06;6,12;127684,00
29.08.2014;6,15;6,15;6,06;6,13;143751,00
01.09.2014;6,15;6,27;6,15;6,19;89957,00
02.09.2014;6,25;6,32;6,19;6,21;133461,00
03.09.2014;6,22;6,34;6,16;6,21;122132,00
04.09.2014;6,27;6,28;6,20;6,24;82453,00
05.09.2014;6,28;6,38;6,22;6,30;73172,00
08.09.2014;6,32;6,32;6,15;6,19;176373,00
09.09.2014;6,24;6,25;6,18;6,20;105419,00
10.09.2014;6,22;6,35;6,21;6,29;303508,00
11.09.2014;6,33;6,39;6,26;6,26;181147,00
12.09.2014;6,26;6,30;6,20;6,23;116522,00
15.09.2014;6,23;6,36;6,23;6,27;76192,00
16.09.2014;6,29;6,31;6,21;6,28;76995,00
17.09.2014;6,32;6,32;6,23;6,24;204818,00
18.09.2014;6,26;6,33;6,20;6,21;116769,00
19.09.2014;6,22;6,29;6,18;6,20;94026,00
22.09.2014;6,20;6,20;6,06;6,06;209844,00
23.09.2014;6,10;6,10;5,93;6,01;193332,00
24.09.2014;6,04;6,06;5,93;5,97;126996,00
25.09.2014;6,00;6,15;5,97;5,99;115740,00
26.09.2014;5,97;6,07;5,90;6,07;90763,00
29.09.2014;6,07;6,07;5,97;6,02;81212,00
30.09.2014;6,00;6,07;5,97;6,05;152365,00
01.10.2014;5,99;6,06;5,99;6,05;236390,00
02.10.2014;6,00;6,02;5,90;5,91;249694,00
03.10.2014;5,92;6,01;5,90;6,01;152373,00
06.10.2014;6,02;6,06;5,97;6,00;92770,00
07.10.2014;6,01;6,02;5,95;5,96;288885,00
08.10.2014;5,95;6,01;5,83;5,85;203197,00
09.10.2014;5,88;5,94;5,76;5,80;128058,00
10.10.2014;5,72;5,89;5,62;5,68;226168,00
13.10.2014;5,67;5,80;5,62;5,73;156153,00
14.10.2014;5,68;5,89;5,67;5,86;161116,00
15.10.2014;5,89;5,93;5,67;5,70;185240,00
16.10.2014;5,70;5,76;5,37;5,52;276574,00
17.10.2014;5,52;5,90;5,52;5,81;177423,00
20.10.2014;5,79;6,00;5,72;5,90;130934,00
21.10.2014;5,88;6,07;5,88;6,04;389383,00
22.10.2014;6,09;6,25;6,06;6,20;145865,00
23.10.2014;6,22;6,22;6,10;6,18;75904,00
24.10.2014;6,13;6,21;6,11;6,14;70370,00
27.10.2014;6,14;6,22;6,06;6,06;70879,00
28.10.2014;6,08;6,13;6,04;6,08;48403,00
29.10.2014;6,08;6,16;6,02;6,04;70894,00
30.10.2014;6,03;6,09;6,03;6,07;80003,00
31.10.2014;5,95;6,42;5,91;6,41;376061,00
03.11.2014;6,42;6,56;6,41;6,50;177356,00
04.11.2014;6,50;6,61;6,44;6,52;117878,00
05.11.2014;6,52;6,93;6,52;6,92;335343,00
06.11.2014;6,88;6,90;6,70;6,78;210270,00
07.11.2014;6,81;6,81;6,48;6,50;104841,00
10.11.2014;6,47;6,73;6,41;6,59;201894,00
11.11.2014;6,58;6,67;6,56;6,60;123838,00
12.11.2014;6,60;6,68;6,51;6,51;126852,00
13.11.2014;6,54;6,59;6,54;6,54;162600,00
14.11.2014;6,53;6,56;6,51;6,52;59721,00
17.11.2014;6,50;6,60;6,45;6,60;84774,00
18.11.2014;6,60;6,72;6,52;6,71;181674,00
19.11.2014;6,71;6,72;6,58;6,62;45350,00
20.11.2014;6,60;6,64;6,52;6,59;66185,00
21.11.2014;6,59;6,66;6,54;6,64;88045,00
24.11.2014;6,64;6,77;6,60;6,77;393709,00
25.11.2014;6,78;6,78;6,63;6,66;654447,00
26.11.2014;6,71;6,74;6,61;6,61;48286,00
27.11.2014;6,60;6,61;6,46;6,50;362790,00
28.11.2014;6,50;6,50;6,29;6,33;397642,00
01.12.2014;6,30;6,30;6,22;6,27;150034,00
02.12.2014;6,29;6,40;6,27;6,28;516172,00
03.12.2014;6,28;6,49;6,27;6,48;201685,00
04.12.2014;6,48;6,63;6,45;6,53;104454,00
05.12.2014;6,52;6,59;6,43;6,50;80240,00
08.12.2014;6,55;6,56;6,45;6,55;97791,00
09.12.2014;6,49;6,56;6,45;6,50;106856,00
10.12.2014;6,51;6,58;6,49;6,52;161965,00
11.12.2014;6,53;6,58;6,50;6,55;126554,00
12.12.2014;6,50;6,56;6,42;6,52;154357,00
15.12.2014;6,50;6,66;6,49;6,50;255782,00
16.12.2014;6,51;6,64;6,41;6,62;271488,00
17.12.2014;6,59;6,60;6,45;6,54;84868,00
18.12.2014;6,55;6,62;6,52;6,62;151894,00
19.12.2014;6,65;6,67;6,46;6,60;159425,00
22.12.2014;6,54;6,64;6,54;6,58;112339,00
23.12.2014;6,58;6,66;6,58;6,62;97517,00
29.12.2014;6,61;6,80;6,61;6,76;117120,00
30.12.2014;6,71;6,80;6,65;6,65;279853,00
02.01.2015;6,67;6,90;6,67;6,84;152012,00
05.01.2015;6,84;6,86;6,73;6,73;46839,00
07.01.2015;6,80;6,93;6,71;6,88;221533,00
08.01.2015;6,89;6,95;6,84;6,89;97911,00
09.01.2015;6,89;6,97;6,88;6,95;103858,00
12.01.2015;6,97;6,99;6,92;6,98;53805,00
13.01.2015;6,98;7,16;6,97;7,14;158394,00
14.01.2015;7,09;7,17;7,01;7,14;117924,00
15.01.2015;7,09;7,18;6,90;7,00;208269,00
16.01.2015;7,00;7,07;6,88;7,07;81485,00
19.01.2015;7,05;7,14;7,03;7,12;127298,00
20.01.2015;7,14;7,34;7,14;7,26;121333,00
21.01.2015;7,26;7,38;7,26;7,38;68778,00
22.01.2015;7,38;7,48;7,38;7,47;107805,00
23.01.2015;7,48;7,62;7,41;7,50;202804,00
26.01.2015;7,46;7,70;7,30;7,70;841797,00
27.01.2015;7,70;7,78;7,52;7,65;155732,00
28.01.2015;7,70;7,90;7,65;7,85;478746,00
29.01.2015;7,80;8,07;7,62;7,89;523709,00
30.01.2015;8,00;8,29;7,98;8,28;499154,00
02.02.2015;8,24;8,30;8,15;8,27;239339,00
03.02.2015;8,27;8,51;8,27;8,40;248596,00
04.02.2015;8,44;8,50;8,32;8,50;221604,00
05.02.2015;8,48;8,73;8,44;8,71;211531,00
06.02.2015;8,69;8,70;8,45;8,70;165891,00
09.02.2015;8,69;8,70;8,57;8,57;197742,00
10.02.2015;8,57;8,65;8,53;8,58;142447,00
11.02.2015;8,56;8,70;8,56;8,67;107628,00
12.02.2015;8,60;8,74;8,59;8,68;78617,00
13.02.2015;8,67;8,73;8,58;8,65;172414,00
16.02.2015;8,70;8,79;8,65;8,69;100175,00
17.02.2015;8,66;8,66;8,57;8,59;55208,00
18.02.2015;8,59;8,75;8,54;8,73;154203,00
19.02.2015;8,70;8,76;8,60;8,68;77036,00
20.02.2015;8,62;8,65;8,55;8,64;63612,00
23.02.2015;8,65;8,75;8,59;8,75;84494,00
24.02.2015;8,74;8,74;8,67;8,72;75265,00
25.02.2015;8,72;8,72;8,64;8,70;72656,00
26.02.2015;8,68;8,68;8,60;8,65;69504,00
27.02.2015;8,62;8,65;8,46;8,48;95446,00
02.03.2015;8,47;8,65;8,47;8,54;56324,00
03.03.2015;8,54;8,64;8,39;8,45;136725,00
04.03.2015;8,51;8,64;8,39;8,48;3622845,00
05.03.2015;8,50;8,90;8,50;8,88;197415,00
06.03.2015;8,86;9,01;8,80;9,01;222593,00
09.03.2015;9,00;9,04;8,90;8,92;76308,00
10.03.2015;8,87;9,00;8,85;8,92;85560,00
11.03.2015;8,92;9,02;8,90;9,00;108497,00
12.03.2015;9,00;9,03;8,95;9,03;60918,00
13.03.2015;8,98;9,09;8,98;9,05;92292,00
16.03.2015;9,03;9,10;8,99;9,08;107186,00
17.03.2015;8,95;9,03;8,90;9,03;133585,00
18.03.2015;9,00;9,09;8,96;9,06;95815,00
19.03.2015;9,06;9,20;9,00;9,15;129496,00
20.03.2015;9,19;9,20;9,14;9,16;66098,00
23.03.2015;9,14;9,22;9,05;9,15;64928,00
24.03.2015;9,16;9,45;9,16;9,38;474305,00
25.03.2015;9,39;9,45;9,32;9,40;130730,00
26.03.2015;9,35;9,35;9,04;9,25;90724,00
27.03.2015;9,22;9,33;9,10;9,27;174063,00
30.03.2015;9,25;9,34;9,21;9,34;112385,00
31.03.2015;9,27;9,48;9,27;9,44;164404,00
01.04.2015;9,35;9,60;9,34;9,51;163968,00
02.04.2015;9,47;9,52;9,23;9,27;68075,00
07.04.2015;9,26;9,38;9,21;9,22;89867,00
08.04.2015;9,18;9,21;9,03;9,09;114036,00
09.04.2015;9,08;9,15;9,08;9,11;124422,00
10.04.2015;9,14;9,35;9,14;9,34;181941,00
13.04.2015;9,33;9,40;9,22;9,40;100381,00
14.04.2015;9,39;9,47;9,25;9,47;78244,00
15.04.2015;9,46;9,49;9,31;9,35;70445,00
16.04.2015;9,30;9,39;9,21;9,21;105568,00
17.04.2015;9,22;9,24;8,93;8,97;104835,00
20.04.2015;8,95;9,19;8,92;9,19;98993,00
21.04.2015;9,21;9,43;9,21;9,43;133534,00
22.04.2015;9,42;9,43;9,22;9,28;75223,00
23.04.2015;9,21;9,31;9,01;9,26;95206,00
24.04.2015;8,98;9,27;8,64;9,20;429689,00
27.04.2015;9,23;9,36;9,14;9,31;339048,00
28.04.2015;9,30;9,31;9,10;9,12;126711,00
29.04.2015;9,12;9,13;8,62;8,62;204489,00
30.04.2015;8,55;8,79;8,51;8,79;189058,00
04.05.2015;8,75;8,94;8,66;8,90;92890,00
05.05.2015;8,90;9,15;8,82;8,91;193397,00
06.05.2015;8,89;8,95;8,71;8,80;101905,00
07.05.2015;8,72;8,92;8,59;8,90;121398,00
08.05.2015;8,95;9,12;8,90;9,12;74670,00
11.05.2015;9,12;9,20;9,07;9,14;93453,00
12.05.2015;9,07;9,07;8,88;8,91;82708,00
13.05.2015;8,84;8,90;8,81;8,84;73495,00
15.05.2015;8,82;8,85;8,71;8,78;86080,00
18.05.2015;8,78;8,86;8,72;8,77;88129,00
19.05.2015;8,77;8,82;8,66;8,78;352125,00
20.05.2015;8,69;9,08;8,69;9,07;343172,00
21.05.2015;9,07;9,11;8,95;9,10;103067,00
22.05.2015;9,06;9,20;9,06;9,20;227097,00
25.05.2015;9,20;9,20;8,96;8,96;41906,00
26.05.2015;9,00;9,20;8,88;9,18;114433,00
27.05.2015;9,18;9,18;9,06;9,11;27604,00
28.05.2015;9,15;9,18;8,96;9,09;128363,00
29.05.2015;9,10;9,10;8,90;9,09;162363,00
01.06.2015;9,08;9,12;8,96;9,00;69867,00
02.06.2015;9,00;9,14;8,95;9,05;91299,00
03.06.2015;9,05;9,10;9,00;9,04;125166,00
04.06.2015;9,03;9,05;8,91;8,96;83508,00
05.06.2015;8,95;8,99;8,89;8,94;89998,00
08.06.2015;8,92;8,92;8,69;8,75;65515,00
09.06.2015;8,75;8,88;8,43;8,79;107971,00
10.06.2015;8,80;8,99;8,80;8,99;195699,00
11.06.2015;8,90;9,15;8,90;9,08;84495,00
12.06.2015;9,07;9,13;8,63;8,76;118245,00
15.06.2015;8,70;8,70;8,51;8,54;90508,00
16.06.2015;8,51;8,82;8,34;8,81;127675,00
17.06.2015;8,74;8,84;8,66;8,75;90894,00
18.06.2015;8,74;8,76;8,48;8,49;222300,00
22.06.2015;8,59;8,85;8,59;8,77;156153,00
23.06.2015;8,85;9,18;8,85;9,10;220447,00
24.06.2015;9,14;9,14;8,97;9,07;229432,00
25.06.2015;9,00;9,15;9,00;9,06;105570,00
26.06.2015;9,04;9,25;9,03;9,20;163957,00
29.06.2015;8,81;9,14;8,81;9,05;173959,00
30.06.2015;9,06;9,09;8,91;8,93;106084,00
01.07.2015;8,97;9,13;8,97;9,10;72000,00
02.07.2015;9,12;9,12;8,95;9,01;43303,00
03.07.2015;9,00;9,09;8,81;8,88;69885,00
06.07.2015;8,80;8,81;8,51;8,79;118689,00
07.07.2015;8,79;8,84;8,65;8,67;71729,00
08.07.2015;8,60;8,88;8,57;8,67;89832,00
09.07.2015;8,65;9,18;8,65;9,16;148117,00
10.07.2015;9,25;9,29;8,98;9,01;88562,00
13.07.2015;9,02;9,21;9,02;9,19;127204,00
14.07.2015;9,20;9,21;9,12;9,20;63831,00
15.07.2015;9,17;9,29;9,14;9,26;122093,00
16.07.2015;9,29;9,40;9,28;9,37;154092,00
17.07.2015;9,40;9,55;9,40;9,49;82521,00
20.07.2015;9,50;9,59;9,50;9,59;76776,00
21.07.2015;9,57;9,69;9,37;9,45;92906,00
22.07.2015;9,45;9,45;9,38;9,40;61889,00
23.07.2015;9,50;9,67;9,25;9,30;121841,00
24.07.2015;9,27;9,34;9,07;9,18;150761,00
27.07.2015;9,14;9,21;8,92;8,93;82630,00
28.07.2015;8,95;9,14;8,91;9,05;46727,00
29.07.2015;9,10;9,11;8,89;9,07;68773,00
30.07.2015;9,09;9,22;9,09;9,14;110852,00
31.07.2015;9,10;9,25;9,09;9,25;55127,00
03.08.2015;9,25;9,27;9,17;9,26;76384,00
04.08.2015;9,26;9,35;9,20;9,30;55289,00
05.08.2015;9,27;9,32;9,19;9,31;86574,00
06.08.2015;9,31;9,33;9,17;9,17;56585,00
07.08.2015;9,18;9,29;9,14;9,24;36413,00
10.08.2015;9,24;9,30;9,13;9,28;62460,00
11.08.2015;9,25;9,31;9,15;9,25;111655,00
12.08.2015;9,17;9,25;8,98;8,98;121366,00
13.08.2015;9,05;9,30;9,05;9,29;102478,00
14.08.2015;9,23;9,30;9,20;9,26;59415,00
17.08.2015;9,26;9,44;9,23;9,39;210145,00
18.08.2015;9,38;9,40;9,25;9,37;115226,00
19.08.2015;9,37;9,43;9,23;9,29;72924,00
20.08.2015;9,20;9,28;9,06;9,08;125446,00
21.08.2015;9,01;9,13;8,96;8,99;137424,00
24.08.2015;8,77;8,78;8,16;8,41;215942,00
25.08.2015;8,49;9,10;8,49;9,02;194199,00
26.08.2015;8,81;9,08;8,77;8,98;132662,00
27.08.2015;9,06;9,24;9,06;9,20;226831,00
28.08.2015;9,20;9,26;9,11;9,21;156691,00
31.08.2015;9,11;9,30;9,11;9,30;131132,00
01.09.2015;9,02;9,21;8,69;8,77;106559,00
02.09.2015;8,88;8,96;8,70;8,83;83757,00
03.09.2015;8,90;9,08;8,76;8,99;137408,00
04.09.2015;8,92;8,92;8,82;8,84;83988,00
07.09.2015;8,87;9,01;8,85;8,93;36724,00
08.09.2015;9,05;9,10;9,00;9,07;106464,00
09.09.2015;9,25;9,25;9,08;9,11;342574,00
10.09.2015;9,10;9,15;8,77;8,83;238948,00
11.09.2015;8,85;8,88;8,73;8,80;318006,00
14.09.2015;8,80;8,90;8,72;8,76;48045,00
15.09.2015;8,72;8,84;8,70;8,78;42755,00
16.09.2015;8,82;8,86;8,81;8,84;41594,00
17.09.2015;8,80;9,04;8,76;9,00;50858,00
18.09.2015;8,85;8,91;8,70;8,86;80945,00
21.09.2015;8,86;8,93;8,81;8,90;69054,00
22.09.2015;8,90;8,91;8,65;8,65;130692,00
23.09.2015;8,65;8,72;8,63;8,66;131121,00
24.09.2015;8,63;8,68;8,46;8,54;127108,00
25.09.2015;8,57;8,71;8,57;8,64;55417,00
28.09.2015;8,62;8,64;8,46;8,49;51557,00
29.09.2015;8,45;8,62;8,30;8,60;54458,00
30.09.2015;8,66;8,94;8,65;8,94;108761,00
01.10.2015;8,93;9,05;8,93;9,03;107234,00
02.10.2015;9,05;9,23;9,02;9,20;395743,00
05.10.2015;9,23;9,37;9,23;9,32;91516,00
06.10.2015;9,33;9,45;9,31;9,42;138213,00
07.10.2015;9,45;9,47;9,31;9,31;103518,00
08.10.2015;9,35;9,35;9,23;9,28;65975,00
09.10.2015;9,30;9,45;9,28;9,41;93746,00
12.10.2015;9,45;9,50;9,27;9,32;79144,00
13.10.2015;9,38;9,38;9,21;9,24;46960,00
14.10.2015;9,25;9,35;9,14;9,26;57438,00
15.10.2015;9,40;9,40;9,22;9,31;46516,00
16.10.2015;9,35;9,40;9,10;9,14;59741,00
19.10.2015;9,14;9,32;9,14;9,28;52416,00
20.10.2015;9,33;9,37;9,27;9,32;38384,00
21.10.2015;9,34;9,40;9,30;9,33;48404,00
22.10.2015;9,23;9,31;9,13;9,27;85348,00
23.10.2015;8,85;8,85;8,26;8,50;568813,00
26.10.2015;8,58;8,58;8,26;8,28;300392,00
27.10.2015;8,29;8,40;8,10;8,12;259412,00
28.10.2015;8,15;8,19;8,02;8,03;115874,00
29.10.2015;8,05;8,20;8,00;8,00;171571,00
30.10.2015;8,02;8,05;7,91;7,92;124346,00
02.11.2015;7,91;7,97;7,82;7,90;143152,00
03.11.2015;7,98;8,05;7,90;8,04;109294,00
04.11.2015;8,10;8,19;8,03;8,12;112375,00
05.11.2015;8,12;8,15;8,08;8,08;72504,00
06.11.2015;8,10;8,21;7,98;8,19;98943,00
09.11.2015;8,24;8,28;8,05;8,10;109150,00
10.11.2015;8,21;8,21;8,04;8,06;99248,00
11.11.2015;8,15;8,32;8,14;8,32;136999,00
12.11.2015;8,30;8,46;8,19;8,23;130825,00
13.11.2015;8,25;8,26;8,05;8,06;102180,00
16.11.2015;8,06;8,34;8,04;8,30;101310,00
17.11.2015;8,35;8,47;8,35;8,44;82122,00
18.11.2015;8,46;8,47;8,27;8,46;76817,00
19.11.2015;8,49;8,62;8,49;8,61;179307,00
20.11.2015;8,57;8,64;8,56;8,60;95150,00
23.11.2015;8,62;8,65;8,50;8,57;98033,00
24.11.2015;8,63;8,65;8,55;8,59;114299,00
25.11.2015;8,60;8,82;8,57;8,82;148392,00
26.11.2015;8,82;8,94;8,80;8,91;89628,00
27.11.2015;8,88;8,92;8,80;8,88;133112,00
30.11.2015;8,93;8,93;8,81;8,81;129560,00
01.12.2015;8,92;8,94;8,75;8,83;112466,00
02.12.2015;8,83;8,90;8,73;8,79;89345,00
03.12.2015;8,75;8,83;8,68;8,68;68170,00
04.12.2015;8,68;8,82;8,64;8,78;113051,00
07.12.2015;8,83;8,95;8,82;8,84;69648,00
08.12.2015;8,84;8,84;8,60;8,64;85561,00
09.12.2015;8,66;8,69;8,50;8,58;74035,00
10.12.2015;8,55;8,70;8,55;8,67;60127,00
11.12.2015;8,79;8,82;8,47;8,80;410299,00
14.12.2015;8,80;8,80;8,59;8,72;105155,00
15.12.2015;8,74;8,80;8,73;8,77;45764,00
16.12.2015;8,79;8,88;8,76;8,86;51381,00
17.12.2015;8,89;9,04;8,86;8,97;111967,00
18.12.2015;8,82;8,97;8,82;8,93;609833,00
21.12.2015;8,93;8,97;8,80;8,89;65953,00
22.12.2015;8,90;8,96;8,87;8,87;50665,00
23.12.2015;8,87;8,99;8,87;8,95;57494,00
28.12.2015;9,00;9,02;8,85;9,00;125531,00
29.12.2015;9,00;9,06;9,00;9,06;65923,00
30.12.2015;9,08;9,09;8,97;9,03;72887,00
04.01.2016;8,96;8,96;8,58;8,61;133827,00
05.01.2016;8,67;8,89;8,61;8,74;70560,00
07.01.2016;8,58;8,58;8,15;8,37;188470,00
08.01.2016;8,38;8,48;8,22;8,35;141446,00
11.01.2016;8,35;8,56;8,13;8,25;104255,00
12.01.2016;8,25;8,59;8,25;8,52;250471,00
13.01.2016;8,52;8,95;8,52;8,86;384402,00
14.01.2016;8,59;8,72;8,02;8,15;331983,00
15.01.2016;8,20;8,26;7,66;7,77;319777,00
18.01.2016;7,75;7,97;7,70;7,80;230911,00
19.01.2016;8,00;8,06;7,71;7,75;169181,00
20.01.2016;7,74;7,74;7,37;7,47;161052,00
21.01.2016;7,50;7,69;7,35;7,61;256378,00
22.01.2016;7,74;7,84;7,61;7,64;485821,00
25.01.2016;7,70;7,78;7,60;7,69;166982,00
26.01.2016;7,64;7,91;7,55;7,77;270790,00
27.01.2016;8,01;8,65;7,91;8,60;818693,00
28.01.2016;8,57;8,88;8,55;8,70;350528,00
29.01.2016;8,98;8,98;8,62;8,76;157717,00
01.02.2016;8,89;8,89;8,50;8,67;143836,00
02.02.2016;8,70;8,70;8,40;8,41;104525,00
03.02.2016;8,46;8,49;8,08;8,25;154846,00
04.02.2016;8,32;8,40;8,10;8,26;134987,00
05.02.2016;8,26;8,52;8,22;8,33;101336,00
08.02.2016;8,40;8,46;8,04;8,06;152992,00
09.02.2016;8,00;8,16;7,82;7,96;189836,00
10.02.2016;7,97;8,17;7,94;8,05;154173,00
11.02.2016;8,05;8,05;7,74;7,74;135055,00
12.02.2016;7,77;7,97;7,77;7,86;128556,00
15.02.2016;8,02;8,38;8,02;8,27;119090,00
16.02.2016;8,30;8,37;7,99;8,01;101280,00
17.02.2016;8,08;8,29;8,05;8,21;61655,00
18.02.2016;8,24;8,30;8,12;8,20;99669,00
19.02.2016;8,25;8,28;8,01;8,13;61850,00
22.02.2016;8,11;8,30;8,11;8,28;47755,00
23.02.2016;8,21;8,43;8,21;8,28;74031,00
24.02.2016;8,31;8,42;8,15;8,19;88458,00
25.02.2016;8,19;8,30;8,19;8,24;80882,00
26.02.2016;8,29;8,34;8,25;8,29;66121,00
29.02.2016;8,29;8,34;8,27;8,28;44682,00
01.03.2016;8,36;8,50;8,36;8,50;55494,00
02.03.2016;8,55;8,69;8,55;8,65;95207,00
03.03.2016;8,70;8,82;8,66;8,77;57150,00
04.03.2016;8,82;8,94;8,79;8,92;122513,00
07.03.2016;8,92;8,99;8,90;8,96;86281,00
08.03.2016;8,96;9,02;8,74;8,88;121489,00
09.03.2016;8,90;8,90;8,60;8,68;74052,00
10.03.2016;8,80;8,88;8,61;8,61;169174,00
11.03.2016;8,75;8,98;8,70;8,92;68727,00
14.03.2016;9,02;9,28;9,02;9,16;176836,00
15.03.2016;9,15;9,20;9,06;9,10;136060,00
16.03.2016;9,10;9,16;8,87;9,00;104126,00
17.03.2016;9,04;9,13;8,91;9,13;72594,00
18.03.2016;9,13;9,38;9,10;9,38;249336,00
21.03.2016;8,98;8,98;8,55;8,73;671735,00
22.03.2016;8,60;8,60;8,45;8,52;157488,00
23.03.2016;8,52;8,64;8,52;8,63;93622,00
24.03.2016;8,63;8,63;8,49;8,56;69161,00
29.03.2016;8,50;8,64;8,45;8,54;73809,00
30.03.2016;8,60;8,73;8,50;8,55;133747,00
31.03.2016;8,63;8,63;8,47;8,51;219700,00
01.04.2016;8,51;8,53;8,33;8,36;90152,00
04.04.2016;8,31;8,52;8,31;8,48;64033,00
05.04.2016;8,48;8,52;8,40;8,49;72738,00
06.04.2016;8,49;8,55;8,41;8,55;70701,00
07.04.2016;8,50;8,55;8,44;8,49;39387,00
08.04.2016;8,48;8,60;8,43;8,58;51193,00
11.04.2016;8,58;8,67;8,51;8,61;45285,00
12.04.2016;8,65;8,67;8,47;8,55;74875,00
13.04.2016;8,61;8,69;8,53;8,56;523983,00
14.04.2016;8,61;8,68;8,57;8,61;88115,00
15.04.2016;8,69;8,72;8,57;8,66;227091,00
18.04.2016;8,60;8,71;8,55;8,71;68482,00
19.04.2016;8,71;8,80;8,65;8,65;422690,00
20.04.2016;8,61;8,74;8,61;8,74;175335,00
21.04.2016;8,74;8,74;8,54;8,67;100678,00
22.04.2016;8,65;8,65;8,15;8,30;639251,00
25.04.2016;8,26;8,26;8,00;8,00;82311,00
26.04.2016;8,00;8,08;7,92;7,94;188151,00
27.04.2016;8,00;8,07;6,80;6,90;989263,00
28.04.2016;6,40;6,78;6,28;6,75;3562264,00
29.04.2016;6,70;6,70;6,40;6,40;877205,00
02.05.2016;6,48;6,56;6,35;6,36;621364,00
03.05.2016;6,37;6,37;6,22;6,25;413822,00
04.05.2016;6,25;6,29;6,13;6,14;272626,00
06.05.2016;6,14;6,26;6,12;6,18;206317,00
09.05.2016;6,27;6,30;6,19;6,24;266222,00
10.05.2016;6,30;6,40;6,22;6,33;257202,00
11.05.2016;6,33;6,41;6,24;6,35;255620,00
12.05.2016;6,35;6,39;6,24;6,24;301360,00
13.05.2016;6,24;6,27;6,12;6,14;205016,00
16.05.2016;6,15;6,29;6,11;6,25;377335,00
17.05.2016;6,36;6,39;6,29;6,31;283819,00
18.05.2016;6,31;6,32;6,18;6,30;473416,00
19.05.2016;6,26;6,33;6,20;6,24;122646,00
20.05.2016;6,25;6,29;6,22;6,25;79195,00
23.05.2016;6,25;6,28;6,16;6,18;131946,00
24.05.2016;6,21;6,21;6,05;6,08;336527,00
25.05.2016;6,09;6,17;6,09;6,14;248402,00
26.05.2016;6,12;6,17;6,11;6,15;175994,00
27.05.2016;6,15;6,17;6,09;6,16;190341,00
30.05.2016;6,15;6,24;6,12;6,20;138438,00
31.05.2016;6,20;6,23;6,15;6,16;410353,00
01.06.2016;6,18;6,21;6,13;6,13;196391,00
02.06.2016;6,13;6,39;6,13;6,32;348309,00
03.06.2016;6,40;6,65;6,36;6,56;570462,00
06.06.2016;6,59;6,65;6,49;6,65;185256,00
07.06.2016;6,68;6,77;6,66;6,69;187085,00
08.06.2016;6,72;6,75;6,63;6,71;345379,00
09.06.2016;6,74;6,78;6,67;6,71;317989,00
10.06.2016;6,75;6,75;6,50;6,52;250511,00
13.06.2016;6,48;6,48;6,21;6,30;201851,00
14.06.2016;6,29;6,29;6,14;6,16;224360,00
15.06.2016;6,20;6,28;6,19;6,23;142020,00
16.06.2016;6,19;6,23;6,14;6,17;252597,00
17.06.2016;6,18;6,28;6,15;6,28;347427,00
20.06.2016;6,32;6,44;5,71;5,76;1029062,00
21.06.2016;5,81;5,83;5,66;5,79;1203436,00
22.06.2016;5,80;5,80;5,70;5,71;431550,00
23.06.2016;5,70;5,86;5,68;5,84;338348,00
27.06.2016;5,52;5,74;5,50;5,52;401437,00
28.06.2016;5,66;5,74;5,51;5,51;363217,00
29.06.2016;5,59;5,79;5,56;5,77;276898,00
30.06.2016;5,75;5,80;5,62;5,75;279451,00
01.07.2016;5,78;5,99;5,75;5,94;204449,00
04.07.2016;5,95;5,97;5,80;5,80;182666,00
05.07.2016;5,87;5,87;5,67;5,76;223469,00
06.07.2016;5,77;5,82;5,71;5,78;228901,00
07.07.2016;5,72;5,91;5,72;5,88;150920,00
08.07.2016;5,77;6,09;5,77;5,99;131427,00
11.07.2016;6,04;6,08;5,96;6,06;163106,00
12.07.2016;6,06;6,13;6,01;6,02;144878,00
13.07.2016;6,13;6,26;6,13;6,15;428080,00
14.07.2016;6,19;6,19;6,04;6,10;152550,00
15.07.2016;6,14;6,15;6,05;6,10;219307,00
18.07.2016;6,08;6,18;6,01;6,18;363835,00
19.07.2016;6,15;6,18;6,07;6,14;120967,00
20.07.2016;6,14;6,18;6,04;6,10;190642,00
21.07.2016;5,88;6,19;5,77;6,11;495016,00
22.07.2016;6,09;6,09;5,94;6,00;316794,00
25.07.2016;6,01;6,04;5,96;5,98;322964,00
26.07.2016;5,98;6,07;5,90;5,97;318574,00
27.07.2016;6,00;6,05;5,99;6,05;198407,00
28.07.2016;6,08;6,11;5,92;5,92;388254,00
29.07.2016;5,93;5,98;5,90;5,90;226776,00
01.08.2016;5,91;5,95;5,77;5,79;186654,00
02.08.2016;5,79;5,80;5,63;5,64;259535,00
03.08.2016;5,65;5,67;5,52;5,57;284381,00
04.08.2016;5,56;5,65;5,55;5,60;243891,00
05.08.2016;5,60;5,83;5,60;5,79;213939,00
08.08.2016;5,83;5,92;5,82;5,88;137510,00
09.08.2016;5,90;5,93;5,80;5,89;192180,00
10.08.2016;5,86;5,93;5,81;5,84;224256,00
11.08.2016;5,85;5,98;5,82;5,96;163720,00
12.08.2016;5,96;6,04;5,93;6,04;155206,00
15.08.2016;6,02;6,10;6,02;6,07;207782,00
16.08.2016;6,03;6,05;5,97;5,99;224331,00
17.08.2016;5,97;5,98;5,86;5,89;180360,00
18.08.2016;5,89;5,98;5,89;5,95;71790,00
19.08.2016;5,99;6,00;5,92;6,00;81357,00
22.08.2016;5,95;6,08;5,95;6,04;137370,00
23.08.2016;6,05;6,10;6,02;6,06;179814,00
24.08.2016;6,01;6,22;6,01;6,19;224907,00
25.08.2016;6,18;6,21;6,13;6,19;213534,00
26.08.2016;6,21;6,21;6,09;6,18;105310,00
29.08.2016;6,17;6,18;6,06;6,15;200289,00
30.08.2016;6,11;6,23;6,11;6,21;154183,00
31.08.2016;6,21;6,35;6,20;6,29;332647,00
01.09.2016;6,30;6,40;6,30;6,31;122781,00
02.09.2016;6,30;6,41;6,26;6,41;197768,00
05.09.2016;6,42;6,50;6,38;6,38;241829,00
06.09.2016;6,40;6,48;6,39;6,46;241048,00
07.09.2016;6,46;6,52;6,45;6,50;115217,00
08.09.2016;6,52;6,53;6,28;6,38;222987,00
09.09.2016;6,38;6,38;6,25;6,25;154443,00
12.09.2016;6,20;6,21;6,08;6,16;474884,00
13.09.2016;6,21;6,26;6,10;6,10;134065,00
14.09.2016;6,13;6,16;6,07;6,08;203995,00
15.09.2016;6,09;6,17;6,09;6,16;131961,00
16.09.2016;6,12;6,18;6,05;6,17;228372,00
19.09.2016;6,17;6,36;6,17;6,32;259675,00
20.09.2016;6,30;6,33;6,28;6,31;114823,00
21.09.2016;6,31;6,37;6,27;6,28;112876,00
22.09.2016;6,31;6,41;6,31;6,39;160699,00
23.09.2016;6,37;6,42;6,37;6,40;97889,00
26.09.2016;6,40;6,45;6,38;6,40;164570,00
27.09.2016;6,63;6,82;6,59;6,70;537030,00
28.09.2016;6,68;7,09;6,64;6,92;565099,00
29.09.2016;6,99;7,03;6,80;6,90;492718,00
30.09.2016;6,85;6,86;6,71;6,85;202562,00
03.10.2016;6,90;6,92;6,71;6,78;192901,00
04.10.2016;6,81;6,90;6,78;6,89;102793,00
05.10.2016;6,87;6,91;6,80;6,89;626693,00
06.10.2016;6,86;6,91;6,72;6,80;443647,00
07.10.2016;6,76;6,80;6,70;6,73;86309,00
10.10.2016;6,73;6,83;6,72;6,75;79046,00
11.10.2016;6,75;6,90;6,75;6,78;180834,00
12.10.2016;6,74;6,85;6,69;6,77;177581,00
13.10.2016;6,72;6,79;6,70;6,71;70204,00
14.10.2016;6,71;6,88;6,68;6,88;137812,00
17.10.2016;6,87;6,88;6,78;6,78;183765,00
18.10.2016;6,78;6,87;6,77;6,78;136468,00
19.10.2016;6,49;6,93;6,42;6,88;843589,00
20.10.2016;6,90;6,99;6,71;6,74;450683,00
21.10.2016;6,72;6,78;6,59;6,77;266506,00
24.10.2016;6,76;6,92;6,76;6,89;158220,00
25.10.2016;6,90;7,03;6,88;6,95;326541,00
26.10.2016;6,94;6,99;6,52;6,60;316722,00
27.10.2016;6,50;6,79;6,50;6,65;374787,00
28.10.2016;6,61;6,68;6,56;6,63;108300,00
31.10.2016;6,63;6,63;6,51;6,56;137341,00
01.11.2016;6,52;6,58;6,26;6,31;238683,00
02.11.2016;6,26;6,26;6,06;6,08;436881,00
03.11.2016;6,06;6,14;6,02;6,10;440778,00
04.11.2016;6,05;6,15;5,99;6,09;281398,00
07.11.2016;6,25;6,35;6,17;6,26;183201,00
08.11.2016;6,26;6,30;6,08;6,08;206718,00
09.11.2016;5,83;6,29;5,81;6,24;235849,00
10.11.2016;6,29;6,45;6,25;6,28;406739,00
11.11.2016;6,30;6,34;6,14;6,16;118687,00
14.11.2016;6,19;6,36;6,13;6,14;138716,00
15.11.2016;6,14;6,24;6,03;6,18;167167,00
16.11.2016;6,17;6,25;6,15;6,15;158531,00
17.11.2016;6,18;6,22;6,12;6,19;75620,00
18.11.2016;6,20;6,30;6,18;6,29;184420,00
21.11.2016;6,21;6,33;6,20;6,28;312710,00
22.11.2016;6,31;6,38;6,26;6,28;339145,00
