date;open;high;low;close;volume
02.01.2014;7,20;8,01;6,03;6,65;7135000,00
03.01.2014;7,00;7,14;6,67;6,87;6641036,00
07.01.2014;6,10;6,87;6,00;6,40;7467206,00
08.01.2014;6,40;6,85;6,36;6,70;2014399,00
09.01.2014;6,68;6,84;6,53;6,65;1190515,00
10.01.2014;6,65;6,68;6,36;6,60;1761496,00
13.01.2014;6,65;6,66;6,55;6,64;929834,00
14.01.2014;6,55;6,56;6,40;6,50;1878694,00
15.01.2014;6,49;6,55;6,41;6,47;2293083,00
16.01.2014;6,49;6,58;6,35;6,55;1490770,00
17.01.2014;6,65;6,70;6,61;6,70;866574,00
20.01.2014;6,70;6,70;6,57;6,57;458894,00
21.01.2014;6,54;6,60;6,51;6,55;442347,00
22.01.2014;6,56;6,62;6,51;6,53;685577,00
23.01.2014;6,51;6,57;6,46;6,51;647504,00
24.01.2014;6,46;6,60;6,46;6,52;320089,00
27.01.2014;6,55;6,59;6,43;6,55;573409,00
28.01.2014;6,53;6,64;6,44;6,49;694039,00
29.01.2014;6,50;6,55;6,43;6,43;326551,00
30.01.2014;6,40;6,43;6,27;6,32;747176,00
31.01.2014;6,32;6,39;6,20;6,26;414063,00
03.02.2014;6,22;6,45;6,19;6,27;1258865,00
04.02.2014;6,24;6,45;6,24;6,40;469808,00
05.02.2014;6,37;6,40;6,26;6,32;390241,00
06.02.2014;6,32;6,41;6,15;6,21;1078648,00
07.02.2014;6,20;6,48;6,05;6,40;2277064,00
10.02.2014;6,43;6,46;6,23;6,26;1067731,00
11.02.2014;6,26;6,32;6,22;6,28;382787,00
12.02.2014;6,27;6,28;6,21;6,23;613197,00
13.02.2014;6,20;6,45;6,15;6,45;555386,00
14.02.2014;6,45;6,48;6,28;6,48;233564,00
17.02.2014;6,50;6,84;6,45;6,80;712702,00
18.02.2014;6,78;6,78;6,52;6,64;297634,00
19.02.2014;6,61;6,90;6,59;6,88;226193,00
20.02.2014;6,74;6,84;6,66;6,70;1384383,00
21.02.2014;6,75;6,75;6,66;6,69;134602,00
24.02.2014;6,67;6,75;6,64;6,75;250371,00
25.02.2014;6,75;6,75;6,66;6,69;711551,00
26.02.2014;6,69;6,71;6,60;6,68;180980,00
27.02.2014;6,68;6,70;6,52;6,63;374607,00
28.02.2014;6,59;6,78;6,59;6,64;429044,00
03.03.2014;6,60;6,67;6,51;6,67;382881,00
04.03.2014;6,65;6,76;6,59;6,70;204839,00
05.03.2014;6,72;6,72;6,58;6,61;234523,00
06.03.2014;6,62;6,69;6,59;6,69;562628,00
07.03.2014;6,66;7,16;6,65;7,01;2183643,00
10.03.2014;7,00;7,55;6,86;7,35;1156522,00
11.03.2014;7,34;7,49;7,20;7,42;268217,00
12.03.2014;7,37;7,48;7,31;7,45;1415769,00
13.03.2014;7,44;7,45;7,18;7,30;3355995,00
14.03.2014;7,18;7,42;7,12;7,40;555085,00
17.03.2014;7,34;7,49;7,30;7,45;322434,00
18.03.2014;7,41;7,60;7,40;7,60;465848,00
19.03.2014;7,55;7,72;7,33;7,35;1094548,00
20.03.2014;7,31;7,41;7,14;7,32;409300,00
21.03.2014;7,30;7,52;7,30;7,47;480424,00
24.03.2014;7,47;7,50;7,14;7,20;443833,00
25.03.2014;7,20;7,46;7,20;7,45;277598,00
26.03.2014;7,52;7,57;7,31;7,40;303540,00
27.03.2014;7,22;7,70;7,22;7,67;841017,00
28.03.2014;7,68;7,88;7,68;7,85;657177,00
31.03.2014;7,85;7,91;7,70;7,78;266866,00
01.04.2014;7,83;7,85;7,66;7,67;410588,00
02.04.2014;7,68;7,74;7,48;7,61;412121,00
03.04.2014;7,75;8,19;7,74;8,18;1044959,00
04.04.2014;8,17;8,28;8,04;8,28;607195,00
07.04.2014;8,24;8,30;8,17;8,30;270237,00
08.04.2014;8,30;8,35;8,09;8,11;580055,00
09.04.2014;8,11;8,27;8,11;8,23;338476,00
10.04.2014;8,29;8,29;8,09;8,15;260156,00
11.04.2014;8,13;8,15;7,98;8,10;376577,00
14.04.2014;8,06;8,07;7,82;7,87;3218861,00
15.04.2014;7,90;8,13;7,90;8,10;530504,00
16.04.2014;8,15;8,25;8,02;8,05;283762,00
17.04.2014;8,05;8,21;8,02;8,20;374673,00
22.04.2014;8,23;8,24;8,10;8,15;578352,00
23.04.2014;8,15;8,26;8,14;8,18;420896,00
24.04.2014;8,20;8,30;8,15;8,30;329452,00
25.04.2014;8,15;8,20;8,02;8,16;307352,00
28.04.2014;8,25;8,39;8,21;8,26;1020756,00
29.04.2014;8,31;8,32;8,20;8,31;289781,00
30.04.2014;8,34;8,40;8,28;8,36;305747,00
02.05.2014;8,37;8,48;8,29;8,33;290926,00
05.05.2014;8,33;8,53;8,32;8,44;339627,00
06.05.2014;8,50;8,52;8,43;8,48;266215,00
07.05.2014;8,45;8,52;8,35;8,36;361616,00
08.05.2014;8,41;8,45;8,39;8,45;58889,00
09.05.2014;8,48;8,48;8,39;8,45;186277,00
12.05.2014;8,40;8,49;8,39;8,40;117530,00
13.05.2014;8,48;8,48;8,38;8,38;427645,00
14.05.2014;8,41;8,45;8,26;8,26;482258,00
15.05.2014;8,30;8,39;8,18;8,23;199389,00
16.05.2014;8,24;8,30;8,00;8,01;249231,00
19.05.2014;8,00;8,15;7,98;8,00;167881,00
20.05.2014;8,00;8,22;7,95;7,95;333988,00
21.05.2014;8,00;8,01;7,89;7,93;510421,00
22.05.2014;8,02;8,03;7,84;7,84;278700,00
23.05.2014;7,93;7,93;7,66;7,80;502782,00
26.05.2014;7,91;7,95;7,78;7,90;387825,00
27.05.2014;7,93;8,21;7,91;8,15;905226,00
28.05.2014;8,20;8,28;8,08;8,18;202760,00
30.05.2014;8,26;8,26;8,06;8,17;688658,00
02.06.2014;8,18;8,30;8,18;8,27;159997,00
03.06.2014;8,30;8,65;8,30;8,51;478715,00
04.06.2014;8,58;8,72;8,49;8,50;661671,00
05.06.2014;8,53;8,65;8,50;8,63;666979,00
06.06.2014;8,63;8,71;8,59;8,70;157723,00
09.06.2014;8,72;8,87;8,71;8,82;168862,00
10.06.2014;8,88;9,00;8,80;8,90;384636,00
11.06.2014;8,92;8,93;8,70;8,82;215820,00
12.06.2014;8,86;8,97;8,83;8,92;215699,00
13.06.2014;8,92;9,12;8,89;9,10;260189,00
16.06.2014;9,12;9,14;8,90;8,95;187488,00
17.06.2014;8,98;9,10;8,96;9,08;171754,00
18.06.2014;9,10;9,15;8,95;8,95;169472,00
19.06.2014;9,00;9,00;8,47;8,47;481353,00
23.06.2014;8,70;8,93;8,62;8,67;325261,00
24.06.2014;8,70;8,80;8,67;8,71;220378,00
25.06.2014;8,72;8,72;8,45;8,45;147591,00
26.06.2014;8,50;8,73;8,46;8,60;349867,00
27.06.2014;8,68;8,80;8,55;8,57;222032,00
30.06.2014;8,59;8,80;8,59;8,74;251121,00
01.07.2014;8,80;8,80;8,65;8,70;357254,00
02.07.2014;8,75;8,78;8,64;8,65;277163,00
03.07.2014;8,73;8,78;8,61;8,73;231166,00
04.07.2014;8,80;8,80;8,58;8,58;136989,00
07.07.2014;8,57;8,65;8,52;8,52;132900,00
08.07.2014;8,62;8,72;8,60;8,61;343023,00
09.07.2014;8,71;8,71;8,51;8,52;165810,00
10.07.2014;8,60;8,67;8,51;8,51;152218,00
11.07.2014;8,51;8,60;8,40;8,40;251348,00
14.07.2014;8,42;8,56;8,35;8,35;281867,00
15.07.2014;8,40;8,45;8,32;8,39;136168,00
16.07.2014;8,39;8,45;8,35;8,38;171149,00
17.07.2014;8,35;8,44;8,19;8,20;275059,00
18.07.2014;8,19;8,40;8,19;8,30;131721,00
21.07.2014;8,39;8,39;8,16;8,20;156046,00
22.07.2014;8,20;8,27;8,16;8,17;191954,00
23.07.2014;8,23;8,24;8,14;8,15;123876,00
24.07.2014;8,15;8,19;7,96;7,97;284688,00
25.07.2014;8,00;8,08;7,94;7,95;170657,00
28.07.2014;8,05;8,09;7,90;7,95;159137,00
29.07.2014;8,07;8,07;7,99;8,00;347153,00
30.07.2014;8,00;8,09;7,97;7,99;297095,00
31.07.2014;8,00;8,10;7,78;7,86;1948451,00
01.08.2014;7,93;8,27;7,93;8,11;578733,00
04.08.2014;8,20;8,30;8,10;8,14;138895,00
05.08.2014;8,20;8,27;8,06;8,09;119932,00
06.08.2014;8,03;8,05;7,89;7,97;346228,00
07.08.2014;7,91;8,02;7,88;7,97;148324,00
08.08.2014;7,95;7,95;7,74;7,75;192077,00
11.08.2014;7,77;7,99;7,77;7,93;135007,00
12.08.2014;7,94;8,26;7,94;8,24;353152,00
13.08.2014;8,22;8,26;8,06;8,21;300008,00
14.08.2014;8,16;8,44;8,16;8,40;230753,00
15.08.2014;8,34;8,45;8,15;8,20;167397,00
18.08.2014;8,22;8,34;8,22;8,28;142604,00
19.08.2014;8,32;8,50;8,32;8,44;216472,00
20.08.2014;8,45;8,57;8,40;8,48;225062,00
21.08.2014;8,54;8,69;8,50;8,63;238440,00
22.08.2014;8,63;8,68;8,40;8,44;3216459,00
25.08.2014;8,49;8,55;8,22;8,32;225342,00
26.08.2014;8,35;8,43;8,25;8,32;162657,00
27.08.2014;8,34;8,39;8,28;8,31;126890,00
28.08.2014;8,28;8,32;8,05;8,06;431097,00
29.08.2014;8,10;8,12;8,00;8,06;263329,00
01.09.2014;8,03;8,06;7,94;7,99;138195,00
02.09.2014;8,00;8,03;7,95;7,97;339950,00
03.09.2014;8,03;8,39;8,01;8,29;1533996,00
04.09.2014;8,34;8,49;8,14;8,46;597613,00
05.09.2014;8,46;8,68;8,35;8,60;382466,00
08.09.2014;8,60;8,66;8,51;8,60;141400,00
09.09.2014;8,60;8,65;8,43;8,45;153775,00
10.09.2014;8,45;8,45;8,35;8,43;125329,00
11.09.2014;8,39;8,47;8,27;8,32;158873,00
12.09.2014;8,35;8,35;8,15;8,20;229518,00
15.09.2014;8,20;8,22;8,12;8,20;196563,00
16.09.2014;8,22;8,22;8,13;8,22;241637,00
17.09.2014;8,22;8,26;8,11;8,17;203989,00
18.09.2014;8,12;8,18;8,02;8,06;315663,00
19.09.2014;8,10;8,13;8,01;8,12;1713641,00
22.09.2014;8,12;8,15;8,03;8,05;225447,00
23.09.2014;8,08;8,12;7,98;8,03;409881,00
24.09.2014;8,03;8,03;7,83;7,84;338469,00
25.09.2014;7,87;7,96;7,86;7,89;231731,00
26.09.2014;7,88;7,89;7,76;7,78;162833,00
29.09.2014;7,90;8,08;7,82;8,06;251019,00
30.09.2014;8,05;8,07;7,88;7,89;245166,00
01.10.2014;7,93;7,95;7,80;7,84;173047,00
02.10.2014;7,80;7,84;7,66;7,74;445175,00
03.10.2014;7,74;7,89;7,74;7,89;543423,00
06.10.2014;7,91;7,94;7,76;7,83;185701,00
07.10.2014;7,83;7,83;7,68;7,73;249270,00
08.10.2014;7,66;7,68;7,47;7,55;258697,00
09.10.2014;7,57;7,62;7,33;7,34;265152,00
10.10.2014;7,26;7,39;7,06;7,22;316149,00
13.10.2014;7,20;7,25;7,03;7,09;265479,00
14.10.2014;7,07;7,17;6,97;7,09;161679,00
15.10.2014;7,14;7,25;7,07;7,15;266124,00
16.10.2014;7,20;7,28;6,91;7,11;364349,00
17.10.2014;7,14;7,56;7,14;7,50;325801,00
20.10.2014;7,50;7,64;7,34;7,62;253970,00
21.10.2014;7,52;7,72;7,47;7,72;195553,00
22.10.2014;7,74;7,81;7,61;7,65;234366,00
23.10.2014;7,66;7,73;7,61;7,65;178473,00
24.10.2014;7,72;8,10;7,55;7,89;668565,00
27.10.2014;7,91;8,20;7,89;8,16;339957,00
28.10.2014;8,17;8,24;8,17;8,24;244346,00
29.10.2014;8,20;8,26;8,20;8,23;141510,00
30.10.2014;8,19;8,39;8,19;8,39;321406,00
31.10.2014;8,45;8,48;8,35;8,43;469606,00
03.11.2014;8,40;8,44;8,24;8,32;411348,00
04.11.2014;8,32;8,46;8,32;8,42;415080,00
05.11.2014;8,45;8,55;8,43;8,55;258966,00
06.11.2014;8,50;8,55;8,48;8,53;133677,00
07.11.2014;8,53;8,55;8,38;8,43;329269,00
10.11.2014;8,42;8,60;8,42;8,52;473493,00
11.11.2014;8,52;8,58;8,48;8,50;174875,00
12.11.2014;8,55;8,59;8,47;8,54;292712,00
13.11.2014;8,49;8,55;8,44;8,48;154199,00
14.11.2014;8,48;8,48;8,34;8,36;237540,00
17.11.2014;8,35;8,47;8,31;8,40;103892,00
18.11.2014;8,40;8,47;8,35;8,47;184906,00
19.11.2014;8,47;8,52;8,39;8,51;640358,00
20.11.2014;8,46;8,50;8,45;8,48;197775,00
21.11.2014;8,44;8,66;8,44;8,66;607667,00
24.11.2014;8,67;8,85;8,65;8,84;225354,00
25.11.2014;8,80;8,89;8,74;8,82;172079,00
26.11.2014;8,85;8,93;8,80;8,93;247219,00
27.11.2014;8,87;8,91;8,83;8,87;323807,00
28.11.2014;8,85;8,94;8,74;8,86;387398,00
01.12.2014;8,80;8,94;8,78;8,91;172783,00
02.12.2014;8,90;8,94;8,84;8,89;279060,00
03.12.2014;8,85;9,62;8,85;9,62;884024,00
04.12.2014;9,58;9,98;9,55;9,97;1346068,00
05.12.2014;9,95;9,99;9,85;9,99;444254,00
08.12.2014;10,00;10,26;9,95;10,17;919577,00
09.12.2014;10,08;10,16;9,93;10,10;852614,00
10.12.2014;10,06;10,10;9,73;9,78;956982,00
11.12.2014;9,78;9,85;9,65;9,69;339063,00
12.12.2014;9,67;9,69;9,48;9,65;288638,00
15.12.2014;9,65;9,70;9,36;9,37;547142,00
16.12.2014;9,46;9,97;9,28;9,97;692081,00
17.12.2014;9,88;9,88;9,60;9,80;238683,00
18.12.2014;9,86;10,04;9,86;10,00;303090,00
19.12.2014;10,04;10,05;9,84;10,02;369496,00
22.12.2014;10,02;10,04;9,92;10,02;125591,00
23.12.2014;10,03;10,21;9,90;10,21;141575,00
29.12.2014;10,20;10,37;10,17;10,32;101829,00
30.12.2014;10,27;10,30;10,14;10,22;116657,00
02.01.2015;10,33;10,46;10,25;10,44;153460,00
05.01.2015;10,48;10,52;10,36;10,42;232655,00
07.01.2015;10,41;10,44;10,01;10,02;871170,00
08.01.2015;10,07;10,25;10,07;10,12;440082,00
09.01.2015;10,13;10,15;10,02;10,02;376321,00
12.01.2015;10,12;10,27;10,04;10,10;302563,00
13.01.2015;10,10;10,32;10,05;10,15;317790,00
14.01.2015;10,12;10,20;10,03;10,10;286884,00
15.01.2015;10,20;10,90;10,13;10,72;1064745,00
16.01.2015;10,70;10,72;10,49;10,65;340672,00
19.01.2015;10,70;11,10;10,68;11,10;471887,00
20.01.2015;11,10;11,23;10,75;11,15;508462,00
21.01.2015;11,12;11,35;10,95;11,14;465117,00
22.01.2015;11,14;11,17;10,94;11,12;327088,00
23.01.2015;11,21;11,59;11,17;11,44;637620,00
26.01.2015;11,40;11,75;11,27;11,68;478359,00
27.01.2015;11,65;11,70;11,20;11,29;413113,00
28.01.2015;11,35;11,50;11,07;11,10;404496,00
29.01.2015;11,12;11,30;10,99;11,22;442812,00
30.01.2015;11,30;11,55;11,22;11,40;360830,00
02.02.2015;11,43;11,54;11,30;11,47;236276,00
03.02.2015;11,47;11,58;11,19;11,22;405254,00
04.02.2015;11,24;11,30;10,83;10,87;670860,00
05.02.2015;10,94;11,40;10,92;11,37;390463,00
06.02.2015;11,45;12,00;11,40;11,50;889049,00
09.02.2015;11,55;11,84;11,32;11,83;453722,00
10.02.2015;11,80;11,98;11,74;11,97;454737,00
11.02.2015;11,93;12,15;11,83;12,08;457934,00
12.02.2015;12,10;12,47;12,08;12,16;779471,00
13.02.2015;11,50;11,56;11,30;11,32;3947196,00
16.02.2015;11,35;11,45;11,27;11,27;588443,00
17.02.2015;11,25;11,51;11,23;11,49;885673,00
18.02.2015;11,53;11,65;11,53;11,62;492103,00
19.02.2015;11,63;11,81;11,39;11,79;596733,00
20.02.2015;11,79;11,86;11,61;11,65;454500,00
23.02.2015;11,78;11,81;11,61;11,70;343023,00
24.02.2015;11,75;11,77;11,59;11,69;321765,00
25.02.2015;11,68;11,74;11,51;11,59;272654,00
26.02.2015;11,60;11,79;11,54;11,78;316587,00
27.02.2015;11,80;11,80;11,67;11,79;292390,00
02.03.2015;11,77;11,99;11,65;11,90;503768,00
03.03.2015;11,95;12,10;11,68;11,68;442105,00
04.03.2015;11,79;11,85;11,53;11,69;325314,00
05.03.2015;11,82;12,02;11,76;11,90;511315,00
06.03.2015;11,90;11,90;11,66;11,75;305328,00
09.03.2015;11,75;11,79;11,50;11,52;428995,00
10.03.2015;11,53;11,58;11,10;11,16;696896,00
11.03.2015;11,16;11,34;11,14;11,14;486013,00
12.03.2015;11,20;11,66;11,18;11,52;1008710,00
13.03.2015;11,59;11,69;11,46;11,60;415304,00
16.03.2015;11,60;11,67;11,42;11,48;362841,00
17.03.2015;11,47;11,49;11,20;11,34;563347,00
18.03.2015;11,35;11,40;11,17;11,21;371685,00
19.03.2015;11,25;11,92;11,25;11,79;987111,00
20.03.2015;11,89;12,05;11,74;11,83;925464,00
23.03.2015;11,80;11,80;11,50;11,59;962896,00
24.03.2015;11,59;11,69;11,53;11,65;342938,00
25.03.2015;11,67;11,81;11,64;11,77;342955,00
26.03.2015;11,69;11,71;11,43;11,64;381174,00
27.03.2015;11,76;11,79;11,33;11,39;477771,00
30.03.2015;11,25;11,36;11,15;11,27;399549,00
31.03.2015;11,28;11,42;11,11;11,16;490041,00
01.04.2015;11,10;11,45;11,05;11,33;582298,00
02.04.2015;11,17;11,50;11,06;11,50;477987,00
07.04.2015;11,48;11,80;11,48;11,75;350637,00
08.04.2015;11,74;11,97;11,70;11,82;383426,00
09.04.2015;11,85;11,95;11,73;11,87;267946,00
10.04.2015;11,87;11,97;11,82;11,96;262639,00
13.04.2015;11,96;12,20;11,94;12,13;380603,00
14.04.2015;12,04;12,12;11,85;11,91;306450,00
15.04.2015;11,97;12,20;11,96;12,11;798403,00
16.04.2015;12,15;12,19;11,81;11,87;333888,00
17.04.2015;11,87;11,87;11,37;11,45;546945,00
20.04.2015;11,44;11,65;11,27;11,28;316158,00
21.04.2015;11,31;11,45;11,26;11,35;375593,00
22.04.2015;11,36;11,49;11,15;11,16;385444,00
23.04.2015;11,17;11,23;10,81;10,89;399413,00
24.04.2015;10,95;11,08;10,91;10,96;286105,00
27.04.2015;10,96;11,08;10,81;11,02;203088,00
28.04.2015;10,98;11,00;10,54;10,68;299917,00
29.04.2015;10,79;10,94;9,81;10,00;1284158,00
30.04.2015;10,08;10,36;9,82;10,34;703811,00
04.05.2015;10,34;10,70;10,31;10,67;543463,00
05.05.2015;10,66;10,68;10,31;10,37;825677,00
06.05.2015;10,37;10,49;10,16;10,36;673058,00
07.05.2015;10,25;10,40;9,97;10,32;641544,00
08.05.2015;10,38;10,49;10,12;10,48;487185,00
11.05.2015;10,45;10,51;10,21;10,33;452162,00
12.05.2015;10,21;10,24;10,00;10,23;700029,00
13.05.2015;10,15;10,32;10,12;10,29;449869,00
15.05.2015;10,40;10,72;10,35;10,43;691044,00
18.05.2015;10,50;10,50;10,22;10,46;400686,00
19.05.2015;10,45;10,60;10,41;10,60;511333,00
20.05.2015;10,51;10,95;10,50;10,91;574996,00
21.05.2015;10,85;10,99;10,72;10,92;485361,00
22.05.2015;10,80;11,00;10,77;10,93;307147,00
25.05.2015;10,89;11,03;10,85;10,92;216323,00
26.05.2015;10,94;11,11;10,75;10,94;338464,00
27.05.2015;10,87;10,91;10,74;10,79;335822,00
28.05.2015;10,71;10,76;10,51;10,63;379913,00
29.05.2015;10,58;10,58;10,20;10,20;601584,00
01.06.2015;10,21;10,38;10,20;10,25;309759,00
02.06.2015;10,33;10,56;10,30;10,50;335345,00
03.06.2015;10,45;10,60;10,40;10,48;294755,00
04.06.2015;10,43;10,48;10,22;10,35;251515,00
05.06.2015;10,30;10,40;10,09;10,35;340092,00
08.06.2015;10,25;10,47;9,93;10,02;579612,00
09.06.2015;10,00;10,20;9,88;10,19;328599,00
10.06.2015;10,15;10,47;10,04;10,47;370424,00
11.06.2015;10,29;10,39;9,91;9,96;476317,00
12.06.2015;10,00;10,01;9,76;9,82;911098,00
15.06.2015;9,78;9,86;9,65;9,85;509198,00
16.06.2015;9,75;10,39;9,58;10,37;665526,00
17.06.2015;10,26;10,28;9,91;10,10;503317,00
18.06.2015;10,08;10,18;9,78;10,18;1824275,00
22.06.2015;10,44;10,61;10,32;10,48;461946,00
23.06.2015;10,53;10,57;10,33;10,42;224010,00
24.06.2015;10,42;10,50;10,29;10,45;216894,00
25.06.2015;10,31;10,50;10,31;10,39;138137,00
26.06.2015;10,42;10,56;10,24;10,53;162455,00
29.06.2015;10,12;10,44;10,00;10,21;247230,00
30.06.2015;10,16;10,18;9,96;10,08;235464,00
01.07.2015;10,05;10,32;10,03;10,06;216798,00
02.07.2015;10,05;10,05;9,91;9,92;210607,00
03.07.2015;9,94;9,97;9,82;9,85;110269,00
06.07.2015;9,65;9,80;9,64;9,68;207306,00
07.07.2015;9,67;9,70;9,38;9,40;254327,00
08.07.2015;9,40;9,56;9,31;9,48;217128,00
09.07.2015;9,51;9,82;9,50;9,75;191947,00
10.07.2015;9,94;9,94;9,72;9,86;208498,00
13.07.2015;9,90;10,04;9,90;10,02;172754,00
14.07.2015;10,02;10,09;9,89;10,05;213245,00
15.07.2015;10,05;10,09;9,90;9,94;129778,00
16.07.2015;10,01;10,13;9,90;10,13;109653,00
17.07.2015;10,12;10,40;10,10;10,37;196776,00
20.07.2015;10,34;10,68;10,34;10,57;159221,00
21.07.2015;10,59;10,74;10,40;10,45;192409,00
22.07.2015;10,33;10,40;10,18;10,23;102396,00
23.07.2015;10,26;10,31;10,05;10,08;123869,00
24.07.2015;10,03;10,21;10,03;10,12;202710,00
27.07.2015;10,04;10,09;9,90;9,95;163089,00
28.07.2015;9,95;9,99;9,88;9,96;138487,00
29.07.2015;10,17;10,17;9,77;9,91;266694,00
30.07.2015;9,99;10,92;9,93;10,78;708797,00
31.07.2015;10,83;10,96;10,63;10,76;498375,00
03.08.2015;10,76;11,14;10,75;11,02;911628,00
04.08.2015;11,00;11,10;10,92;11,01;179556,00
05.08.2015;11,00;11,23;10,82;11,15;351224,00
06.08.2015;11,20;11,20;10,86;10,90;308928,00
07.08.2015;10,90;10,95;10,76;10,80;142165,00
10.08.2015;10,80;10,92;10,63;10,80;192157,00
11.08.2015;10,80;10,80;10,45;10,52;256954,00
12.08.2015;10,51;10,51;9,96;9,96;473788,00
13.08.2015;10,14;10,28;10,10;10,22;196494,00
14.08.2015;10,23;10,26;10,14;10,22;121965,00
17.08.2015;10,21;10,29;10,12;10,27;137894,00
18.08.2015;10,26;10,40;10,25;10,31;210011,00
19.08.2015;10,32;10,32;10,02;10,14;187166,00
20.08.2015;10,02;10,23;9,92;9,96;312719,00
21.08.2015;9,88;9,88;9,52;9,52;386405,00
24.08.2015;9,27;9,47;8,87;9,04;360532,00
25.08.2015;9,10;9,35;9,00;9,10;459156,00
26.08.2015;9,02;9,03;8,76;8,90;352134,00
27.08.2015;9,15;9,23;9,05;9,06;555929,00
28.08.2015;9,15;9,23;9,13;9,18;1151020,00
31.08.2015;9,21;9,23;8,92;8,98;291923,00
01.09.2015;8,91;9,09;8,80;9,03;258564,00
02.09.2015;9,14;9,14;8,81;8,93;186757,00
03.09.2015;9,02;9,10;8,91;9,00;883306,00
04.09.2015;9,00;9,01;8,77;8,85;292489,00
07.09.2015;8,88;8,96;8,81;8,86;221024,00
08.09.2015;8,90;9,23;8,90;9,23;1907207,00
09.09.2015;9,40;9,48;9,35;9,44;586375,00
10.09.2015;9,30;9,43;9,25;9,43;250104,00
11.09.2015;9,44;9,45;9,20;9,26;102365,00
14.09.2015;9,26;9,35;9,02;9,15;182762,00
15.09.2015;9,15;9,22;8,98;9,16;239198,00
16.09.2015;9,21;9,33;9,20;9,31;171401,00
17.09.2015;9,31;9,31;9,05;9,16;162901,00
18.09.2015;9,13;9,19;8,88;9,02;304096,00
21.09.2015;8,92;9,10;8,92;9,05;134260,00
22.09.2015;9,00;9,00;8,65;8,80;488228,00
23.09.2015;8,71;8,86;8,62;8,72;246712,00
24.09.2015;8,72;8,72;8,36;8,40;574230,00
25.09.2015;8,47;8,72;8,47;8,61;334576,00
28.09.2015;8,58;8,75;8,50;8,52;364738,00
29.09.2015;8,45;8,79;8,44;8,62;288204,00
30.09.2015;8,64;8,80;8,60;8,66;290962,00
01.10.2015;8,71;8,85;8,66;8,70;199560,00
02.10.2015;8,76;9,06;8,50;8,56;467989,00
05.10.2015;8,76;9,09;8,75;9,02;236045,00
06.10.2015;9,08;9,30;9,05;9,25;234944,00
07.10.2015;9,30;9,44;9,22;9,24;299335,00
08.10.2015;9,19;9,36;9,03;9,23;402530,00
09.10.2015;9,28;9,44;9,22;9,23;530225,00
12.10.2015;9,33;9,50;9,31;9,40;281939,00
13.10.2015;9,48;9,48;9,13;9,19;201646,00
14.10.2015;9,19;9,28;9,06;9,15;180492,00
15.10.2015;9,30;9,35;9,07;9,10;104167,00
16.10.2015;9,12;9,15;8,78;8,81;173083,00
19.10.2015;8,90;8,94;8,83;8,85;262460,00
20.10.2015;8,85;8,96;8,80;8,88;240960,00
21.10.2015;8,90;9,07;8,80;9,06;526334,00
22.10.2015;9,08;9,69;9,06;9,66;345637,00
23.10.2015;9,68;9,84;9,55;9,80;289444,00
26.10.2015;9,80;9,80;9,59;9,60;312397,00
27.10.2015;9,61;9,77;9,55;9,63;403776,00
28.10.2015;9,77;9,88;9,30;9,66;812722,00
29.10.2015;9,66;9,81;9,43;9,80;598729,00
30.10.2015;9,80;9,80;9,51;9,59;560748,00
02.11.2015;9,55;9,81;9,55;9,67;285905,00
03.11.2015;9,69;9,85;9,62;9,64;257781,00
04.11.2015;9,74;10,12;9,70;10,01;428780,00
05.11.2015;10,05;10,05;9,70;9,82;427854,00
06.11.2015;9,83;9,90;9,75;9,79;297954,00
09.11.2015;9,75;10,00;9,75;9,78;147432,00
10.11.2015;9,76;9,80;9,35;9,39;349231,00
11.11.2015;9,40;9,59;9,40;9,44;241272,00
12.11.2015;9,47;9,54;9,10;9,25;320419,00
13.11.2015;9,27;9,30;9,02;9,06;318854,00
16.11.2015;9,05;9,34;8,98;9,31;389075,00
17.11.2015;9,37;9,47;9,26;9,27;193100,00
18.11.2015;9,33;9,43;9,22;9,33;183487,00
19.11.2015;9,35;9,51;9,30;9,38;177566,00
20.11.2015;9,47;9,47;9,30;9,35;212173,00
23.11.2015;9,36;9,54;9,32;9,38;222997,00
24.11.2015;9,38;9,40;9,08;9,11;257058,00
25.11.2015;9,15;9,35;9,12;9,15;299326,00
26.11.2015;9,19;9,31;9,16;9,16;137872,00
27.11.2015;9,15;9,23;9,06;9,09;139840,00
30.11.2015;9,09;9,19;9,04;9,05;456291,00
01.12.2015;9,06;9,24;9,06;9,23;328084,00
02.12.2015;9,30;9,65;9,30;9,61;563767,00
03.12.2015;9,60;9,74;9,23;9,27;410571,00
04.12.2015;9,35;9,46;9,23;9,27;223535,00
07.12.2015;9,36;9,54;9,10;9,11;192222,00
08.12.2015;9,12;9,12;9,00;9,01;422242,00
09.12.2015;9,06;9,06;8,75;8,96;408270,00
10.12.2015;8,97;9,18;8,84;9,14;420811,00
11.12.2015;9,12;9,19;8,85;8,88;407342,00
14.12.2015;9,00;9,00;8,62;8,66;290922,00
15.12.2015;8,69;8,89;8,65;8,74;266127,00
16.12.2015;8,84;9,06;8,75;9,02;257003,00
17.12.2015;9,12;9,28;9,12;9,20;362628,00
18.12.2015;9,20;9,20;8,81;8,85;295228,00
21.12.2015;8,86;8,90;8,72;8,81;287363,00
22.12.2015;8,81;8,82;8,65;8,74;201785,00
23.12.2015;8,83;8,98;8,81;8,98;181262,00
28.12.2015;9,00;9,00;8,75;8,88;126949,00
29.12.2015;8,88;9,00;8,86;9,00;150022,00
30.12.2015;9,03;9,04;8,86;8,90;175995,00
04.01.2016;8,82;8,82;8,55;8,68;250976,00
05.01.2016;8,69;8,94;8,62;8,94;352840,00
07.01.2016;8,74;8,74;8,42;8,56;605811,00
08.01.2016;8,65;8,73;8,40;8,44;479565,00
11.01.2016;8,54;8,84;8,45;8,59;505314,00
12.01.2016;8,60;8,75;8,46;8,69;303892,00
13.01.2016;8,85;8,98;8,72;8,81;362484,00
14.01.2016;8,70;8,74;8,51;8,64;251411,00
15.01.2016;8,70;8,80;8,21;8,35;339595,00
18.01.2016;8,35;8,62;8,33;8,58;322527,00
19.01.2016;8,73;8,87;8,53;8,60;249968,00
20.01.2016;8,50;8,50;8,20;8,23;426006,00
21.01.2016;8,34;8,52;8,07;8,49;545370,00
22.01.2016;8,72;9,03;8,67;8,91;391727,00
25.01.2016;8,95;9,08;8,78;8,99;312636,00
26.01.2016;8,90;9,16;8,82;9,16;317958,00
27.01.2016;9,15;9,24;9,00;9,11;256401,00
28.01.2016;9,10;9,27;8,85;8,88;480233,00
29.01.2016;9,10;9,22;8,91;9,14;279040,00
01.02.2016;9,13;9,16;8,98;9,06;245282,00
02.02.2016;9,06;9,08;8,55;8,58;335214,00
03.02.2016;8,61;8,92;8,38;8,53;560758,00
04.02.2016;8,61;8,88;8,46;8,83;336745,00
05.02.2016;8,80;9,10;8,78;9,00;395900,00
08.02.2016;9,02;9,09;8,51;8,60;413227,00
09.02.2016;8,65;8,92;8,15;8,43;765475,00
10.02.2016;8,56;8,73;8,34;8,64;399229,00
11.02.2016;8,50;8,57;8,26;8,26;358037,00
12.02.2016;8,30;8,46;8,21;8,31;376461,00
15.02.2016;8,51;8,72;8,51;8,69;348709,00
16.02.2016;8,80;8,86;8,68;8,70;401233,00
17.02.2016;8,73;9,08;8,68;8,99;307544,00
18.02.2016;9,03;9,19;8,93;9,12;306563,00
19.02.2016;9,12;9,24;9,01;9,08;297352,00
22.02.2016;9,19;9,56;9,17;9,48;525425,00
23.02.2016;9,45;9,45;9,29;9,32;282405,00
24.02.2016;9,30;9,39;9,22;9,31;498448,00
25.02.2016;9,40;9,48;9,25;9,35;345678,00
26.02.2016;9,45;9,64;9,40;9,57;331833,00
29.02.2016;9,50;9,62;9,48;9,59;251132,00
01.03.2016;9,59;9,82;9,55;9,81;435318,00
02.03.2016;9,82;9,97;9,52;9,57;293279,00
03.03.2016;9,65;9,71;9,55;9,68;242749,00
04.03.2016;9,68;9,80;9,65;9,71;9608244,00
07.03.2016;9,70;10,06;9,61;10,05;615588,00
08.03.2016;10,00;10,00;9,67;9,71;309170,00
09.03.2016;9,78;9,78;9,60;9,64;250727,00
10.03.2016;9,62;9,72;9,35;9,35;587700,00
11.03.2016;9,43;9,59;9,41;9,49;228501,00
14.03.2016;9,60;9,77;9,58;9,74;277131,00
15.03.2016;9,75;9,80;9,49;9,52;371591,00
16.03.2016;9,52;9,58;9,38;9,55;599878,00
17.03.2016;9,58;9,74;9,40;9,71;316819,00
18.03.2016;9,77;9,91;9,72;9,90;557290,00
21.03.2016;9,83;9,96;9,75;9,77;255561,00
22.03.2016;9,83;9,94;9,72;9,93;317477,00
23.03.2016;9,54;9,65;9,48;9,52;232816,00
24.03.2016;9,45;9,49;9,33;9,35;246925,00
29.03.2016;9,36;9,48;9,24;9,28;190529,00
30.03.2016;9,46;9,85;9,44;9,78;360987,00
31.03.2016;9,79;9,80;9,60;9,68;1038580,00
01.04.2016;9,62;9,74;9,47;9,53;282001,00
04.04.2016;9,60;9,81;9,50;9,72;274522,00
05.04.2016;9,57;9,69;9,34;9,41;329707,00
06.04.2016;9,47;9,47;9,31;9,40;125362,00
07.04.2016;9,40;9,50;9,31;9,32;125708,00
08.04.2016;9,40;9,48;9,30;9,40;299269,00
11.04.2016;9,48;9,65;9,42;9,54;309037,00
12.04.2016;9,55;9,56;9,34;9,50;772872,00
13.04.2016;9,60;9,78;9,60;9,73;268881,00
14.04.2016;9,79;9,85;9,73;9,78;411688,00
15.04.2016;9,78;9,86;9,70;9,71;207264,00
18.04.2016;9,63;9,84;9,56;9,83;197689,00
19.04.2016;9,80;10,09;9,80;9,98;397698,00
20.04.2016;10,00;10,10;9,94;10,09;261367,00
21.04.2016;10,12;10,36;10,09;10,34;764718,00
22.04.2016;10,34;10,35;10,16;10,30;361521,00
25.04.2016;10,30;10,35;10,19;10,35;308797,00
26.04.2016;10,35;10,43;10,21;10,34;290891,00
27.04.2016;10,30;10,89;10,16;10,57;845698,00
28.04.2016;10,61;10,88;10,53;10,63;637369,00
29.04.2016;10,57;10,97;10,53;10,95;766263,00
02.05.2016;10,95;10,95;10,59;10,67;255017,00
03.05.2016;10,66;10,69;10,54;10,56;531226,00
04.05.2016;10,60;10,60;10,40;10,50;215087,00
06.05.2016;10,48;10,96;10,40;10,92;425037,00
09.05.2016;10,90;11,07;10,82;11,02;701098,00
10.05.2016;11,02;11,08;10,72;10,83;376104,00
11.05.2016;10,88;10,89;10,77;10,87;215864,00
12.05.2016;10,85;10,86;10,67;10,71;554606,00
13.05.2016;10,70;10,77;10,62;10,74;191442,00
16.05.2016;10,73;11,07;10,65;10,97;211816,00
17.05.2016;10,94;11,01;10,80;10,87;282983,00
18.05.2016;10,77;10,95;10,76;10,89;231780,00
19.05.2016;10,90;10,95;10,63;10,69;237698,00
20.05.2016;10,68;10,94;10,68;10,89;182948,00
23.05.2016;10,85;10,92;10,65;10,83;391894,00
24.05.2016;10,75;11,00;10,73;10,97;225927,00
25.05.2016;11,00;11,04;10,88;10,96;220087,00
26.05.2016;10,95;11,18;10,86;11,15;244772,00
27.05.2016;11,15;11,17;10,88;10,92;186190,00
30.05.2016;10,90;10,95;10,77;10,87;179300,00
31.05.2016;10,80;11,14;10,80;11,10;356545,00
01.06.2016;11,09;11,09;10,83;10,96;233646,00
02.06.2016;10,88;11,12;10,88;11,05;148918,00
03.06.2016;11,00;11,18;10,90;10,95;176965,00
06.06.2016;10,95;11,20;10,95;11,15;222533,00
07.06.2016;11,15;11,34;11,13;11,31;233269,00
08.06.2016;11,28;11,39;11,23;11,38;213988,00
09.06.2016;11,26;11,35;11,12;11,20;508905,00
10.06.2016;11,14;11,19;10,90;10,92;189534,00
13.06.2016;10,88;10,89;10,59;10,66;305580,00
14.06.2016;10,60;10,64;10,45;10,51;287991,00
15.06.2016;10,50;10,71;10,42;10,65;658387,00
16.06.2016;10,60;10,96;10,60;10,85;1285885,00
17.06.2016;10,96;11,14;10,86;11,09;604964,00
20.06.2016;11,20;11,61;11,19;11,60;475052,00
21.06.2016;11,55;12,12;11,45;12,12;829001,00
22.06.2016;12,12;12,33;12,08;12,20;564661,00
23.06.2016;12,11;12,51;12,11;12,42;331525,00
27.06.2016;11,43;12,33;11,36;11,39;698985,00
28.06.2016;11,63;11,69;11,28;11,41;563192,00
29.06.2016;11,60;11,73;11,30;11,67;713647,00
30.06.2016;11,65;11,97;11,60;11,95;370363,00
01.07.2016;12,00;12,20;11,89;12,14;287356,00
04.07.2016;12,20;12,21;11,93;11,95;203147,00
05.07.2016;11,99;11,99;11,63;11,68;221918,00
06.07.2016;11,62;11,62;11,26;11,40;322551,00
07.07.2016;11,44;11,58;11,38;11,48;268992,00
08.07.2016;11,46;11,65;11,30;11,61;376018,00
11.07.2016;11,66;12,02;11,64;12,00;419256,00
12.07.2016;12,00;12,09;11,93;12,01;275786,00
13.07.2016;12,00;12,10;11,89;12,02;336153,00
14.07.2016;12,02;12,09;11,93;11,99;293586,00
15.07.2016;11,90;12,06;11,85;12,01;191724,00
18.07.2016;11,99;12,09;11,91;11,99;215802,00
19.07.2016;12,03;12,26;11,87;12,20;296307,00
20.07.2016;12,23;12,30;12,11;12,23;232794,00
21.07.2016;12,20;12,30;12,02;12,14;314645,00
22.07.2016;12,13;12,32;12,07;12,17;223469,00
25.07.2016;12,17;12,42;12,17;12,32;230798,00
26.07.2016;12,22;12,39;12,05;12,13;401563,00
27.07.2016;12,17;12,35;12,11;12,21;386184,00
28.07.2016;12,30;12,35;11,54;11,60;1157588,00
29.07.2016;11,60;11,71;11,06;11,68;770377,00
01.08.2016;11,71;11,75;11,41;11,47;387544,00
02.08.2016;11,49;11,61;11,30;11,49;350312,00
03.08.2016;11,50;11,52;11,30;11,37;288898,00
04.08.2016;11,37;11,55;11,33;11,52;349485,00
05.08.2016;11,52;11,60;11,43;11,52;276279,00
08.08.2016;11,51;11,62;11,43;11,61;203889,00
09.08.2016;11,62;12,11;11,56;12,08;512606,00
10.08.2016;12,01;12,02;11,81;11,94;180910,00
11.08.2016;11,94;12,05;11,91;12,01;96650,00
12.08.2016;11,92;12,08;11,92;12,02;411030,00
15.08.2016;12,00;12,06;11,86;11,99;276617,00
16.08.2016;11,92;11,92;11,74;11,76;449536,00
17.08.2016;11,78;11,80;11,58;11,58;270822,00
18.08.2016;11,60;12,03;11,60;11,95;269870,00
19.08.2016;12,01;12,01;11,81;11,93;305687,00
22.08.2016;12,00;12,08;11,81;11,87;245758,00
23.08.2016;11,92;12,01;11,81;12,00;222966,00
24.08.2016;12,00;12,06;11,85;11,99;392142,00
25.08.2016;11,96;12,08;11,89;12,00;389846,00
26.08.2016;12,00;12,15;11,95;12,15;277222,00
29.08.2016;12,10;12,10;11,95;12,05;106284,00
30.08.2016;12,05;12,19;12,04;12,14;374977,00
31.08.2016;12,14;12,14;11,94;11,97;469259,00
01.09.2016;12,00;12,32;11,98;12,17;441823,00
02.09.2016;12,20;12,70;12,17;12,44;833427,00
05.09.2016;12,44;12,87;12,43;12,69;441663,00
06.09.2016;12,69;13,19;12,68;12,94;671123,00
07.09.2016;12,90;13,17;12,86;12,96;455959,00
08.09.2016;13,01;13,19;13,01;13,07;455882,00
09.09.2016;13,10;13,16;12,85;12,92;361854,00
12.09.2016;12,80;12,80;12,64;12,75;353526,00
13.09.2016;12,88;13,00;12,65;12,65;415283,00
14.09.2016;12,70;13,26;12,70;13,09;723250,00
15.09.2016;13,13;13,28;13,02;13,27;406314,00
16.09.2016;13,27;13,30;12,98;13,08;398497,00
19.09.2016;13,22;13,39;13,21;13,26;232840,00
20.09.2016;13,20;13,36;13,18;13,21;272169,00
21.09.2016;13,30;13,49;13,26;13,31;392946,00
22.09.2016;13,43;13,63;13,43;13,60;349468,00
23.09.2016;13,60;13,60;13,33;13,42;365009,00
26.09.2016;13,39;13,39;13,07;13,15;381817,00
27.09.2016;13,22;13,30;13,04;13,19;337337,00
28.09.2016;13,25;13,36;13,21;13,29;212267,00
29.09.2016;13,40;13,42;13,27;13,30;367605,00
30.09.2016;13,21;13,39;13,07;13,39;316281,00
03.10.2016;13,38;13,38;13,16;13,22;545318,00
04.10.2016;13,20;13,32;13,16;13,27;380386,00
05.10.2016;13,20;13,31;13,08;13,28;300229,00
06.10.2016;13,30;13,30;13,14;13,17;188889,00
07.10.2016;13,14;13,14;12,92;12,94;262972,00
10.10.2016;12,90;13,05;12,90;13,02;155027,00
11.10.2016;13,05;13,05;12,84;12,89;260947,00
12.10.2016;12,88;12,97;12,78;12,86;213111,00
13.10.2016;12,82;12,84;12,68;12,74;265823,00
14.10.2016;12,80;12,83;12,70;12,82;160786,00
17.10.2016;12,82;12,90;12,72;12,72;207139,00
18.10.2016;12,73;13,24;12,73;13,20;540898,00
19.10.2016;13,25;13,25;13,07;13,18;273675,00
20.10.2016;13,20;13,23;13,05;13,13;226793,00
21.10.2016;13,22;13,23;13,02;13,11;198665,00
24.10.2016;13,11;13,22;13,09;13,11;154167,00
25.10.2016;13,14;13,14;12,80;12,83;270981,00
26.10.2016;12,80;12,83;12,62;12,78;385085,00
27.10.2016;12,80;13,08;12,47;12,94;927147,00
28.10.2016;12,86;13,62;12,66;13,45;653538,00
31.10.2016;13,45;13,60;13,40;13,53;382190,00
01.11.2016;13,55;13,83;13,55;13,77;471806,00
02.11.2016;13,75;13,78;13,62;13,70;1152331,00
03.11.2016;13,73;13,94;13,65;13,88;465149,00
04.11.2016;13,87;14,24;13,85;13,92;666928,00
07.11.2016;14,02;14,25;13,88;13,92;379311,00
08.11.2016;13,97;14,24;13,97;14,14;331617,00
09.11.2016;13,49;14,46;13,44;14,46;947350,00
10.11.2016;14,54;15,06;14,53;14,99;805288,00
11.11.2016;15,00;15,00;14,23;14,41;527856,00
14.11.2016;14,44;14,71;14,23;14,35;463950,00
15.11.2016;14,35;14,70;14,23;14,57;378693,00
16.11.2016;14,57;14,87;14,57;14,68;314995,00
17.11.2016;14,51;14,54;14,07;14,22;392851,00
18.11.2016;14,35;14,45;14,17;14,21;387839,00
21.11.2016;14,36;14,39;14,12;14,15;388264,00
22.11.2016;14,15;14,47;14,15;14,43;301303,00
