date;open;high;low;close;volume
02.12.2015;8,76;9,21;8,09;8,37;126515,00
03.12.2015;8,43;8,50;8,37;8,40;41720,00
04.12.2015;8,36;8,45;8,30;8,30;13039,00
07.12.2015;8,40;8,45;8,31;8,31;23216,00
08.12.2015;8,35;8,43;8,35;8,35;2440,00
09.12.2015;8,38;8,38;8,20;8,20;6200,00
10.12.2015;8,25;8,28;8,20;8,20;5550,00
11.12.2015;8,20;8,20;8,20;8,20;5760,00
14.12.2015;8,25;8,25;8,20;8,20;1559,00
15.12.2015;8,20;8,25;8,18;8,20;14710,00
16.12.2015;8,16;8,20;7,96;8,20;16583,00
17.12.2015;8,19;8,20;8,10;8,12;3452,00
18.12.2015;8,15;8,15;8,10;8,10;2076,00
21.12.2015;8,15;8,15;8,00;8,00;3875,00
22.12.2015;7,97;8,02;7,95;7,97;2538,00
23.12.2015;7,97;8,07;7,96;8,07;3477,00
28.12.2015;8,02;8,18;8,00;8,18;1637,00
29.12.2015;8,14;8,19;8,05;8,15;3137,00
30.12.2015;8,18;8,20;8,16;8,19;3800,00
04.01.2016;8,09;8,09;7,86;8,02;5850,00
05.01.2016;8,00;8,00;7,92;7,92;218,00
07.01.2016;7,86;7,88;7,50;7,85;9966,00
08.01.2016;7,85;8,00;7,85;7,90;413,00
11.01.2016;7,90;7,90;7,86;7,87;3175,00
12.01.2016;7,99;7,99;7,86;7,86;856,00
13.01.2016;7,87;7,87;7,86;7,86;488,00
14.01.2016;7,86;7,86;7,59;7,60;2635,00
15.01.2016;7,60;7,60;7,30;7,30;1596,00
18.01.2016;7,46;7,59;7,35;7,40;860,00
19.01.2016;7,40;7,60;7,40;7,60;740,00
20.01.2016;7,80;7,80;7,69;7,70;2144,00
21.01.2016;7,70;7,70;7,50;7,60;605,00
22.01.2016;7,56;7,56;7,48;7,50;1376,00
25.01.2016;7,80;7,85;7,70;7,72;9555,00
26.01.2016;7,78;7,78;7,55;7,65;21404,00
27.01.2016;7,60;7,64;7,58;7,58;1344,00
28.01.2016;7,60;7,63;7,60;7,63;1312,00
29.01.2016;7,65;7,65;7,56;7,56;1770,00
01.02.2016;7,56;7,63;7,51;7,51;2150,00
02.02.2016;7,51;7,51;7,50;7,50;1217,00
03.02.2016;7,45;7,45;7,40;7,40;673,00
04.02.2016;7,41;7,41;7,14;7,30;1489,00
05.02.2016;7,25;7,25;7,25;7,25;250,00
08.02.2016;7,26;7,26;7,00;7,03;2907,00
09.02.2016;7,10;7,10;7,00;7,10;1013,00
10.02.2016;7,20;7,30;7,20;7,20;800,00
11.02.2016;7,20;7,20;6,88;6,95;4778,00
12.02.2016;7,00;7,13;6,93;7,13;3508,00
15.02.2016;7,25;7,25;7,10;7,19;758,00
16.02.2016;7,19;7,19;7,07;7,07;1210,00
17.02.2016;7,19;7,20;7,11;7,20;3293,00
18.02.2016;7,15;7,20;7,00;7,20;3999,00
19.02.2016;7,05;7,09;6,97;7,00;2119,00
22.02.2016;7,00;7,08;7,00;7,08;1563,00
23.02.2016;7,09;7,14;7,09;7,14;860,00
24.02.2016;7,14;7,14;7,00;7,00;2040,00
25.02.2016;7,13;7,24;7,11;7,21;1575,00
26.02.2016;7,21;7,21;7,21;7,21;0,00
29.02.2016;7,10;7,11;7,05;7,10;1233,00
01.03.2016;7,10;7,12;7,02;7,03;3053,00
02.03.2016;7,08;7,40;7,08;7,20;51242,00
03.03.2016;7,25;7,25;7,10;7,25;943,00
04.03.2016;7,40;7,40;7,09;7,09;4449,00
07.03.2016;7,19;7,31;7,19;7,31;3378,00
08.03.2016;7,31;7,38;7,22;7,38;6420,00
09.03.2016;6,98;6,99;6,83;6,83;15315,00
10.03.2016;6,93;6,93;6,79;6,79;6554,00
11.03.2016;6,77;6,85;6,75;6,75;2046,00
14.03.2016;6,76;6,86;6,75;6,76;4184,00
15.03.2016;6,75;6,75;6,61;6,65;2433,00
16.03.2016;6,66;6,71;6,66;6,70;1206,00
17.03.2016;6,79;6,79;6,79;6,79;130,00
18.03.2016;6,70;6,95;6,70;6,79;9549,00
21.03.2016;6,88;6,95;6,88;6,94;2225,00
22.03.2016;6,88;6,94;6,88;6,94;202,00
23.03.2016;6,94;6,95;6,88;6,88;1056,00
24.03.2016;6,87;6,87;6,72;6,72;155,00
29.03.2016;6,75;6,77;6,70;6,70;443,00
30.03.2016;6,80;6,80;6,70;6,70;1798,00
31.03.2016;6,70;6,70;6,70;6,70;8756,00
01.04.2016;6,62;6,65;6,60;6,65;3121,00
04.04.2016;6,65;6,65;6,62;6,62;852,00
05.04.2016;6,62;6,79;6,62;6,75;1453,00
06.04.2016;6,75;6,79;6,70;6,70;20740,00
07.04.2016;6,72;6,72;6,71;6,71;1418,00
08.04.2016;6,71;6,72;6,71;6,72;1844,00
11.04.2016;6,72;6,95;6,72;6,95;1448,00
12.04.2016;6,95;6,95;6,95;6,95;0,00
13.04.2016;6,80;6,95;6,80;6,95;2502,00
14.04.2016;6,95;6,95;6,95;6,95;459,00
15.04.2016;6,77;6,78;6,75;6,77;1742,00
18.04.2016;6,77;6,99;6,77;6,97;241,00
19.04.2016;6,95;6,95;6,79;6,81;28666,00
20.04.2016;6,83;6,87;6,82;6,82;1400,00
21.04.2016;6,89;6,93;6,86;6,86;19840,00
22.04.2016;6,86;6,86;6,84;6,84;2041,00
25.04.2016;6,80;6,80;6,80;6,80;20417,00
26.04.2016;6,85;6,85;6,80;6,85;1408,00
27.04.2016;6,89;6,89;6,85;6,88;361,00
28.04.2016;6,92;6,92;6,80;6,80;608,00
29.04.2016;6,75;6,82;6,75;6,81;1363,00
02.05.2016;6,80;6,82;6,80;6,82;447,00
03.05.2016;6,90;6,90;6,77;6,77;372,00
04.05.2016;6,80;6,82;6,80;6,82;1430,00
06.05.2016;6,81;6,81;6,77;6,77;991,00
09.05.2016;6,81;6,81;6,77;6,77;2808,00
10.05.2016;6,80;6,80;6,77;6,77;604,00
11.05.2016;6,77;6,77;6,65;6,66;11922,00
12.05.2016;6,76;6,76;6,69;6,70;2970,00
13.05.2016;6,72;6,75;6,72;6,75;305,00
16.05.2016;6,77;6,77;6,75;6,75;1373,00
17.05.2016;6,74;6,74;6,74;6,74;236,00
18.05.2016;6,73;6,74;6,72;6,73;700,00
19.05.2016;6,73;6,73;6,72;6,72;118,00
20.05.2016;6,73;6,75;6,65;6,65;3477,00
23.05.2016;6,75;6,75;6,71;6,75;829,00
24.05.2016;6,72;6,72;6,68;6,68;1153,00
25.05.2016;6,68;6,75;6,68;6,72;2397,00
26.05.2016;6,72;6,72;6,72;6,72;0,00
27.05.2016;6,70;6,70;6,68;6,68;738,00
30.05.2016;6,65;6,67;6,60;6,67;1480,00
31.05.2016;6,67;6,69;6,66;6,69;1700,00
01.06.2016;6,66;6,66;6,63;6,66;819,00
02.06.2016;6,70;6,70;6,64;6,69;1133,00
03.06.2016;6,71;6,71;6,71;6,71;104,00
06.06.2016;6,71;6,71;6,71;6,71;198,00
07.06.2016;6,71;6,71;6,70;6,71;1307,00
08.06.2016;6,70;6,70;6,70;6,70;1500,00
09.06.2016;6,70;6,75;6,70;6,71;1517,00
10.06.2016;6,71;6,71;6,71;6,71;232,00
13.06.2016;6,71;6,71;6,70;6,71;3612,00
14.06.2016;6,70;6,70;6,70;6,70;957,00
15.06.2016;6,70;6,72;6,70;6,71;2977,00
16.06.2016;6,71;6,77;6,70;6,70;20514,00
17.06.2016;6,71;6,73;6,70;6,73;2260,00
20.06.2016;6,73;6,73;6,73;6,73;0,00
21.06.2016;6,71;6,71;6,70;6,70;595,00
22.06.2016;6,71;6,71;6,71;6,71;100,00
23.06.2016;6,71;6,71;6,70;6,70;640,00
27.06.2016;6,60;6,70;6,57;6,70;2380,00
28.06.2016;6,70;6,70;6,70;6,70;0,00
29.06.2016;6,63;6,63;6,63;6,63;197,00
30.06.2016;6,63;6,64;6,63;6,63;1502,00
01.07.2016;6,65;6,75;6,65;6,75;1252,00
04.07.2016;6,75;6,75;6,75;6,75;0,00
05.07.2016;6,68;6,70;6,68;6,68;338,00
06.07.2016;6,71;6,71;6,70;6,70;295,00
07.07.2016;6,67;6,79;6,67;6,70;969,00
08.07.2016;6,69;6,71;6,69;6,71;1109,00
11.07.2016;6,79;6,85;6,79;6,85;931,00
12.07.2016;6,83;6,87;6,76;6,87;1322,00
13.07.2016;6,88;7,00;6,88;7,00;1029,00
14.07.2016;7,00;7,00;6,85;6,87;1737,00
15.07.2016;6,87;7,00;6,87;6,95;16237,00
18.07.2016;6,71;6,71;6,71;6,71;90,00
19.07.2016;6,73;6,89;6,73;6,89;78,00
20.07.2016;6,72;6,80;6,72;6,80;326,00
21.07.2016;6,80;6,84;6,76;6,79;1435,00
22.07.2016;6,79;6,79;6,76;6,76;248,00
25.07.2016;6,77;6,77;6,77;6,77;250,00
26.07.2016;6,76;6,77;6,76;6,76;1082,00
27.07.2016;6,77;6,77;6,77;6,77;536,00
28.07.2016;6,77;6,77;6,76;6,76;101,00
29.07.2016;6,79;6,79;6,79;6,79;312,00
01.08.2016;6,77;6,79;6,77;6,79;578,00
02.08.2016;6,77;6,80;6,77;6,79;603,00
03.08.2016;6,79;6,79;6,79;6,79;0,00
04.08.2016;6,78;6,84;6,78;6,84;871,00
05.08.2016;6,81;6,89;6,81;6,89;905,00
08.08.2016;6,81;6,81;6,81;6,81;2940,00
09.08.2016;6,82;6,88;6,73;6,88;3558,00
10.08.2016;6,88;6,88;6,86;6,88;700,00
11.08.2016;6,76;6,85;6,75;6,85;857,00
12.08.2016;6,85;6,85;6,85;6,85;300,00
15.08.2016;6,85;6,88;6,85;6,88;3845,00
16.08.2016;6,79;6,85;6,79;6,82;1352,00
17.08.2016;6,82;6,82;6,82;6,82;695,00
18.08.2016;6,85;6,90;6,85;6,90;3746,00
19.08.2016;6,90;6,91;6,90;6,90;310,00
22.08.2016;6,83;6,83;6,83;6,83;234,00
23.08.2016;6,88;6,88;6,88;6,88;485,00
24.08.2016;6,90;6,95;6,90;6,90;1574,00
25.08.2016;6,90;6,90;6,90;6,90;2221,00
26.08.2016;6,90;6,95;6,90;6,95;705,00
29.08.2016;6,95;6,95;6,95;6,95;6,00
30.08.2016;6,90;6,94;6,90;6,94;11430,00
31.08.2016;6,94;6,94;6,94;6,94;0,00
01.09.2016;6,92;6,92;6,82;6,85;903,00
02.09.2016;6,82;6,83;6,82;6,82;1030,00
05.09.2016;6,82;6,99;6,82;6,97;1232,00
06.09.2016;6,97;6,97;6,97;6,97;0,00
07.09.2016;6,92;6,99;6,92;6,99;3000,00
08.09.2016;6,99;6,99;6,99;6,99;0,00
09.09.2016;6,97;6,97;6,96;6,96;54,00
12.09.2016;6,99;6,99;6,98;6,98;465,00
13.09.2016;6,98;6,98;6,98;6,98;0,00
14.09.2016;6,98;6,98;6,98;6,98;0,00
15.09.2016;6,98;7,00;6,98;7,00;11400,00
16.09.2016;7,00;7,00;7,00;7,00;0,00
19.09.2016;6,82;6,82;6,82;6,82;4,00
20.09.2016;6,90;6,90;6,87;6,87;260,00
21.09.2016;6,90;6,90;6,85;6,85;261,00
22.09.2016;6,84;6,84;6,84;6,84;283,00
23.09.2016;6,86;6,86;6,83;6,83;1593,00
26.09.2016;6,83;6,84;6,83;6,84;1090,00
27.09.2016;6,84;6,84;6,83;6,83;1305,00
28.09.2016;6,83;6,83;6,75;6,80;1165,00
29.09.2016;6,80;6,80;6,80;6,80;0,00
30.09.2016;6,78;6,80;6,78;6,80;2231,00
03.10.2016;6,80;6,80;6,80;6,80;50,00
04.10.2016;6,80;6,81;6,78;6,81;1519,00
05.10.2016;6,81;6,81;6,80;6,80;704,00
06.10.2016;6,85;6,98;6,83;6,98;481,00
07.10.2016;6,98;6,98;6,98;6,98;0,00
10.10.2016;6,96;6,97;6,96;6,97;473,00
11.10.2016;6,81;6,81;6,81;6,81;36,00
12.10.2016;6,80;6,81;6,80;6,80;3050,00
13.10.2016;6,80;6,80;6,78;6,78;1439,00
14.10.2016;6,81;6,90;6,81;6,90;329,00
17.10.2016;6,89;6,91;6,80;6,80;1749,00
18.10.2016;6,81;6,81;6,80;6,81;296,00
19.10.2016;6,85;6,99;6,85;6,98;1096,00
20.10.2016;6,97;6,98;6,75;6,75;50386,00
21.10.2016;6,87;6,87;6,86;6,87;1111,00
24.10.2016;6,77;6,99;6,77;6,86;1300,00
25.10.2016;6,90;6,90;6,85;6,85;2949,00
26.10.2016;6,81;6,81;6,75;6,75;6038,00
27.10.2016;6,75;6,85;6,68;6,85;5635,00
28.10.2016;6,83;6,83;6,83;6,83;50,00
31.10.2016;6,71;6,71;6,67;6,67;100,00
01.11.2016;6,67;6,67;6,65;6,65;3965,00
02.11.2016;6,64;6,65;6,64;6,65;730,00
03.11.2016;6,67;6,68;6,67;6,68;488,00
04.11.2016;6,68;6,68;6,68;6,68;0,00
07.11.2016;6,67;6,67;6,67;6,67;300,00
08.11.2016;6,66;6,66;6,66;6,66;320,00
09.11.2016;6,66;6,66;6,66;6,66;1174,00
10.11.2016;6,66;6,66;6,60;6,60;175,00
11.11.2016;6,66;6,66;6,56;6,56;570,00
14.11.2016;6,57;6,57;6,57;6,57;500,00
15.11.2016;6,57;6,57;6,57;6,57;0,00
16.11.2016;6,60;6,64;6,60;6,61;770,00
17.11.2016;6,57;6,64;6,57;6,64;207,00
18.11.2016;6,60;6,60;6,60;6,60;200,00
21.11.2016;6,62;6,62;6,60;6,60;492,00
22.11.2016;6,65;6,72;6,65;6,68;1585,00
