date;open;high;low;close;volume
02.05.2016;4,00;4,15;3,89;4,12;22313,00
03.05.2016;4,05;4,35;4,00;4,35;55356,00
04.05.2016;4,40;4,47;4,16;4,16;8807,00
06.05.2016;4,20;4,50;4,20;4,20;9500,00
09.05.2016;4,40;4,75;4,36;4,48;30476,00
10.05.2016;4,60;5,31;4,60;5,00;62505,00
11.05.2016;5,20;5,20;4,85;4,85;13444,00
12.05.2016;5,10;5,10;4,51;4,51;9570,00
13.05.2016;4,62;5,00;4,62;4,80;21850,00
16.05.2016;4,86;5,04;4,86;4,98;11713,00
17.05.2016;4,99;5,02;4,99;5,02;6590,00
18.05.2016;5,03;5,03;5,00;5,00;4502,00
19.05.2016;5,00;5,00;4,71;4,91;8982,00
20.05.2016;4,90;5,09;4,90;5,00;9969,00
23.05.2016;5,00;5,00;4,75;4,85;2041,00
24.05.2016;4,86;4,90;4,69;4,70;4864,00
25.05.2016;4,71;4,92;4,70;4,90;8380,00
26.05.2016;4,90;4,90;4,72;4,80;8713,00
27.05.2016;4,85;4,90;4,80;4,80;22003,00
30.05.2016;4,79;4,90;4,66;4,80;4556,00
31.05.2016;4,75;4,75;4,75;4,75;6685,00
01.06.2016;4,72;4,79;4,70;4,73;7632,00
02.06.2016;4,76;4,76;4,67;4,67;7060,00
03.06.2016;4,83;4,89;4,70;4,70;15430,00
06.06.2016;4,85;4,90;4,70;4,71;4848,00
07.06.2016;4,80;4,80;4,72;4,80;806,00
08.06.2016;4,89;4,90;4,65;4,65;12440,00
09.06.2016;4,78;4,79;4,66;4,66;3355,00
10.06.2016;4,66;4,78;4,66;4,70;10809,00
13.06.2016;4,70;4,80;4,60;4,61;5448,00
14.06.2016;4,65;4,70;4,33;4,55;139542,00
15.06.2016;4,49;4,50;4,40;4,48;10004,00
16.06.2016;4,40;4,48;4,40;4,45;4688,00
17.06.2016;4,64;4,73;4,52;4,60;5341,00
20.06.2016;4,60;4,67;4,45;4,66;1728,00
21.06.2016;4,60;4,70;4,60;4,70;45059,00
22.06.2016;4,52;4,83;4,52;4,79;5588,00
23.06.2016;4,82;4,84;4,74;4,75;8719,00
27.06.2016;4,33;4,68;4,33;4,59;6464,00
28.06.2016;4,59;4,60;4,59;4,59;2452,00
29.06.2016;4,66;4,79;4,54;4,59;814,00
30.06.2016;4,65;4,65;4,60;4,62;1105,00
01.07.2016;4,65;4,72;4,64;4,64;1459,00
04.07.2016;4,63;4,73;4,57;4,73;2854,00
05.07.2016;4,73;4,79;4,70;4,79;2050,00
06.07.2016;4,79;4,80;4,79;4,80;1514,00
07.07.2016;4,75;4,80;4,75;4,80;2021,00
08.07.2016;4,70;4,80;4,70;4,80;6208,00
11.07.2016;4,85;4,92;4,71;4,85;764,00
12.07.2016;4,85;4,85;4,85;4,85;0,00
13.07.2016;4,80;4,80;4,68;4,73;1506,00
14.07.2016;4,74;4,75;4,74;4,75;295,00
15.07.2016;4,74;4,75;4,68;4,75;943,00
18.07.2016;4,68;4,68;4,65;4,65;1026,00
19.07.2016;4,64;4,75;4,55;4,55;2650,00
20.07.2016;4,54;4,69;4,54;4,69;876,00
21.07.2016;4,69;4,70;4,61;4,61;519,00
22.07.2016;4,60;4,61;4,60;4,61;178,00
25.07.2016;4,61;4,61;4,61;4,61;438,00
26.07.2016;4,60;4,85;4,56;4,58;2594,00
27.07.2016;4,58;4,84;4,58;4,70;2330,00
28.07.2016;4,70;4,93;4,70;4,93;18417,00
29.07.2016;4,85;5,03;4,85;5,03;13734,00
01.08.2016;5,03;5,32;5,03;5,32;37399,00
02.08.2016;5,31;5,80;5,25;5,32;16846,00
03.08.2016;5,32;5,32;5,20;5,24;4359,00
04.08.2016;5,24;5,38;5,20;5,35;3269,00
05.08.2016;5,30;5,52;5,23;5,50;3801,00
08.08.2016;5,49;5,49;5,20;5,34;4354,00
09.08.2016;5,50;5,74;5,20;5,25;9137,00
10.08.2016;5,20;5,34;5,18;5,25;13043,00
11.08.2016;4,98;5,44;4,97;5,18;44224,00
12.08.2016;5,20;5,24;5,15;5,20;27664,00
15.08.2016;5,20;5,30;5,20;5,25;3009,00
16.08.2016;5,18;5,30;5,18;5,26;8480,00
17.08.2016;5,20;5,30;5,20;5,22;27669,00
18.08.2016;5,28;5,35;5,28;5,35;5090,00
19.08.2016;5,32;5,44;5,32;5,39;2785,00
22.08.2016;5,40;5,40;5,21;5,21;5695,00
23.08.2016;5,29;5,29;5,25;5,25;3274,00
24.08.2016;5,30;5,30;5,20;5,30;2711,00
25.08.2016;5,26;5,39;5,26;5,39;4385,00
26.08.2016;5,45;5,45;5,31;5,31;20893,00
29.08.2016;5,35;5,40;5,32;5,40;1589,00
30.08.2016;5,47;5,48;5,36;5,45;17254,00
31.08.2016;5,50;5,50;5,39;5,40;6730,00
01.09.2016;5,36;5,70;5,36;5,60;28328,00
02.09.2016;5,70;5,70;5,60;5,67;4934,00
05.09.2016;5,70;5,70;5,64;5,66;2319,00
06.09.2016;5,66;6,68;5,66;6,00;7309,00
07.09.2016;6,19;6,19;6,02;6,14;7032,00
08.09.2016;6,14;6,47;6,01;6,27;15134,00
09.09.2016;6,39;6,39;6,15;6,35;11837,00
12.09.2016;6,35;6,35;6,06;6,20;13741,00
13.09.2016;6,47;6,47;6,20;6,20;2171,00
14.09.2016;6,43;6,43;6,16;6,40;1464,00
15.09.2016;6,45;6,45;6,01;6,38;3339,00
16.09.2016;6,38;6,38;6,10;6,32;9212,00
19.09.2016;6,29;6,47;6,20;6,47;5330,00
20.09.2016;6,11;6,44;6,11;6,32;5235,00
21.09.2016;6,32;6,32;6,01;6,27;2562,00
22.09.2016;6,40;6,45;6,32;6,40;13790,00
23.09.2016;6,31;6,42;6,30;6,42;3360,00
26.09.2016;6,39;6,39;6,30;6,34;1947,00
27.09.2016;6,39;6,39;6,08;6,32;211,00
28.09.2016;6,09;6,30;6,09;6,30;2678,00
29.09.2016;6,27;6,27;6,01;6,01;70619,00
30.09.2016;6,02;6,20;6,02;6,10;1223,00
03.10.2016;6,09;6,17;6,00;6,14;8179,00
04.10.2016;6,29;6,29;6,00;6,10;5311,00
05.10.2016;6,10;6,20;6,00;6,14;8141,00
06.10.2016;6,14;6,14;6,03;6,06;1360,00
07.10.2016;6,07;6,16;6,06;6,06;1274,00
10.10.2016;6,06;6,06;6,00;6,00;1614,00
11.10.2016;6,00;6,15;6,00;6,15;4600,00
12.10.2016;6,00;6,14;6,00;6,00;1962,00
13.10.2016;6,00;6,09;6,00;6,00;7651,00
14.10.2016;6,05;6,05;6,00;6,00;11529,00
17.10.2016;6,00;6,00;5,84;5,84;2139,00
18.10.2016;5,65;5,78;5,65;5,70;1480,00
19.10.2016;5,70;5,96;5,70;5,87;2183,00
20.10.2016;5,99;5,99;5,77;5,84;4440,00
21.10.2016;5,80;5,91;5,51;5,71;7093,00
24.10.2016;5,52;5,58;5,24;5,40;16290,00
25.10.2016;5,35;5,35;5,03;5,13;16625,00
26.10.2016;5,11;5,25;5,10;5,16;21051,00
27.10.2016;5,24;5,24;5,20;5,20;5479,00
28.10.2016;5,16;5,33;5,16;5,19;5850,00
31.10.2016;5,15;5,20;5,14;5,14;2103,00
01.11.2016;5,15;5,25;5,10;5,10;7714,00
02.11.2016;5,22;5,23;5,08;5,08;10867,00
03.11.2016;5,06;5,10;4,90;5,00;85568,00
04.11.2016;5,22;5,22;5,00;5,00;28913,00
07.11.2016;4,99;5,00;4,87;4,99;1275,00
08.11.2016;4,90;4,93;4,88;4,90;2501,00
09.11.2016;4,88;5,00;4,82;4,95;2174,00
10.11.2016;4,99;4,99;4,85;4,88;1666,00
11.11.2016;4,88;4,88;4,88;4,88;0,00
14.11.2016;4,90;4,90;4,78;4,78;13855,00
15.11.2016;4,89;4,97;4,79;4,79;2557,00
16.11.2016;4,85;4,88;4,80;4,85;29009,00
17.11.2016;4,90;4,90;4,75;4,89;1366,00
18.11.2016;4,90;4,90;4,79;4,80;3432,00
21.11.2016;4,79;4,80;4,68;4,68;1452,00
22.11.2016;4,77;4,77;4,70;4,72;2322,00
